0.045535,0.264644,0.278573
0.045535,0.264644,0.278573
0.039016,0.258125,0.272636
0.052482,0.260833,0.264369
0.055577,0.255541,0.259213
0.055577,0.255541,0.259213
0.055577,0.255541,0.259213
0.037283,0.268361,0.255629
0.057746,0.255089,0.250638
0.033652,0.266773,0.250550
0.031318,0.257946,0.247348
0.031595,0.265594,0.244148
0.031595,0.265594,0.244148
0.039443,0.275551,0.247391
0.027283,0.257265,0.234538
0.061731,0.256133,0.230158
0.025597,0.262600,0.225830
0.058500,0.270311,0.230187
0.058500,0.270311,0.230187
0.038392,-0.482481,0.333582
0.038392,-0.482481,0.333582
0.052660,0.278986,0.226762
0.052660,0.278986,0.226762
0.050108,0.281716,0.225535
0.042061,-0.440185,0.302450
0.039991,-0.445395,0.305205
0.038033,-0.447803,0.305579
0.038033,-0.447803,0.305579
0.038033,-0.447803,0.305579
0.038033,-0.447803,0.305579
0.038033,-0.447803,0.305579
0.034045,-0.458104,0.311122
0.034045,-0.458104,0.311122
0.036278,-0.437242,0.294640
0.029298,-0.463619,0.310564
0.029298,-0.463619,0.310564
0.023892,0.274431,0.213361
0.037782,0.281624,0.215933
0.064894,0.261745,0.210712
0.064894,0.261745,0.210712
0.065558,0.259360,0.209005
0.065558,0.259360,0.209005
0.031939,-0.431624,0.283951
0.045801,-0.431462,0.284438
0.045026,-0.463668,0.302832
0.033609,-0.426907,0.275939
0.033609,-0.426907,0.275939
0.033609,-0.426907,0.275939
0.030852,0.279100,0.205594
0.030852,0.279100,0.205594
0.043753,-0.477939,0.307154
0.047160,-0.461158,0.295346
0.035058,0.281530,0.205318
0.046515,-0.467228,0.297462
0.046515,-0.467228,0.297462
0.046853,-0.426369,0.270504
0.051750,-0.442689,0.279602
0.051750,-0.442689,0.279602
0.020152,-0.424831,0.266291
0.022823,-0.423776,0.265156
0.022823,-0.423776,0.265156
0.019341,-0.451164,0.281474
0.156421,0.038640,0.166756
0.018013,-0.437340,0.271379
0.016175,0.266164,0.192416
0.041141,-0.412879,0.256779
0.015799,0.266326,0.191544
0.015799,0.266326,0.191544
0.064264,0.266401,0.192515
0.013434,0.260825,0.187402
0.059988,0.272444,0.193140
0.059988,0.272444,0.193140
0.010067,0.252524,0.180847
0.012588,0.263526,0.182663
0.133859,0.043464,0.152438
0.049768,-0.423080,0.253302
0.055054,-0.446305,0.266789
0.055054,-0.446305,0.266789
0.011475,-0.439520,0.257950
0.009823,-0.427376,0.247928
0.010151,-0.422899,0.245189
0.031318,0.278764,0.180164
0.031318,0.278764,0.180164
0.031318,0.278764,0.180164
0.149756,0.032251,0.146430
0.050522,-0.418825,0.241994
0.038902,-0.408876,0.235312
0.038902,-0.408876,0.235312
0.061552,0.271377,0.175917
0.014626,-0.408275,0.230378
0.040412,0.280021,0.174834
0.040412,0.280021,0.174834
0.040412,0.280021,0.174834
0.110120,0.038842,0.135250
0.005439,-0.432323,0.240743
0.107644,0.039959,0.133196
0.107644,0.039959,0.133196
0.108080,0.046580,0.132384
0.108080,0.046580,0.132384
0.040257,-0.409007,0.226853
0.071227,0.252290,0.164112
0.031569,-0.407557,0.224587
0.031569,-0.407557,0.224587
0.002970,-0.421624,0.228761
0.003811,0.256912,0.157779
0.010500,0.267019,0.160479
0.024228,-0.407159,0.218855
0.054311,0.271832,0.163315
0.097422,0.044599,0.124246
0.114259,0.052924,0.126720
0.114259,0.052924,0.126720
0.001797,-0.417915,0.222465
0.001797,-0.417915,0.222465
-0.217104,-0.099814,0.149065
-0.217104,-0.099814,0.149065
-0.217104,-0.099814,0.149065
0.132436,0.052985,0.127735
0.132436,0.052985,0.127735
-0.212085,-0.101902,0.147922
0.092836,0.041908,0.121108
0.025221,-0.405863,0.212301
-0.001461,-0.423060,0.220531
-0.184392,-0.098676,0.138065
-0.184392,-0.098676,0.138065
0.085938,0.030830,0.117539
0.085938,0.030830,0.117539
0.094114,0.048088,0.118349
0.049820,0.270504,0.154014
-0.188884,-0.087149,0.134902
0.009526,0.264739,0.150080
-0.003565,-0.422680,0.215565
-0.149808,-0.109372,0.128223
-0.148157,-0.100725,0.125990
-0.004263,-0.407243,0.205626
-0.198756,-0.080855,0.133291
0.063012,0.263477,0.149024
-0.004839,-0.424390,0.213692
0.034590,0.271986,0.149055
-0.153642,-0.092670,0.123470
-0.003088,-0.410795,0.204839
-0.003088,-0.410795,0.204839
-0.003088,-0.410795,0.204839
-0.214120,-0.094442,0.135512
-0.214120,-0.094442,0.135512
0.011923,-0.404945,0.200851
-0.006008,-0.411110,0.203892
0.116965,0.056815,0.112531
0.116965,0.056815,0.112531
0.000129,0.253732,0.138495
0.013538,0.263436,0.141386
0.124910,0.049679,0.111194
-0.149280,-0.088949,0.116222
0.071142,0.243465,0.134561
0.029744,-0.404383,0.194363
0.029744,-0.404383,0.194363
0.029744,-0.404383,0.194363
0.109746,0.057268,0.105943
0.109746,0.057268,0.105943
0.000353,-0.403918,0.192303
0.000353,-0.403918,0.192303
0.000353,-0.403918,0.192303
0.095006,0.051340,0.103128
0.095006,0.051340,0.103128
0.095006,0.051340,0.103128
-0.132093,-0.093804,0.110973
0.094240,0.050892,0.102344
0.094240,0.050892,0.102344
0.094240,0.050892,0.102344
0.115295,0.053820,0.104911
0.115295,0.053820,0.104911
-0.177018,-0.079866,0.116896
0.103565,0.055008,0.102999
-0.006552,0.245302,0.129253
-0.006552,0.245302,0.129253
-0.177503,-0.081000,0.114947
0.033541,0.262727,0.132836
0.057675,0.028437,0.095509
0.058895,0.032497,0.095705
0.058895,0.032497,0.095705
0.023004,0.259890,0.131197
0.023004,0.259890,0.131197
-0.110307,-0.113755,0.106605
0.024492,0.259047,0.129687
0.059096,-0.429868,0.201791
0.055812,0.030514,0.093631
0.055812,0.030514,0.093631
-0.107043,-0.113520,0.104752
0.046238,0.261452,0.130650
0.052392,-0.414843,0.192200
-0.116614,-0.099424,0.102405
-0.126384,-0.093994,0.102730
0.076120,0.042118,0.092127
0.076120,0.042118,0.092127
0.052821,0.027184,0.089041
0.052821,0.027184,0.089041
0.048039,0.025443,0.088449
0.043015,0.256650,0.122340
0.043015,0.256650,0.122340
0.043015,0.256650,0.122340
0.045164,0.019962,0.085746
0.045164,0.019962,0.085746
0.126780,0.030654,0.093696
0.042362,0.019157,0.084653
0.034797,0.255504,0.119794
-0.169551,-0.084802,0.101749
-0.169551,-0.084802,0.101749
0.050045,0.026318,0.082511
0.050045,0.026318,0.082511
0.057626,-0.420738,0.184683
0.057626,-0.420738,0.184683
-0.017832,-0.408473,0.176436
0.062149,0.252513,0.117836
0.076446,0.042025,0.083670
-0.185748,-0.100354,0.103822
-0.185748,-0.100354,0.103822
-0.185748,-0.100354,0.103822
0.109358,0.047597,0.086854
0.113595,0.045096,0.087224
0.113595,0.045096,0.087224
0.113595,0.045096,0.087224
-0.011663,-0.408075,0.174344
-0.003596,-0.404565,0.171316
-0.003596,-0.404565,0.171316
0.040469,-0.409299,0.174396
0.072287,0.238832,0.111811
0.018719,-0.406218,0.171836
0.018719,-0.406218,0.171836
0.043595,0.251109,0.113073
-0.010950,0.234429,0.107490
0.122886,0.033194,0.085966
0.122886,0.033194,0.085966
0.031116,0.010648,0.076842
-0.183465,-0.104356,0.100500
-0.080171,-0.122879,0.086743
-0.090228,-0.112632,0.086133
-0.178100,-0.096807,0.096594
-0.178100,-0.096807,0.096594
0.030262,0.248342,0.107986
0.030262,0.248342,0.107986
0.083855,0.044971,0.078447
0.015231,-0.406586,0.167273
0.099597,0.044615,0.079381
0.099597,0.044615,0.079381
-0.084363,-0.117369,0.082730
-0.092207,-0.112446,0.082486
-0.092207,-0.112446,0.082486
0.068527,0.034772,0.073523
-0.094375,-0.111406,0.081536
-0.094375,-0.111406,0.081536
-0.094375,-0.111406,0.081536
0.029392,0.245181,0.102935
0.063275,0.031392,0.072029
0.063275,0.031392,0.072029
0.057993,0.244665,0.103615
-0.012229,0.231889,0.098366
0.036904,0.014742,0.069461
-0.018416,-0.410415,0.163908
-0.023638,-0.406451,0.161967
-0.023638,-0.406451,0.161967
-0.023638,-0.406451,0.161967
0.099824,0.041623,0.073663
-0.000922,-0.406661,0.160542
-0.024669,-0.409541,0.160704
0.051568,-0.413438,0.163194
0.108504,0.033036,0.070918
-0.148145,-0.090792,0.079613
0.028382,0.006354,0.063584
0.102688,0.039244,0.069583
-0.148436,-0.091373,0.077835
-0.148436,-0.091373,0.077835
-0.148436,-0.091373,0.077835
-0.049039,-0.144765,0.073470
0.019382,0.230255,0.087018
-0.017341,0.221281,0.084704
-0.009186,0.223583,0.084708
-0.009186,0.223583,0.084708
-0.062068,-0.136248,0.069697
-0.113638,-0.104075,0.070359
0.013378,0.228136,0.085513
0.072880,0.227189,0.086781
0.012809,0.225714,0.082863
-0.041537,-0.150749,0.068384
0.032848,0.230646,0.084240
-0.108691,-0.107962,0.067404
0.021049,-0.408671,0.147248
0.021049,-0.408671,0.147248
0.021049,-0.408671,0.147248
-0.028109,-0.411951,0.148219
-0.117792,-0.103943,0.066438
0.069731,0.228421,0.083856
-0.012400,-0.407787,0.145514
-0.012400,-0.407787,0.145514
0.093589,0.033618,0.057467
-0.080712,-0.126530,0.062913
0.098303,0.028736,0.055377
0.098303,0.028736,0.055377
-0.023250,-0.410868,0.142953
0.066372,0.229075,0.079526
0.066372,0.229075,0.079526
0.066372,0.229075,0.079526
0.066372,0.229075,0.079526
-0.017691,-0.409640,0.142043
-0.017691,-0.409640,0.142043
-0.002853,0.215774,0.073350
-0.021355,0.209407,0.071980
-0.021355,0.209407,0.071980
-0.139918,-0.099202,0.063877
0.054314,-0.418827,0.146851
-0.006787,-0.408818,0.139543
-0.100635,-0.116605,0.058461
0.032132,-0.412394,0.139920
0.051045,0.013649,0.047030
0.002889,-0.410127,0.137799
0.059710,-0.426388,0.147535
0.011762,-0.015997,0.044691
0.000994,-0.023374,0.044726
-0.003673,-0.409865,0.136606
0.035243,0.218663,0.068890
0.035243,0.218663,0.068890
-0.002814,-0.410516,0.134897
-0.011072,0.205403,0.064421
-0.144736,-0.108682,0.059325
0.036352,0.000743,0.042678
0.036352,0.000743,0.042678
-0.008433,-0.410301,0.133847
-0.008433,-0.410301,0.133847
0.045551,-0.415929,0.137447
-0.094316,0.440715,0.153361
-0.094316,0.440715,0.153361
-0.009077,-0.032514,0.041310
0.018334,-0.412439,0.132721
0.025928,0.212363,0.063201
0.034891,-0.002830,0.038257
0.001196,0.204098,0.059157
0.001196,0.204098,0.059157
0.001196,0.204098,0.059157
-0.081588,-0.133281,0.049859
0.084924,0.023188,0.041058
0.002871,-0.027685,0.037321
-0.058114,-0.150672,0.049469
-0.140149,-0.115656,0.053017
0.040207,0.212196,0.059963
-0.138501,-0.112399,0.052097
-0.138501,-0.112399,0.052097
0.037778,0.210545,0.058471
-0.113096,-0.115896,0.047755
-0.113096,-0.115896,0.047755
-0.015507,-0.174867,0.049828
-0.035481,-0.166078,0.047807
0.077254,0.019051,0.035005
0.077254,0.019051,0.035005
0.077254,0.019051,0.035005
-0.008961,0.193418,0.051266
-0.078617,0.441266,0.141548
-0.005970,-0.039707,0.031956
-0.005970,-0.039707,0.031956
-0.072102,-0.144016,0.044186
-0.089081,-0.132353,0.042836
0.060954,0.011114,0.031492
0.061931,0.215330,0.055670
-0.014258,0.189829,0.048079
-0.014258,0.189829,0.048079
-0.093990,0.444100,0.141671
-0.093990,0.444100,0.141671
0.060695,0.010611,0.030868
0.060695,0.010611,0.030868
-0.027806,-0.173000,0.044408
0.010632,0.192716,0.047375
0.010632,0.192716,0.047375
0.010632,0.192716,0.047375
0.010632,0.192716,0.047375
-0.024116,0.183984,0.044706
-0.077319,-0.142868,0.040402
-0.077319,-0.142868,0.040402
0.054223,-0.421296,0.124026
0.054223,-0.421296,0.124026
0.054223,-0.421296,0.124026
0.067893,0.011941,0.028429
0.067893,0.011941,0.028429
0.067893,0.011941,0.028429
0.067893,0.011941,0.028429
0.035422,-0.010177,0.025046
-0.115032,-0.120878,0.038721
-0.037343,-0.415418,0.117629
0.018173,-0.416586,0.117255
0.018173,-0.416586,0.117255
0.065910,0.009820,0.025921
-0.097203,-0.130082,0.037153
0.055517,0.003511,0.024929
-0.018182,0.021900,0.023679
-0.030283,-0.177297,0.039107
-0.069817,-0.150971,0.036398
-0.069817,-0.150971,0.036398
0.021698,0.189351,0.040852
0.008462,0.184001,0.039373
0.032735,0.193765,0.041528
0.032735,0.193765,0.041528
-0.010733,-0.053459,0.022671
-0.061866,0.442579,0.128835
-0.072160,0.076370,0.025748
-0.072160,0.076370,0.025748
-0.072160,0.076370,0.025748
-0.019760,0.173933,0.035384
0.016159,-0.417624,0.113138
-0.054001,0.063546,0.022939
-0.112348,-0.125727,0.033810
-0.065133,-0.156678,0.032972
-0.026694,0.172032,0.033357
-0.026694,0.172032,0.033357
0.062650,0.206012,0.041488
-0.043585,-0.174217,0.033369
-0.018895,-0.188257,0.034780
-0.018895,-0.188257,0.034780
-0.071393,0.455275,0.130819
-0.071393,0.455275,0.130819
-0.071393,0.455275,0.130819
0.016349,0.179386,0.032689
-0.120193,-0.125029,0.030577
0.017014,-0.034341,0.014550
-0.063724,-0.161252,0.029057
-0.064627,0.453346,0.126190
0.034904,0.183701,0.030766
0.013353,-0.038333,0.013553
-0.046651,-0.415678,0.105525
-0.046651,-0.415678,0.105525
0.026864,-0.026345,0.012772
-0.001954,-0.053925,0.013430
-0.011636,-0.063564,0.013989
-0.011636,-0.063564,0.013989
-0.117347,-0.130915,0.027282
-0.048279,-0.416031,0.103882
-0.048279,-0.416031,0.103882
-0.032024,0.033584,0.011872
-0.022754,0.020156,0.010937
0.027122,0.176872,0.026573
0.001039,-0.419814,0.103432
0.053954,0.194688,0.030774
-0.038511,0.041108,0.010938
-0.068620,0.075577,0.013952
-0.068620,0.075577,0.013952
-0.026824,-0.192993,0.027340
0.002794,0.161553,0.021049
-0.046156,0.049734,0.009408
-0.028564,-0.420445,0.099633
-0.047207,-0.180613,0.023464
-0.037256,-0.188475,0.024004
-0.041606,0.442314,0.109992
0.054383,0.190474,0.024759
-0.043311,0.445154,0.110851
0.026694,0.169554,0.019434
0.026694,0.169554,0.019434
0.017856,-0.421764,0.098071
-0.078766,0.454588,0.117377
0.056320,-0.005401,0.004932
0.056320,-0.005401,0.004932
0.056320,-0.005401,0.004932
-0.040133,-0.187999,0.021940
-0.113597,0.099344,0.014554
-0.001072,0.025523,0.002568
-0.001027,0.003911,0.002023
-0.001027,0.003911,0.002023
-0.001027,0.003911,0.002023
-0.016520,-0.038665,0.002715
-0.016520,-0.038665,0.002715
-0.016520,-0.038665,0.002715
-0.005188,0.057752,0.003149
0.037272,0.172739,0.017168
0.037272,0.172739,0.017168
0.002727,0.150824,0.012617
0.051034,-0.010626,0.002507
0.002782,0.002707,0.000669
-0.106856,-0.141484,0.016492
-0.011917,0.032224,0.001186
-0.011917,0.032224,0.001186
-0.071898,0.456620,0.113672
-0.002442,-0.089922,0.004201
-0.019003,-0.104634,0.005755
-0.019003,-0.104634,0.005755
-0.014276,0.025264,0.000212
-0.014276,0.025264,0.000212
-0.014276,0.025264,0.000212
-0.014276,0.025264,0.000212
-0.073631,0.078919,0.005617
0.003245,-0.008531,-0.000422
0.003245,-0.008531,-0.000422
-0.009477,-0.119737,0.006658
0.000722,-0.069706,0.001759
-0.009105,-0.073529,0.001943
-0.009105,-0.073529,0.001943
-0.093387,0.095163,0.008077
-0.042449,0.449742,0.106868
-0.042449,0.449742,0.106868
-0.042449,0.449742,0.106868
-0.015588,0.026670,-0.000452
-0.018577,-0.015062,-0.001030
-0.019439,-0.422501,0.092174
-0.016017,-0.120491,0.005870
-0.016017,-0.120491,0.005870
-0.011996,-0.077256,0.001512
-0.011996,-0.077256,0.001512
0.005029,0.011558,-0.001473
0.005064,0.069544,0.000874
0.060376,0.188406,0.018162
-0.016191,-0.121284,0.005818
0.017286,0.153905,0.009953
-0.023709,-0.110034,0.004134
-0.005726,-0.117606,0.004235
-0.016938,0.137732,0.006881
-0.025020,-0.094011,0.001844
-0.025020,-0.094011,0.001844
0.051228,-0.012122,-0.001592
-0.007109,0.097231,0.001291
