-0.044922,0.039658,0.010568
-0.005465,0.018627,0.008885
0.023477,0.012817,0.008098
-0.010109,0.002806,0.006963
-0.022951,0.007686,0.004544
0.095001,0.029891,0.009186
0.041138,0.003549,0.004784
0.041138,0.003549,0.004784
-0.007628,-0.011072,0.003222
0.026149,-0.016919,0.002838
-0.043901,0.009399,0.003131
-0.043901,0.009399,0.003131
0.073394,0.008795,0.004650
0.032912,-0.020535,0.002524
0.032912,-0.020535,0.002524
-0.054160,-0.085783,0.006539
0.028435,0.107068,0.007200
-0.009384,-0.013045,0.000632
-0.009384,-0.013045,0.000632
0.087396,0.009839,0.004322
0.043472,-0.027488,0.001763
0.073563,0.090296,0.007060
0.073563,0.090296,0.007060
0.073563,0.090296,0.007060
0.073563,0.090296,0.007060
-0.009940,0.123375,0.007831
-0.010192,0.094911,0.004287
-0.010192,0.094911,0.004287
0.038974,0.092507,0.004495
0.038974,0.092507,0.004495
-0.056127,-0.090785,0.005123
0.024130,-0.105944,0.005080
-0.047296,0.087208,0.003916
-0.048986,-0.028693,0.000436
-0.048986,-0.028693,0.000436
0.120371,0.021735,0.005942
-0.003350,-0.111934,0.004614
-0.059391,-0.092968,0.004299
-0.007004,0.106508,0.003820
0.015347,-0.030635,-0.001571
-0.042342,0.080606,0.001971
0.033958,0.099241,0.003327
0.006372,0.088111,0.001683
0.006372,0.088111,0.001683
0.006372,0.088111,0.001683
0.068424,0.075890,0.003002
0.068424,0.075890,0.003002
0.068424,0.075890,0.003002
0.080219,-0.095187,0.005282
-0.059210,0.078575,0.002162
0.013231,-0.028029,-0.002238
-0.018424,-0.021544,-0.002357
-0.018424,-0.021544,-0.002357
-0.107964,-0.029561,0.002981
-0.045353,-0.036423,-0.001740
0.009809,-0.116429,0.002976
0.087936,-0.097813,0.004240
0.087936,-0.097813,0.004240
-0.047015,0.122112,0.004095
-0.047015,0.122112,0.004095
0.028357,0.082344,-0.000843
-0.069373,0.147928,0.008527
-0.018744,-0.040264,-0.004012
0.076519,0.106362,0.003202
0.076519,0.106362,0.003202
0.005837,0.077037,-0.002419
0.021123,-0.118964,0.001806
-0.031349,-0.026287,-0.004721
0.011438,0.072673,-0.003014
0.011438,0.072673,-0.003014
0.011438,0.072673,-0.003014
0.011438,0.072673,-0.003014
-0.044606,0.110233,0.001323
0.106571,0.130452,0.008146
-0.063016,0.127663,0.004027
-0.045722,-0.127742,0.002564
-0.051008,-0.110466,0.000676
-0.030941,0.057662,-0.004626
-0.030941,0.057662,-0.004626
0.047397,0.079494,-0.002500
-0.030391,-0.047067,-0.005229
0.151917,-0.050375,0.005897
0.151917,-0.050375,0.005897
-0.004214,-0.045293,-0.006001
0.016576,-0.041682,-0.006056
-0.001336,0.070963,-0.004604
-0.001336,0.070963,-0.004604
0.048045,-0.117475,0.000912
0.072410,-0.056547,-0.002953
0.002595,0.067310,-0.005164
0.113928,-0.057662,0.000651
-0.147333,-0.033758,0.003742
-0.147333,-0.033758,0.003742
0.082399,0.045811,-0.003319
0.082399,0.045811,-0.003319
0.123355,-0.001403,-0.000338
0.010330,-0.127286,0.000129
0.010330,-0.127286,0.000129
0.029766,0.052089,-0.006514
-0.011312,-0.050416,-0.007013
-0.011312,-0.050416,-0.007013
-0.114410,0.060385,-0.000033
-0.114410,0.060385,-0.000033
0.044777,-0.057816,-0.005781
0.044777,-0.057816,-0.005781
0.044777,-0.057816,-0.005781
-0.025063,-0.124743,-0.000655
-0.025063,-0.124743,-0.000655
-0.025063,-0.124743,-0.000655
-0.025063,-0.124743,-0.000655
-0.051586,0.096018,-0.002849
-0.051586,0.096018,-0.002849
0.090175,-0.022992,-0.004527
0.090175,-0.022992,-0.004527
0.079153,-0.089450,-0.001739
-0.192515,-0.019103,0.009623
-0.014849,-0.129233,-0.000800
0.170016,-0.054219,0.006630
-0.052642,-0.055744,-0.006477
-0.110824,-0.050155,-0.002320
-0.040719,-0.135657,0.000228
-0.075834,-0.108010,-0.001256
-0.075834,-0.108010,-0.001256
-0.080148,0.119060,0.000282
0.049782,-0.064449,-0.006982
0.002971,0.046159,-0.009221
0.002971,0.046159,-0.009221
0.002971,0.046159,-0.009221
0.021400,-0.131517,-0.001497
0.096188,-0.111142,0.000364
-0.076913,-0.074378,-0.004887
-0.076913,-0.074378,-0.004887
-0.101675,-0.097505,-0.000761
0.156058,0.041094,0.002320
0.043789,-0.145448,0.000492
0.113158,-0.013414,-0.004631
0.113158,-0.013414,-0.004631
0.074790,-0.069738,-0.006019
-0.049803,-0.123477,-0.002548
0.129538,0.030028,-0.002882
0.129538,0.030028,-0.002882
-0.098932,0.048634,-0.005692
-0.010725,-0.137203,-0.002351
-0.106203,0.041291,-0.005406
-0.106203,0.041291,-0.005406
-0.074399,-0.062207,-0.007215
-0.074399,-0.062207,-0.007215
-0.174009,-0.038335,0.003765
-0.206564,-0.022599,0.009377
-0.154419,0.058523,0.001298
-0.154419,0.058523,0.001298
0.106192,-0.073653,-0.004022
0.075924,0.024345,-0.009257
0.100837,-0.026832,-0.007019
-0.177547,-0.073791,0.005810
-0.095027,0.033762,-0.007946
-0.029174,-0.135060,-0.003549
-0.073721,0.030076,-0.009926
-0.217555,-0.019477,0.010745
-0.079592,-0.066084,-0.007794
0.099731,-0.153991,0.003509
-0.158697,-0.128984,0.007514
0.001689,0.214508,0.009383
0.001689,0.214508,0.009383
0.001689,0.214508,0.009383
-0.099815,0.047705,-0.007855
-0.006670,0.200792,0.006170
-0.139915,0.042681,-0.003534
-0.139915,0.042681,-0.003534
-0.139915,0.042681,-0.003534
-0.110623,-0.177583,0.007624
0.084277,-0.090878,-0.006672
-0.191163,-0.086819,0.007670
-0.191163,-0.086819,0.007670
-0.101329,0.036848,-0.008563
0.069578,0.186720,0.005216
-0.071583,0.183267,0.004489
0.004551,0.194944,0.004088
-0.183023,-0.125351,0.009589
-0.183023,-0.125351,0.009589
0.055270,0.185701,0.003635
0.121295,-0.157393,0.004533
0.121295,-0.157393,0.004533
-0.028407,0.174638,0.000265
0.017207,0.198090,0.004294
0.004492,-0.146606,-0.004730
-0.155320,0.042005,-0.002991
-0.102966,-0.181216,0.005299
-0.001665,-0.151069,-0.005106
0.214324,-0.063553,0.008442
0.000382,0.233476,0.010627
0.104031,-0.162073,0.001805
0.099096,0.157125,0.000477
0.123340,0.162889,0.004091
0.123340,0.162889,0.004091
0.071478,0.155946,-0.002335
-0.166980,-0.092525,0.001127
-0.166980,-0.092525,0.001127
-0.103454,-0.149608,-0.000568
0.163534,-0.080634,-0.000558
-0.102659,-0.189149,0.005875
0.043021,0.200367,0.003635
0.010676,0.189808,0.000541
0.119535,0.153405,0.001361
0.119535,0.153405,0.001361
0.119535,0.153405,0.001361
0.041968,0.160773,-0.003848
-0.094904,-0.193451,0.005503
-0.195098,0.055908,0.002553
-0.195098,0.055908,0.002553
0.012028,0.177450,-0.002406
-0.016753,0.149572,-0.006902
0.136263,0.152382,0.002629
0.123977,0.147140,0.000164
-0.041519,0.144233,-0.007115
-0.175785,-0.136301,0.006342
0.041649,0.182602,-0.000919
-0.089100,0.151122,-0.003120
-0.089100,0.151122,-0.003120
-0.078679,0.147723,-0.004566
-0.111351,0.156792,-0.000656
0.154591,0.108578,-0.001346
0.154591,0.108578,-0.001346
0.149542,0.000624,-0.008392
0.149542,0.000624,-0.008392
-0.027609,0.230431,0.007261
0.143739,0.141846,0.000655
-0.019075,0.197137,-0.000331
0.187610,-0.083126,0.001038
0.187610,-0.083126,0.001038
-0.186113,0.039976,-0.002064
-0.186113,0.039976,-0.002064
-0.160572,-0.145386,0.003232
-0.044190,0.129846,-0.010810
0.069080,0.193125,0.000576
-0.134442,0.159785,0.001244
-0.134442,0.159785,0.001244
0.171655,0.002937,-0.005814
0.171655,0.002937,-0.005814
0.112325,0.124628,-0.006474
0.112325,0.124628,-0.006474
0.112325,0.124628,-0.006474
0.151190,-0.002803,-0.009104
0.130630,-0.193843,0.006763
-0.076959,-0.207254,0.003691
0.083743,-0.207807,0.004291
-0.143773,-0.075860,-0.007579
0.061949,-0.193480,-0.000338
0.082093,0.211589,0.004772
0.082093,0.211589,0.004772
0.148864,0.086228,-0.006506
0.148864,0.086228,-0.006506
-0.173400,-0.117463,-0.000171
-0.173400,-0.117463,-0.000171
0.000747,-0.162855,-0.008891
0.132910,-0.173363,0.001632
0.139075,-0.099766,-0.007633
-0.117267,0.152222,-0.003846
-0.212032,0.047633,0.001179
-0.212032,0.047633,0.001179
0.185510,-0.144907,0.005263
0.088489,-0.211950,0.003884
0.097204,0.221358,0.006664
0.158678,-0.009860,-0.010223
0.189371,-0.165709,0.008781
0.189371,-0.165709,0.008781
0.189371,-0.165709,0.008781
-0.188998,-0.125454,0.002798
0.206142,-0.086164,0.001967
-0.146860,0.144939,-0.002140
-0.081543,-0.194249,-0.001313
-0.081543,-0.194249,-0.001313
-0.081543,-0.194249,-0.001313
-0.081543,-0.194249,-0.001313
-0.056628,0.225162,0.003286
-0.056628,0.225162,0.003286
0.075846,-0.178754,-0.004939
0.093362,-0.214412,0.003041
-0.211368,-0.135262,0.007101
-0.211368,-0.135262,0.007101
0.222661,-0.084317,0.003907
-0.205773,-0.065270,-0.001923
-0.203022,-0.137809,0.004843
-0.203022,-0.137809,0.004843
-0.117270,0.149013,-0.007324
0.245338,0.019111,0.004907
0.245338,0.019111,0.004907
-0.136511,0.122159,-0.008584
-0.136511,0.122159,-0.008584
-0.164856,-0.175530,0.003578
-0.170057,-0.130899,-0.002491
-0.170057,-0.130899,-0.002491
0.152456,-0.179229,0.001968
0.143416,-0.109411,-0.009637
0.077427,-0.222269,0.001648
0.052650,-0.228660,0.001126
-0.191108,0.167998,0.005977
-0.191108,0.167998,0.005977
0.026545,-0.181259,-0.010128
0.184328,-0.164500,0.003557
0.049230,-0.206600,-0.004456
0.164568,0.096670,-0.008778
0.110656,-0.186925,-0.003786
-0.163730,0.128095,-0.005799
-0.163730,0.128095,-0.005799
-0.163730,0.128095,-0.005799
-0.235535,0.040911,0.000508
-0.235535,0.040911,0.000508
0.028280,-0.226413,-0.002469
0.187557,-0.179698,0.005054
-0.126962,0.196602,-0.001582
0.222945,0.123470,0.003360
0.222945,0.123470,0.003360
0.221418,-0.098494,0.000240
-0.169045,-0.181870,0.001670
-0.178957,0.127854,-0.005102
0.171045,-0.113852,-0.008268
-0.090285,-0.221737,-0.001150
-0.002823,-0.243370,-0.000200
-0.002823,-0.243370,-0.000200
-0.180139,-0.162786,-0.000437
-0.180139,-0.162786,-0.000437
-0.213893,0.168307,0.007152
-0.228997,-0.067985,-0.001539
-0.228997,-0.067985,-0.001539
0.091350,-0.243725,0.003783
-0.127930,-0.176321,-0.006416
0.161874,0.137137,-0.008167
0.161874,0.137137,-0.008167
0.174488,0.168855,-0.001238
-0.118848,-0.242039,0.005648
0.171116,0.146247,-0.005472
0.196085,-0.182930,0.005008
-0.220184,-0.150619,0.004601
-0.220184,-0.150619,0.004601
0.251354,-0.091549,0.004654
0.083368,-0.231142,-0.000958
-0.130283,0.184432,-0.005721
0.212838,0.098506,-0.003896
0.167033,-0.190123,0.000595
-0.053949,-0.237820,-0.001925
-0.119216,-0.181293,-0.008105
0.062660,-0.232179,-0.002830
0.062660,-0.232179,-0.002830
0.062660,-0.232179,-0.002830
-0.239767,-0.143869,0.007327
-0.239767,-0.143869,0.007327
0.182317,-0.183874,0.001729
0.091529,-0.249566,0.003412
-0.208334,-0.163637,0.003137
-0.111748,-0.218421,-0.002297
-0.117142,-0.246694,0.004342
0.228030,-0.021128,-0.006723
0.228030,-0.021128,-0.006723
0.228030,-0.021128,-0.006723
-0.260718,-0.136314,0.010310
-0.225247,0.012009,-0.007575
0.192198,0.074427,-0.011911
0.192198,0.074427,-0.011911
-0.199130,0.120229,-0.006170
0.068191,-0.199639,-0.010942
0.068191,-0.199639,-0.010942
0.068191,-0.199639,-0.010942
0.068191,-0.199639,-0.010942
0.068191,-0.199639,-0.010942
-0.216551,-0.169518,0.004456
-0.127754,0.183882,-0.008349
-0.127754,0.183882,-0.008349
-0.114394,-0.239073,0.001521
-0.114394,-0.239073,0.001521
0.015561,-0.257562,-0.000572
0.015561,-0.257562,-0.000572
-0.228915,0.009397,-0.008091
-0.262115,0.036599,0.000602
-0.085802,-0.230243,-0.004397
0.025044,-0.253430,-0.002809
-0.083367,-0.235654,-0.004089
-0.176687,-0.170033,-0.005260
0.263265,-0.010238,-0.000724
0.227991,0.085414,-0.005784
0.241604,0.096017,-0.001874
-0.249167,0.019172,-0.004604
-0.249167,0.019172,-0.004604
-0.249167,0.019172,-0.004604
-0.046824,0.265357,0.000194
-0.041303,0.253246,-0.003232
-0.041303,0.253246,-0.003232
-0.269557,-0.056935,0.001668
-0.056602,0.238655,-0.006314
-0.022072,0.271908,0.000774
0.276703,-0.094305,0.006297
-0.051172,0.231633,-0.008425
-0.066309,0.235827,-0.006625
-0.066309,0.235827,-0.006625
-0.302566,-0.037926,0.009852
-0.226350,0.127306,-0.003057
-0.132899,-0.251697,0.003722
-0.013243,0.242341,-0.007412
-0.167736,-0.182488,-0.006176
-0.149214,-0.210359,-0.003749
-0.127287,-0.221159,-0.004451
-0.127287,-0.221159,-0.004451
0.117258,0.248398,0.000241
0.004587,0.245626,-0.007329
-0.119872,-0.225724,-0.004882
0.115977,0.227571,-0.005038
0.088401,0.220661,-0.009380
0.088401,0.220661,-0.009380
0.058365,0.240496,-0.007082
0.058365,0.240496,-0.007082
0.094775,0.217605,-0.009541
0.126169,0.247232,0.000765
0.128697,0.255589,0.003068
0.014656,0.258026,-0.004516
0.185089,-0.208121,0.000824
0.229735,-0.119989,-0.004377
-0.281359,-0.064902,0.003634
0.231224,0.072775,-0.008682
-0.242615,0.140296,0.001162
0.136069,0.251627,0.002761
0.123891,0.219799,-0.006311
0.135668,0.258714,0.004517
-0.031084,-0.256942,-0.004660
-0.163500,-0.248650,0.005952
-0.163500,-0.248650,0.005952
0.295873,-0.088276,0.009360
-0.109172,0.236566,-0.004522
0.022549,0.278407,0.000428
0.022549,0.278407,0.000428
0.095723,-0.271836,0.002934
0.018038,0.295491,0.005203
0.113586,0.202101,-0.011708
-0.118973,0.253306,0.000448
0.258539,0.092115,-0.001291
0.151706,0.238502,0.000925
0.030543,0.260734,-0.004607
-0.189028,-0.185479,-0.004012
0.021990,-0.248036,-0.008295
-0.266184,0.019285,-0.003807
0.143504,0.204316,-0.008371
-0.036148,-0.264279,-0.004141
0.039259,0.302044,0.006616
0.031499,0.297448,0.004781
0.031499,0.297448,0.004781
0.032698,0.305762,0.007242
-0.001621,-0.266870,-0.004465
-0.091584,-0.263467,-0.001329
-0.128345,0.223442,-0.007045
0.195989,-0.220603,0.002786
0.195989,-0.220603,0.002786
0.167063,0.211768,-0.004410
0.167063,0.211768,-0.004410
0.167063,0.211768,-0.004410
0.266985,-0.107666,0.000606
-0.250884,-0.160361,0.003451
0.169731,0.214719,-0.003443
-0.179487,-0.249779,0.006366
0.038653,-0.260077,-0.006448
0.038653,-0.260077,-0.006448
0.119363,-0.276498,0.004222
-0.077303,-0.245001,-0.008116
-0.077303,-0.245001,-0.008116
0.016593,-0.272087,-0.004095
-0.053444,-0.257484,-0.006828
-0.087320,-0.250274,-0.006301
0.058327,-0.276848,-0.001430
0.058327,-0.276848,-0.001430
-0.077455,-0.266910,-0.002861
-0.077455,-0.266910,-0.002861
0.280707,-0.106545,0.003587
0.310792,0.002105,0.006710
0.310792,0.002105,0.006710
0.166889,0.193844,-0.008891
0.079548,-0.273126,-0.001218
0.079548,-0.273126,-0.001218
0.079548,-0.273126,-0.001218
0.163967,0.189057,-0.010347
-0.239970,0.110302,-0.006883
-0.239970,0.110302,-0.006883
0.292954,-0.100813,0.006143
0.292954,-0.100813,0.006143
-0.150453,0.235899,-0.002740
-0.150453,0.235899,-0.002740
0.046739,0.317481,0.009643
0.046739,0.317481,0.009643
0.046739,0.317481,0.009643
-0.121402,-0.263485,0.000053
-0.085603,-0.248745,-0.007502
-0.235551,0.102734,-0.009080
0.300052,-0.009366,0.002860
0.003617,0.305893,0.004337
-0.202497,-0.198813,-0.002265
-0.252856,0.121122,-0.003413
-0.252856,0.121122,-0.003413
-0.301103,-0.084860,0.006203
-0.301103,-0.084860,0.006203
-0.301103,-0.084860,0.006203
-0.160588,0.248171,0.000923
-0.160588,0.248171,0.000923
0.271401,-0.031879,-0.005425
0.302483,-0.112881,0.009363
0.302483,-0.112881,0.009363
0.156345,-0.215915,-0.007255
0.156345,-0.215915,-0.007255
-0.286075,-0.089656,0.002000
0.254720,0.065591,-0.008331
-0.133271,-0.264227,0.000407
0.167602,-0.276088,0.008684
0.167602,-0.276088,0.008684
0.190847,-0.212234,-0.002843
0.025025,-0.266891,-0.007687
-0.298782,0.033773,0.001525
