0.82061929 0.11471303 -1.60677552
0.21974167 1.92157328 0.04854766
0.05828783 1.18506610 -0.07359716
0.10457260 1.67345810 0.03511248
-1.33821583 1.33743227 -1.11418092
0.45050964 6.19471645 -0.04444634
0.17410557 2.12030196 -0.03928279
0.11122141 1.35445690 0.02951640
0.55391872 0.79011762 0.63961607
0.21499053 3.05655527 -0.04280380
0.19392683 3.32379985 0.01252426
0.07084768 0.45874712 -0.07700986
-0.25425088 3.22822952 -0.36019674
0.19510497 3.21792698 -0.14775102
0.83321178 5.52740288 0.92355227
0.17199706 1.89206564 -0.08038510
0.12347835 2.68158364 0.80741948
1.17806184 10.37347603 -0.08866771
0.06531651 0.93974048 0.00161051
0.32552546 4.70194769 -0.07183902
0.25219145 2.85547709 -0.03814113
0.21256837 2.73179674 0.02134602
0.41696408 5.31241655 -1.87808979
-0.92262352 4.57425928 0.05972695
0.97619927 5.69392633 0.82132214
0.23546848 3.13076019 -0.01677033
1.72510934 5.68662834 1.04887009
0.45331854 0.30199599 -0.89628804
0.19913636 1.39149034 0.04797569
1.83837640 3.78975368 0.05328091
2.21045089 1.49143124 -0.62613547
0.34419465 5.84115314 0.01950989
0.13410199 1.47221601 0.01783187
0.08803090 1.56507337 0.03138978
0.08107527 1.39828622 0.06916057
-0.20115069 5.39193296 -1.54333854
-0.01472594 0.30541867 -0.02866637
-0.01634368 0.16793843 -0.02600300
0.41311559 -0.32466620 -2.27637076
0.12513310 2.81618118 -0.03130314
0.95383555 6.67347002 -0.65193892
0.38938862 5.02137280 0.05561890
1.00468791 4.92333460 -0.30952591
0.14730278 2.68623257 0.08404923
0.00342467 0.52535588 0.07044822
1.10867965 8.87270164 -0.66735619
0.25898296 3.51428151 0.02205065
0.80007142 11.50588512 -0.15845686
0.21635152 3.15388870 0.02571661
0.05836020 1.56437421 0.03658616
-1.08270276 4.57335091 1.12581623
0.25159091 6.81561995 0.11613031
1.90985942 6.74502993 -0.74609625
0.04807607 0.44351563 -0.02243076
0.21090025 2.37740207 0.01964330
1.02941465 5.25660753 -2.21572232
0.02154284 1.14935255 -0.03214030
0.10150322 1.40954852 0.04265980
-0.48365825 7.21789980 0.53622502
0.67497259 13.12583733 -0.00478006
0.15030174 1.51760328 0.02731857
0.25676203 3.85332537 0.00443958
0.31466535 3.42930579 0.01950660
0.20465754 4.12246466 0.02090629
0.52013248 2.25084710 2.06436229
-1.22765100 1.46832526 0.31369308
1.34585059 5.18585730 -1.72585118
0.12596470 1.21359074 0.05625477
-0.14576304 6.02265882 0.03437893
0.27594990 2.80033207 -0.04376393
1.40810680 6.38293219 0.04004162
1.94178975 3.95349288 0.89355254
-0.53822404 6.23178864 0.19043636
0.15335633 2.05310059 0.01402657
1.30342495 1.76625645 -1.47513223
0.14112899 2.83388901 -0.01800858
0.17026675 1.36636972 0.10300216
0.08241887 1.68500400 0.03018698
-0.69883925 1.46539986 -0.58748823
0.55222213 5.41730499 0.48568663
0.17076425 3.22841978 -0.06475674
0.32802707 3.66407633 -0.02180845
1.92840338 0.12694360 1.55062222
-0.00424416 1.01571631 0.05813680
0.22797854 2.68502903 0.06175908
0.37487260 7.10289383 0.83509207
0.15151276 3.36642289 -0.01618254
0.00159122 0.90799177 0.08386079
0.00527789 0.53775728 0.01094192
0.26741895 3.46382403 0.00854965
0.61831456 3.68890071 0.19514306
0.12545951 1.63559377 0.05608817
0.33141941 4.97794437 -0.03764049
0.02108321 5.16361284 -1.31663036
2.36118340 3.94192410 -0.41881526
0.08012731 1.43442082 0.01091268
-1.06232750 3.25068760 -0.54244643
1.53712583 4.03920841 -0.77416480
0.46473360 2.57150459 0.48967537
0.15268825 4.85680294 -0.38035119
-0.29656735 0.44951525 -0.73280925
0.91496027 3.72232866 0.31098717
0.04586209 3.28673434 -1.21899569
0.45358157 5.00480175 -0.94883168
0.16454871 2.27850771 0.07255343
1.08723545 0.82106298 0.36417279
0.10229862 5.51055336 0.99190879
0.01383492 0.58590192 0.04643936
1.10085022 7.95490551 0.56181794
0.86897129 5.38509512 0.29686779
-1.33191705 3.26173949 -1.05746186
0.04198800 0.75885832 0.07147487
-1.63771653 6.33967781 -0.07234740
0.22036861 9.41671562 0.64754671
0.71907210 5.05297995 -1.10681164
0.53327352 9.18570614 -1.09699738
1.72069287 0.52785307 0.73257887
-0.62837648 4.69558144 1.41111529
0.36603022 5.99388790 0.01840256
-0.58063847 0.32967389 -1.31243026
0.24278538 1.60277748 0.02289954
0.12423348 1.18303597 0.04075415
-0.32046983 2.59047222 0.80248880
-1.71584201 4.42631626 1.44392300
-0.01425830 0.27599519 0.05955354
0.94821703 3.83209848 -0.20565870
-0.23928152 -0.11757562 -2.05444884
0.76075733 0.55573779 1.64675927
0.15476780 2.95521140 0.00342120
-0.59146440 8.45144272 0.01293745
0.21648462 7.60408211 -1.29410648
0.24324253 2.42900491 0.02115553
0.02214127 1.01907170 0.00686064
0.41709143 7.46126604 -0.06505004
0.01550645 0.13407180 0.00737362
0.18865195 2.08165860 0.01077767
0.39571589 5.45596790 0.01315282
0.16270842 1.27296114 0.05897603
0.35342863 4.49162388 0.04831130
0.16234115 2.46045184 0.06309564
0.18624286 3.06675005 0.10099454
0.13702412 1.04630554 0.03216524
-0.36871749 2.10811901 2.29692149
-0.27383682 3.14141965 -2.08593726
0.16471574 1.39314115 0.02265780
0.21242058 3.34640193 0.04371538
0.21241380 3.04957414 0.06881544
0.22264020 2.53702998 -0.03516132
0.34227216 3.67789459 -0.05157011
-0.00681700 0.38851270 -0.02432701
0.18714412 2.46848512 0.08439080
1.27305508 1.93020320 -0.29578391
0.02228798 1.29249179 -0.02240688
0.55182409 5.67669964 1.72164214
0.14034989 2.21396708 0.02883384
-0.44829872 4.38289022 0.07651069
0.07261328 1.54270840 0.07092465
-0.43922341 4.38733912 0.40566155
0.64853513 6.28428984 0.12016399
-1.01331067 6.26963854 -0.82261962
0.07884435 0.75382590 -0.02298868
0.21270749 3.95143771 0.05474124
0.25533167 4.39605188 -0.05947943
-2.11234474 1.02480555 -0.74853528
0.08767733 1.27921975 0.06480943
0.05000057 1.11056352 0.07142060
0.10427195 0.50575209 0.05866294
0.09382088 0.89091438 -0.01158284
-0.05691577 10.28074360 -0.15864652
0.42480460 0.78948402 1.40475607
0.61173010 1.98802948 -1.04046202
0.22671680 2.06292605 -0.02027042
0.34713715 8.28280926 -0.09622912
0.05594590 1.87944472 0.03652390
-0.03981451 0.16727626 -0.01736551
0.22789751 2.66990161 0.05700897
-0.52697194 1.53927374 -0.15694693
-1.45809639 2.93966627 -2.05003786
0.08315680 0.58714110 0.02291456
0.61708391 1.99321854 -0.40461338
0.17954682 2.04723334 0.06058172
-0.35255605 7.43425751 -0.87982345
-0.34818158 7.16341352 1.47274816
0.61831689 2.49987626 1.40706789
-0.02282744 0.21603063 0.01483244
2.03073573 1.26036286 -1.78401232
0.12985064 1.84683275 0.07091902
0.02260223 0.49045110 -0.03388655
-0.30193153 6.15817785 -0.59809905
0.59920406 12.35950470 -0.05998977
2.80255771 3.66919446 0.14788428
-0.18896379 4.45381927 1.05438924
0.17445186 2.38472533 -0.00524730
0.27947304 3.47414422 0.08315986
-0.04951917 0.13878484 -0.00050844
0.56578737 4.68045807 -0.46129832
0.12022050 2.10786819 0.01188919
0.30850464 4.04397249 0.05758745
0.43829244 5.26861429 0.02876290
1.29381728 5.53774118 1.94492829
0.25648168 3.11245394 -0.02458823
0.12974764 2.49236083 -0.01147433
1.40436184 3.87048984 0.84984201
0.15352519 2.01661468 0.03637278
-1.31723022 4.61906624 0.52885246
0.42730805 5.55571365 0.07263247
0.76865786 9.17277908 0.75204909
0.58003098 9.68206501 -0.15330885
0.22526902 3.74872231 0.01275283
0.82554382 5.59622622 1.47121119
-0.65594679 2.41956544 1.69559598
0.15307181 3.11213398 0.09665819
1.23048043 5.14736080 -0.83402526
1.41605866 3.87744951 -0.28664610
0.20474166 6.93049240 0.23574461
0.17979211 2.01194000 0.02486885
0.11577722 4.35652351 0.44078690
0.01081255 0.51018316 0.06521701
-0.11789270 0.42901653 -0.07605030
0.60406524 10.69323540 -0.02316627
0.38073838 4.78353071 -0.46090776
-2.00434065 1.32094312 0.11307489
0.15122774 0.81748682 -0.05864000
1.65638483 7.84581327 0.03473068
-1.16920257 7.85288334 -1.57106316
2.15930867 -1.24356735 2.50110888
0.76373750 13.90543079 0.32836196
-2.23937178 0.89092481 -1.41285253
1.99001026 4.97771168 2.52412534
3.33830905 9.94040108 -0.31401008
-2.32563162 3.66676521 2.24257541
-0.94406247 10.53575230 2.19878149
1.16554213 4.94088173 -2.82424164
-0.39309573 0.98425460 3.74893737
0.42445275 11.13382816 -1.98883533
-0.95589674 6.93596554 2.45369291
3.40419364 3.31312776 -0.19192803
-0.25707000 -1.40611649 -2.94856548
2.59550714 6.66292048 -0.42853165
1.91512811 9.05162525 2.37406397
-0.12119153 4.08586025 0.16910478
1.57569540 8.40439892 -2.37411094
-2.84768724 5.66923475 -1.12640178
-0.93628699 3.23241830 -2.43990970
1.39370751 11.40798569 1.14954412
0.27638060 8.27668381 0.52287561
1.22056210 2.43282676 2.39751983
-1.41735744 9.93407154 -0.32290310
-1.17200398 6.04178619 0.21289541
-2.12776804 8.26012325 1.21200478
-2.08092594 1.34469175 0.67523146
0.81088746 0.24816321 2.05296302
1.03430223 9.96217823 -0.41884986
-0.80884081 2.33096361 1.98679483
1.42179966 5.02605534 -0.82290167
-0.26418376 11.51940346 -0.06700796
1.81123185 3.80197716 0.87163877
1.67756569 12.00548363 -0.70962125
-0.51927888 4.42032528 2.04328990
-2.22237706 4.40004826 0.45427251
2.70217562 7.90285110 1.11597466
0.85863990 7.18192291 1.89506662
-0.29000464 5.23461962 -1.36429834
0.76480067 7.40590620 -0.97024727
2.59135318 0.01994675 1.32157421
0.84200680 5.24700499 1.11418438
-2.01085901 3.65792203 -1.12712955
0.27038550 9.35835743 2.16575480
-0.03148652 7.73080397 -2.74957609
2.35381436 8.26405907 -0.43081796
0.34801659 13.35693169 -1.12716436
0.30523330 6.71381140 0.47949183
0.38267979 8.92770004 -1.51050198
1.81462133 9.29325485 0.73758006
0.06632827 12.98189163 1.32051039
-1.43089020 6.12574100 -1.47315860
-0.72807592 9.89940071 -1.58406711
0.26920694 10.49439621 0.75218314
-0.93127966 8.62603951 -0.13584411
2.27611446 3.91159391 -0.83183199
-1.00591004 7.15433502 1.04796505
2.25660038 10.39776802 -1.06630957
2.31954169 5.51500988 1.28044903
-2.96602416 0.38355863 -0.36106563
-0.74863994 8.70655823 1.28224099
1.81618977 13.13402748 -0.00704940
2.35442114 11.38667965 0.26877189
0.32329732 5.45268250 -0.06325796
0.80745411 5.45885944 2.38306785
-0.40022174 7.46449661 -0.43861625
1.78007364 6.74872255 -1.40694833
-1.97789884 9.45988369 -1.35816097
1.46918559 6.38654327 0.08204037
0.85657585 12.17741776 0.30001956
0.35364643 1.81833434 3.16090536
-1.03821802 10.86577606 0.68962634
1.49059606 8.00189495 0.77176875
-0.13453822 9.60337067 -0.08563945
-1.26175320 7.45972776 -2.76748109
1.17771530 8.67346764 -0.37776145
-1.10759306 4.22663021 0.97114962
0.52967441 12.09801292 -1.22753191
0.49962148 10.94995308 -0.83122414
-2.31559944 6.20788383 0.01428385
2.28061056 10.23543739 0.24623509
1.67533720 5.26062489 0.32684720
0.12910528 7.13959837 2.76371455
0.73587710 9.19044399 1.07273614
-2.03901172 3.08882689 -2.10067248
1.93796492 8.79177856 -1.38883638
-0.17727539 12.55652809 -0.46925238
-0.79226136 1.80473650 2.96925521
1.04181743 12.33850479 1.65028965
1.75913489 -0.31970283 1.96842051
0.55197877 6.22726250 -0.81705326
0.23047361 5.37277365 -2.42538309
1.11972034 11.10861683 0.15450941
-0.18515262 7.03964329 1.72465301
-0.45963842 11.31509209 -1.11313570
0.39817810 10.88872337 1.72944987
1.53926289 5.20731878 -1.85984397
-1.10740149 4.30775404 -0.13651323
-0.72809321 5.93277836 -0.72385269
3.07087207 3.46831346 0.78126144
-1.46644199 4.22162628 2.37583876
0.15733518 4.20070076 1.12611902
-0.13457617 7.65048695 -1.77629960
0.33654955 13.02879429 0.38786843
0.53050458 7.52594090 -0.03519993
2.75717902 6.48282385 -1.36705589
1.59224927 11.69045448 -1.61419654
0.79511094 4.62994003 -0.16458386
0.97260225 13.00354099 -0.42409188
0.24313846 8.63380909 -0.49256912
-0.73290819 -0.64745772 -2.66373730
1.34757280 10.04749298 0.45363027
-0.36199984 10.49096107 0.06071540
-1.46656668 8.55586433 0.61349320
0.60401249 5.13560820 -1.56966937
-2.07832241 4.01261473 1.42718482
2.45573330 3.62954783 0.11967550
-2.26233506 0.92116511 -0.13936205
0.19743037 9.70881748 -1.07708478
-0.20647341 11.65648556 0.82003915
0.35581660 2.19643450 2.34058690
1.47035241 5.23530865 1.84661472
1.04977226 8.99172306 2.53073454
-0.81001604 6.63356400 3.26716304
1.17965257 -0.20804352 2.70703101
0.13129321 4.83611536 -0.70159656
-0.16055024 13.69577694 0.11637808
-1.73151314 6.00909519 -0.58538258
-0.56214273 6.89892721 0.36306778
-0.43300816 10.68663406 1.25595355
0.10875656 5.39007378 1.51144052
0.69046593 8.99609470 0.23165673
0.45494267 11.82480145 -0.43601534
-0.09112188 9.34676933 1.40785718
-1.49212170 3.60038829 -0.47130227
0.62882960 7.76696968 -2.03943062
1.38082099 12.54597473 0.94013399
2.33086705 8.03836060 0.34911716
-0.47924978 5.80237818 0.55706394
1.30968237 7.88154125 -0.43617484
-1.23982656 7.87492800 -0.77446228
0.81908768 8.87455463 -2.17863131
-0.85567766 9.88075924 0.24122724
-0.53785866 9.76060200 -0.75094813
1.79882228 8.20537376 1.47012353
-1.44448531 2.62256980 1.61956894
1.99383759 9.35689449 1.65270567
1.48222888 10.26140785 -1.02934992
0.40552586 11.37451077 0.43588468
1.81231356 6.53604794 -0.66323078
0.89645976 6.84166145 0.96184337
0.91364831 13.84128952 -0.42765141
-1.17429686 10.75150013 1.45236540
1.04016745 8.76004791 -1.14898789
0.96624303 11.18588734 -1.38440406
0.36083141 12.40391445 0.83059531
-1.28926933 7.22193623 1.74959230
0.22825035 5.03450394 0.56324047
0.78754836 6.03650570 0.06540061
-0.64859855 7.59146786 -2.34056401
1.26088715 9.20294285 1.63750124
-0.50472701 8.50254822 0.46406761
-1.74213183 6.32676601 0.59283632
3.05684566 7.92865896 0.45637786
2.56792855 11.09255695 0.91486317
-0.59708667 7.67039442 -1.14348388
0.33099300 10.61327171 -0.15386632
1.75669813 10.15630913 -0.25060728
-1.40381646 3.38469315 -1.40647709
0.04738295 5.68746567 -0.68495536
-1.29705715 4.19738626 1.66453719
-0.33089131 2.05567956 2.48971581
2.89912128 10.18562412 -0.84817600
1.85048795 11.40530109 -0.22530138
-0.27538884 11.19736099 -1.78057182
2.42923164 -0.46275675 1.82622671
-1.44207478 9.71820641 -0.99507219
0.74652743 7.84576321 0.79676837
1.09090602 6.67836618 -1.36426866
-2.19779921 5.91036797 -1.10186577
-0.30401179 6.98524570 1.04352570
-0.32418007 10.77978992 2.01716709
1.60675025 5.31354523 1.17805529
1.33299971 13.47483635 0.34072471
0.35957289 13.29622269 -0.36721289
1.18269968 11.86074257 -0.20707360
1.63603222 -0.68767691 2.56260753
1.09726787 7.82996941 0.22435136
-0.76664186 11.46717167 0.50850594
0.88230997 5.08609056 0.46263266
0.23776565 0.57400858 2.12624550
-0.34430829 5.74406147 -0.08637237
0.99092150 12.91659927 0.26302314
-0.48905867 4.24638033 1.19415641
-2.56419039 5.92841291 -0.51590246
1.69429922 11.27956104 0.40258741
-0.10835585 8.61936378 1.23697627
0.61892533 13.18463326 0.94946158
0.65554130 10.20161629 0.32430232
1.38141859 5.17938805 2.59620953
1.17838740 6.42131901 -0.68499118
-2.68144894 0.43993032 -0.93638825
1.82340419 5.26928663 -1.28731847
0.49162585 9.41181850 -0.21430635
0.78889108 4.94615650 -0.88761419
0.90627527 2.13611460 3.09722543
-1.52347374 8.52906418 1.24881077
-1.54996014 2.95153522 -2.48240471
0.16476546 9.10363197 0.57019424
0.68153942 10.64179134 1.22398055
0.20370367 7.31521416 -0.52883458
-1.64865923 4.38295269 0.19969232
0.50853235 12.44112110 -0.32864672
2.29935050 6.73298454 0.11834694
0.11790887 7.55647230 -1.21253240
-0.35776424 11.07079792 -0.54793948
-0.30636874 1.43942475 3.33180380
2.68014121 10.15475941 -0.22510688
2.09198642 5.27337313 1.85862279
0.39462030 6.96765804 1.30572915
3.47166610 3.14136267 0.44537523
2.23139453 3.90828729 1.30821180
-0.12514336 8.32474041 -0.10926668
-0.60929459 4.20012140 0.52412856
