0.22538929 2.20510340 0.30880234
0.05738298 3.39971352 0.25359026
-0.32258087 3.79848790 0.18164937
0.37866044 1.63623583 0.10292859
0.62031871 11.68561745 -0.08675712
0.30509686 0.81249666 0.01552154
0.47908956 8.62784004 0.00738055
0.02125837 2.26609755 -0.21280862
0.91764307 13.17856216 0.14061016
0.54218572 8.59928799 0.21918687
0.88029945 9.74239159 0.04614244
0.64951962 11.67155075 0.01694428
0.08127095 6.95075607 -0.62028491
0.45255226 1.50750339 -0.16578455
1.00106704 15.00547028 0.02716211
-0.13111141 1.20616388 0.10203645
0.50099039 4.87450552 -0.14947049
0.73460925 13.89285088 0.08121472
-0.29009166 3.72760820 -0.37612230
0.84500825 2.81169629 0.63344353
0.11769692 1.48361027 -1.25696337
0.70062625 5.67839336 -0.19688390
0.41408017 8.19600010 -0.00634370
0.04937250 0.90779954 0.29043564
0.11577395 4.01969004 0.15591925
0.26181492 8.86095428 0.06484055
1.00588882 14.11522198 0.25172660
0.93939674 15.34272575 -0.01867550
-0.00327405 3.56918049 0.06989604
-0.88002437 4.12116337 -0.05499166
0.21999066 5.61460257 -0.21012931
0.96689761 14.53605270 -0.19423257
1.12435794 12.81750298 -0.39969501
0.52906674 5.46694326 -0.20475841
0.15457226 2.10993838 0.22357377
0.54653090 1.40135956 -0.75882697
0.48658910 3.74711013 -0.18120471
0.72151089 8.15021038 -0.12053267
0.63684207 12.47617245 -0.02283535
0.75244457 12.60210037 0.06955761
0.49819437 6.88221979 0.20205778
0.96538407 7.83573532 0.60997367
0.08561567 6.04270983 0.24708936
0.97333866 14.45233345 -0.02817958
0.59609151 7.67663097 -1.51547861
0.56389445 4.96222496 0.25563878
0.85370255 12.30834293 -0.16063948
0.66374272 9.63024616 -0.10091469
0.32965365 8.58236599 -0.03530006
0.67922902 9.24290562 -0.22950047
0.46295664 7.51714039 0.08579973
0.75930166 11.93929482 -0.00955780
-0.06571523 2.10382795 -0.31791651
0.13730398 2.18233395 -0.25838262
0.23100464 3.77888513 0.33324030
0.62558848 10.95846081 0.03729434
0.36229709 4.29459333 -0.27358997
1.19984746 16.16231537 0.08296859
0.48440769 4.39825010 0.22585203
1.12297618 17.50049019 -0.07427649
0.72392726 7.17877293 0.04659019
0.85416842 14.03184700 0.07445616
0.33551160 1.17294598 0.13384607
0.61349523 5.78641558 -0.26024735
1.01189768 16.63051605 0.04213384
0.31849796 2.19857550 -0.25579938
0.82660252 13.82904530 0.17622788
0.84334081 14.54746819 -0.08799072
0.03067290 1.73676109 -0.31266758
0.02515979 0.55894047 0.21173985
0.14181891 3.17885542 -0.23223907
0.73942494 7.08648062 -0.83897913
1.00643396 13.18726826 0.05426739
0.75315714 10.88829613 0.00579510
-1.32077324 4.29690266 -0.44811806
0.45445064 3.36235380 0.05285166
0.44441751 7.22123432 0.14346507
-0.04667180 1.35057700 -0.28251082
0.52005106 8.01377201 0.16136357
1.09261143 4.98500013 -0.40780777
0.59802818 5.92133188 0.21833307
0.39489922 2.12114525 0.08240257
0.31685671 6.95425034 -0.05533652
0.26345772 2.90633416 0.30663186
0.67310458 4.33980608 -0.04652420
0.67371970 1.44937873 -1.39587927
-0.52399397 6.64068127 0.82730293
-0.01076408 0.90899301 -0.23671868
1.00034177 11.30830097 0.05194246
-0.11457661 2.70437193 -0.15125805
0.64244950 9.34021664 0.14480716
0.55033463 8.62242126 -0.22709247
0.46817839 9.80443192 -0.10017979
0.73317766 8.67033291 0.09869859
0.62404513 7.74235439 0.32953346
0.49970436 3.87019300 0.01515081
0.87822121 9.54561901 -0.11483587
0.47650021 6.62897301 -0.22866228
0.47462416 8.49634171 -0.05533120
0.87532848 9.28668785 -0.06329489
0.80999243 13.06803322 0.18129380
0.83053291 11.12921715 0.54720855
0.78008944 12.29463768 -0.10121810
0.01356883 2.80852461 -0.19355226
0.78851837 11.25411510 0.15573394
0.39503014 6.28251696 0.23466073
0.98938578 12.62362385 -0.06520952
0.59287226 11.19426823 -0.15976419
0.82555431 10.82449532 0.15094563
0.12352926 4.06165934 -0.17275198
0.72337157 10.33385372 0.12023275
0.91749454 11.81347561 0.11154024
0.54594052 4.20720911 -0.17666055
0.87374681 16.78497887 0.03885696
0.29663050 5.99545670 -0.21702109
0.68175584 6.55611086 0.20546171
0.78928262 14.78491879 -0.04140659
0.92095077 7.97863293 0.23605955
0.63757348 4.32449627 0.11702536
0.45120290 6.68208122 -0.16543061
0.42522296 2.38458514 0.05252471
0.64560509 10.94736767 0.03563975
0.02955472 3.34001184 0.02760519
-0.02725569 1.62620366 0.17768705
0.72639519 10.43777847 -0.16094519
0.29298940 3.05241227 1.08867216
0.19973032 1.27562034 -0.30460447
0.17138340 1.60764146 -0.34012762
0.27723378 6.61545897 -0.09116066
0.44829237 8.74079514 0.16594864
0.64912724 10.28036308 0.11659946
-0.21998584 9.32722759 -0.25829074
0.74500912 8.65236092 -0.03104822
0.84269875 8.91772938 -0.04216171
0.39163551 4.79023266 0.17366755
0.40513298 5.17650414 0.26808453
3.19373488 5.86819601 -0.32511121
0.55558610 11.92778778 0.07344060
0.99472487 10.70145607 0.20964180
0.83782798 14.14025974 0.02356327
-0.19126144 2.08654118 0.00499453
0.34667674 3.81350827 -0.23762079
0.82661194 11.37826538 0.10895431
0.57076967 6.04083347 -0.18381886
0.91999656 15.73787308 0.09481148
0.24205042 4.96596766 0.29802120
0.23873548 5.41022825 0.18048202
0.81469333 9.93520260 -0.11398125
0.51091868 3.85155010 0.15232159
0.31723252 8.83989716 -0.24071053
0.17250925 5.19940138 -0.04759852
0.53877819 7.91680717 0.16517359
0.85291511 9.47337246 0.04239044
0.24596275 2.52969003 0.54130191
0.45092779 7.55571270 -0.30707479
0.38003755 7.23562956 0.02307093
0.58092564 9.55910873 -0.06242070
0.62051398 9.37758064 0.21276924
0.45822099 7.64576101 -0.11875097
0.63548338 10.36316299 0.10243106
0.93201488 16.36076546 0.03653294
0.80877566 8.89906216 0.20942006
1.95416486 5.47527504 -0.63636512
1.64788342 5.19008064 0.12719795
0.71802741 6.81030083 -0.01485880
0.53668779 10.49918652 0.11429804
0.58167541 7.63287354 -1.08023894
0.67572284 6.63307524 -0.02044997
0.13143685 6.51978779 0.81163192
-0.77854574 4.02466822 -0.39467710
0.34406358 0.85069942 -0.11960784
0.61552817 6.53468084 -0.19482918
0.84787214 7.78019094 -0.09025765
0.09221967 4.36349583 0.05704465
0.41468820 2.87936544 0.12855645
0.53996897 5.31892824 -0.21731606
0.50136566 7.45451212 -0.16223523
0.55677837 9.89698982 0.14405739
-0.15796606 1.28590322 -0.20083545
0.18800248 4.81747818 0.08015291
0.35397682 5.78164434 0.25924748
0.74873281 13.41261005 0.08716336
1.58460164 10.41810608 -0.26483235
0.30790111 6.33466148 -0.11040686
0.70332962 7.51154900 0.10387094
0.41175240 3.07044148 -0.29399836
0.90134799 10.61275959 -0.04990305
-0.03294169 3.74657798 -0.19817278
0.89283878 12.27605915 0.12210204
0.89429110 10.51643085 0.03436438
0.80316901 13.91620731 0.02556365
0.11601917 3.42016625 0.08246230
0.44062820 9.05720997 0.03109191
2.51442504 5.75882244 -0.11620108
0.71729511 7.30230761 0.11784159
0.46964690 11.92098522 -0.10761725
0.86144191 15.20345497 -0.21940289
0.85607207 14.33436775 0.05834427
0.62270838 1.55304694 -1.86878443
0.56148773 3.43568492 1.84632313
-0.00687599 0.42028850 -0.09372832
0.15567909 1.33150661 0.32199034
-0.98637336 6.96634293 1.08698213
0.40525347 5.75173950 0.30782324
0.42086619 2.68758869 -0.22342660
0.98299545 3.12146688 1.23230278
0.64731574 7.08912325 -0.13123116
0.64454502 11.05430412 0.07802919
0.65015739 9.88623619 -0.20979059
0.39027956 7.93032789 -0.04046931
0.62155867 10.30295563 -0.11564578
0.13636903 2.60143733 0.31176436
1.46518958 8.32236481 0.39098004
0.20917885 5.73707914 0.08849028
0.74321866 10.44863605 -0.12111243
0.45173991 2.98124099 -0.00120625
-0.40963098 6.34616041 0.45382869
0.85728347 9.90149021 0.13749363
0.37140203 4.91786718 0.21698363
0.18583430 5.09268093 0.14266993
0.75925040 11.86766052 -0.17551313
1.59769332 8.47053909 0.71614683
0.93197459 9.80444050 -0.25298405
0.58667648 4.95762014 -0.02400857
0.33937526 8.82691479 -0.35512102
1.05924320 19.99914551 -0.26031035
0.03204457 -0.00026846 -0.06239575
-1.12539482 15.11046982 3.09928226
5.35930872 6.16351986 -0.50675714
1.13548195 3.49089003 3.83694410
-2.30781794 13.10051250 -2.03096271
2.77731395 13.35849953 -0.88422632
-2.63605523 4.36261654 -0.76838100
3.41630936 9.07267666 3.05659556
1.43250763 12.30043411 3.97026873
1.08616722 16.37178993 0.42265564
-3.03977370 10.06330967 -0.36335999
0.40983167 8.18323612 -3.77741241
-1.65933478 7.24550676 1.68096197
0.06688990 3.08169985 0.88453192
-0.02853800 12.44592190 0.08010628
0.68598562 0.52572250 -2.95518112
2.27979803 10.78933620 -0.29900217
0.65267771 15.70168686 -2.09764028
1.72565854 11.92775440 1.68803024
1.64343154 9.07756042 1.56482196
-0.59242350 17.78822327 -0.28410310
2.52280807 17.31402397 1.73116624
1.16712534 14.22679138 0.65922821
-1.15393424 10.08463383 0.28046823
3.78921580 11.05731869 -1.48703957
1.37736487 18.15375519 -0.18732969
-0.27257979 15.17773247 1.36707258
-0.10442656 1.29935336 -1.35544229
0.57990396 10.62981224 0.27768743
0.01014918 8.22452736 -2.03756833
1.29634154 3.58357239 2.02876568
-0.77288604 13.21188450 -1.32412970
0.20626640 1.59192812 0.27438965
1.18975818 13.13397884 -0.57204860
1.15876365 15.23258781 -0.57435119
0.67397559 8.29998779 0.91716588
-1.45048988 4.32416630 -0.03067564
0.95919681 12.36080742 2.72919655
0.75635189 19.53000832 0.94222540
4.14384270 6.54375553 -0.21492812
2.92094707 9.26667690 1.87889624
0.47603148 11.82297611 1.52392030
1.85013545 8.71945763 0.40744835
1.10433674 10.44705200 -0.79437894
-0.56282115 7.10961294 1.24185956
1.92592013 17.19928932 0.71745133
0.56715137 17.31553078 -0.37299913
0.93039906 11.74152946 0.09761117
0.27180210 2.57826304 -0.31876111
2.67897034 11.01888657 -1.35015202
-1.94257462 10.36836338 -0.45783544
-0.07222778 9.40802097 0.50033432
0.05233578 14.53074360 0.52694154
0.15241987 12.59684467 -0.97799385
1.09745193 9.69093227 0.13702334
-0.63802588 9.75184441 -0.59661478
0.76236874 1.11158741 -1.94876516
0.70994371 3.55227327 2.87952852
-0.53291941 15.50181389 2.30442190
0.66969579 8.34881020 -2.79680133
0.31805637 3.61535525 1.86538160
0.62842441 14.86902523 1.55188727
1.57641971 11.49789047 0.77119410
1.00087643 18.97982025 0.12184457
0.56906199 15.71526814 -1.14906967
0.71707481 13.64501667 0.07291205
-1.69160819 13.27119637 -1.33123195
0.36026475 1.14756012 -0.50470781
0.90349120 12.66660690 0.13535327
2.06235051 13.42171288 -0.37296090
1.92535019 18.59378242 -0.71786863
2.36228204 9.12900829 1.08366299
1.68463993 12.06523418 3.07909393
0.74114448 11.32768059 0.86325908
0.72875482 14.69337940 0.03184855
-0.95856345 12.98364449 -0.52741301
-1.81989408 4.27085209 -0.79440355
0.54877818 9.75020885 -0.46646905
-0.16120982 0.88603783 0.06457948
1.53601861 10.34374142 -0.13301435
1.93534672 10.86870193 -1.13671196
0.61229193 2.80468440 0.39342397
0.90352321 15.58455658 0.07165481
4.61095715 6.15466881 -0.72005230
2.18508410 9.21837997 2.08024645
1.64513898 12.28206635 2.36488771
0.10207611 15.25446892 2.00635791
0.51940048 12.09928799 -0.57453090
0.89460766 12.20356274 2.01308656
0.67348498 8.50731850 0.21011922
0.30130309 0.92470890 -2.48037171
1.29909253 8.72157478 1.03696775
1.29706192 10.92421436 0.22419207
-0.04220980 3.01390696 0.17154846
0.09098528 17.73830032 -0.03637443
0.79862362 8.19984436 -2.10657263
2.77280736 9.13675022 2.55105829
0.57629490 1.29059029 -1.19829321
1.07120228 17.21287346 0.08476697
3.24555659 11.21923923 -1.01499903
-0.10446415 9.34263325 -0.33439210
-0.04932474 2.25720835 0.18280482
-0.29725325 12.84345436 -0.53715175
-1.33490419 10.09527493 -0.57131374
0.55708289 9.17220783 0.19429800
1.09678864 11.75391006 1.28189647
-1.25813389 7.26641846 1.16135454
-0.56349808 9.76344490 0.24803026
1.36322856 16.90989876 0.86128122
0.83935112 3.55371761 1.48426795
1.56015396 16.58272171 0.03712345
0.60805583 11.20365810 -0.05895986
0.27463076 1.90596306 -0.28368679
1.17736387 12.44005585 3.32498550
1.30952489 3.60125589 2.66393328
-1.97907186 10.16994667 0.14422196
0.06592017 8.17600155 -2.71663809
2.36901593 11.20639324 -0.82295734
0.18116835 14.87650299 1.04017413
1.95912313 17.18304634 1.34448838
0.29988462 14.08765316 0.17870685
1.25163949 3.40219736 3.24511480
0.57778925 15.40531158 -0.54677010
0.38265523 11.95997334 0.23877779
-2.01111913 4.22297859 -0.21994498
-2.51758790 10.27136993 -0.15673213
1.75089014 10.76840019 -0.56643200
0.86294770 3.84962797 2.31399536
0.95527178 16.61905479 -0.08485064
1.15084779 8.35540962 0.59472620
0.60579950 10.20051289 -0.10911012
0.61683708 14.39215088 0.68805748
-1.18759191 13.31290627 -0.93166834
1.81682456 8.99114799 1.01254165
1.04052866 14.07210159 -0.05729087
0.29885739 1.30874145 -1.73226857
0.33520010 3.41657352 1.32719421
2.84237671 10.96248436 -0.70624352
-0.13941379 1.26123571 -0.81312323
2.14976501 9.31883144 1.54720497
-0.57773048 15.23237228 1.81351256
-0.57186091 15.11827755 2.68532038
1.33978343 12.95600986 -0.00391757
0.39252472 8.47468090 -3.32348299
0.33002394 11.06287384 0.64388895
-0.13827552 1.46760309 -0.11597884
1.20629859 15.98156929 -0.11350629
1.69808900 13.31999779 -0.74318838
-0.25957298 12.86917400 -1.16550851
0.83411276 15.76523685 -1.60068393
0.46864322 2.27644515 0.11494726
1.07839978 3.88268137 3.03625059
-1.83359921 13.17542171 -1.82071769
0.34968081 0.95334524 0.03007799
0.79688990 12.17312145 -0.14570963
0.82989699 12.82131481 -0.34791893
1.04737365 15.07732296 -0.06735913
-1.23512030 13.25989056 -1.55490756
1.73489749 11.72667313 1.22275627
0.78898245 0.92784482 -2.59351230
0.90493178 13.18834496 0.13617887
1.01652634 15.56681824 -0.99035823
0.60757828 9.76397610 0.17378075
4.66367579 6.55876350 -0.43632394
0.20940445 0.45210481 0.01979697
0.97667855 9.95894051 -0.34096986
0.85658038 8.88812542 -0.07096716
1.21034086 12.05620766 1.66790092
3.17115021 9.40071297 2.65699887
2.73756218 9.06822205 1.39123166
1.19347548 13.80540085 0.31768331
0.16864693 12.44254589 -0.51933998
-0.44589347 12.73934937 -0.08977182
-0.86607003 10.00743580 -0.09740728
3.15370035 9.07747173 2.26528525
1.59262013 16.87582779 0.41282639
0.64662361 14.72144127 1.09852433
0.80474931 19.40404129 0.48610896
-0.15033300 15.09608746 2.37571931
0.76901609 10.76977348 -0.16224788
1.46549058 12.47539902 2.75650406
1.56822240 12.25123978 3.49752665
0.16793422 2.63099670 0.35141623
0.13888073 9.06856728 0.02715448
1.47189987 10.70663548 -0.92743266
1.28850687 17.75967979 0.03292030
-2.31141782 10.10831928 -0.53312796
2.82443166 11.38963509 -1.04832101
0.84937471 9.41383648 -0.12567711
1.70270085 18.42113686 -0.35862815
1.09990931 11.13249207 0.57150286
0.40140623 17.46490669 0.13870387
2.32880950 13.37996292 -0.87991214
2.49250937 9.45291233 1.80225194
0.39431840 1.50109351 -0.13720606
0.41691819 8.27535343 -1.85971344
0.62347233 15.10778713 -0.21802475
0.13316607 1.07976007 -2.09794450
1.16375661 11.49071789 0.93018514
0.60250944 11.76453876 -0.19371736
0.11476900 15.19705582 1.56618786
0.30049717 9.05902958 0.52543646
1.63848400 17.20793915 1.04235578
-2.17876267 4.47978401 -0.66995090
-0.66450095 13.17823887 -0.90734279
0.78954971 12.10696220 2.42005873
2.14345145 8.88899040 0.67034620
0.45263872 8.47479630 -2.45151162
-0.18207011 17.69446945 -0.36112100
2.72172308 9.48247433 2.18794870
1.07649076 3.73302150 3.44832826
-1.48929608 10.26494789 0.08965038
-0.95283329 15.30613232 2.69619012
0.48517925 3.66202998 2.26369691
1.25180340 3.45352244 1.48946154
-1.77718449 4.52096605 -0.45776087
1.16722047 19.64060020 -0.06837156
0.60747802 8.53347969 -0.21889183
1.25043118 12.33869934 2.18848038
0.67707211 13.97737217 0.32340235
1.18447733 12.16993427 3.66134429
0.02154731 2.25618625 -0.25516868
