 3.238884  10.339992   0.0311318
5.468716   3.6839151  0.02732613
-2.671711    8.204126    0.03262214
2.2877784  6.739008   0.03520717
3.9975734  7.4607754  0.03303336
5.776959   1.7636826  0.02494668
-1.51324     2.9351664   0.03136851
5.3982205  2.3807914  0.02734946
-1.3729467   8.810959    0.03336299
8.261043   2.9460151  0.02742839
-1.303338    5.171071    0.03768238
-1.7260531  10.467076    0.03371821
8.037945   2.2209392  0.03438385
2.0239792 3.7788155 0.0293991
0.94138014 2.7529547  0.0294698 
3.084972   0.7637562  0.02130101
0.22354853 1.6111429  0.02742347
2.056713   4.348415   0.02826072
2.062064  1.7865007 0.0307297
6.819607   3.321146   0.02741255
-1.342865    5.755993    0.03669549
1.3676169  6.30139    0.03600529
3.7941923  0.35124806 0.04519698
1.8647206  5.492729   0.03251752
-2.0355558   1.2057883   0.02559886
2.6149983  9.718789   0.03355739
-7.069179    4.8305035   0.04141094
3.9290528  9.369198   0.03205286
2.263296   0.93398684 0.02071324
-1.3571758   9.611341    0.03467037
5.0407457  2.983299   0.02705488
7.0466385  1.1179383  0.05592885
4.6766214  2.022004   0.02570472
-5.1297746   2.902939    0.03473331
0.56696147 6.7269263  0.03534447
1.4390283  7.197325   0.03384219
1.6983515  9.235491   0.03352086
1.9542723  9.627196   0.03494274
-2.005347   12.660977    0.03111714
 4.6448755  11.632817    0.03138049
0.18358716 4.980362   0.03379472
2.0421696  8.283464   0.03224759
-1.8822602 11.886925   0.0341116
-1.1211823   4.045923    0.03056556
-0.34188533  2.7958007   0.02903112
-2.3355742  2.4281874  0.0262289
10.178584    4.244949    0.02127539
0.8421151 4.687288  0.0309011
9.721395   2.1396322  0.04110243
-1.1561496   8.290767    0.03414202
0.03171241 6.5072713  0.03676472
-2.5769536   6.9230857   0.03369523
0.06735568 7.2619257  0.03339676
0.84125686 7.10819    0.0344948 
5.7943945  0.77106667 0.0550025 
-1.2277086   7.5877724   0.03347175
-0.41006503  3.5115106   0.03218617
 4.1832204  12.201328    0.02924889
8.803173   2.3570104  0.03624308
-1.4134259  12.532516    0.03516293
0.32274663 3.7435312  0.03157713
3.2728024  5.090313   0.03445934
-0.6130131   5.367104    0.03650523
-3.4863443   2.9017537   0.03187698
3.0210063  8.153577   0.03213003
1.6398059  0.7380966  0.02608755
-2.8157601   9.5062275   0.03622805
-2.7348177  11.248393    0.03356416
-3.7668924   1.0724882   0.04728089
-4.7975273   4.658714    0.03727128
4.1808043  8.413955   0.03315327
-5.477953    4.3825703   0.03418106
3.4468875 1.6957086 0.0285899
3.804782   6.8835034  0.03306385
 4.5501266  10.016835    0.03216806
1.9610686  0.06221076 0.05193532
4.15103    1.2447221  0.02658137
6.225894   3.9422224  0.02620628
1.7244549  6.6388     0.03545578
2.3103805 8.789214  0.0316714
2.7406423  2.220235   0.03184053
-2.5934255  12.200561    0.03302018
-7.762135    5.033639    0.04146097
-5.3639755   3.7191074   0.03784588
11.82368    3.9291542  0.0216191
-5.9110627   3.1945784   0.03538643
-1.2593244   0.12240589  0.04583257
-0.97892296  6.586286    0.03486991
3.7975187  2.451821   0.02484361
1.6179777 3.2518106 0.0303431
8.394329   3.7523878  0.02674186
0.31198257 3.1188698  0.02984618
0.08151046 8.578715   0.03093635
9.376378   3.7540882  0.02383983
-1.3080338  7.0356483  0.0339388
-2.9083369   2.5285692   0.02410749
-2.1753411  10.96159     0.03202676
-0.5398893   7.5960064   0.03240763
2.6357963  0.19382738 0.04794716
-8.040005    2.9959738   0.04204817
6.1249094  3.2142527  0.02644275
3.4843729  6.3554244  0.03460484
-2.2207239   5.2180223   0.03749393
3.2999227  5.593298   0.03065148
-2.7137358  10.414686    0.03413177
6.283948   1.2081131  0.04612061
-2.0553133   9.46018     0.03216235
-3.3511531   1.7984304   0.03208312
0.14011994 0.861825   0.02734097
-6.7277555   3.5168896   0.03571622
0.8444337 4.103716  0.0301369
-0.8930241   2.8169334   0.03010523
3.1035252  2.9689724  0.03321823
-0.3106752   4.1247444   0.03127475
-6.437281   2.8336     0.0353025
-1.9090844   6.81353     0.03275129
2.9705455  8.7672415  0.03251338
3.3251565  9.775217   0.03308741
1.2143024  5.6763124  0.03173906
4.421177   3.490338   0.03591885
1.7570112  7.865532   0.03285719
-0.8488777   0.72117114  0.02176979
-0.5189143  10.408101    0.03502779
-2.5136948   0.54202086  0.03809679
 3.0603762  11.088831    0.03286878
-1.9607617   7.9395905   0.03308873
7.709775  4.217025  0.0288595
1.072536   0.22679868 0.0291407 
2.7696247  1.4911551  0.02512608
-2.6879144   8.765782    0.03423195
-2.6853447   1.647919    0.02402251
-1.7521869  11.398131    0.03380881
-3.8626206   2.08402     0.03346729
-1.1258918  3.506723   0.0314096
-3.1680152   0.84850764  0.04480921
1.535455   4.8785977  0.03329681
-0.48387134  1.3754946   0.02424908
0.23944286 7.96319    0.03168163
2.6796343  5.9868464  0.03384595
 2.6090772  10.815157    0.03348317
-1.6620866   2.1397789   0.02459396
10.608243    2.690444    0.03997302
-2.162721   9.925823   0.0333193
10.073574    3.343211    0.01985258
-0.48590124  8.085422    0.0321885 
-1.971885    8.416       0.03373546
7.7636924  1.3900505  0.05278385
-1.3486015   4.6147285   0.03536571
-0.6455506   6.1136794   0.03599008
2.4705389  4.8616376  0.03208049
1.4742212  1.1428243  0.02562107
6.7300076  1.7683201  0.03254753
0.21555468 4.4505224  0.03085387
-1.9963809  3.3632448  0.0299285
-4.338239    1.1973908   0.04417951
5.1599765  1.3806953  0.02805958
2.9400568  6.5343094  0.03571689
-7.3591695   2.7059228   0.04250512
2.1369817  7.383256   0.03259445
-1.8811854   0.36655378  0.04187515
 3.3515208  11.838856    0.03287965
-0.02431869  9.205296    0.03271825
 3.842969   11.2720995   0.03092746
4.4179735  9.095542   0.03265535
-4.5238843   2.643136    0.02885951
2.5687206  7.7504716  0.03298762
7.1005106  2.6488998  0.02595382
3.784996   3.2403567  0.03310668
7.436649   1.9107319  0.03322401
8.585234   4.3307853  0.02597169
-5.6379232   2.4470942   0.03620457
0.60894793 2.181695   0.0279474 
 2.263922   10.146962    0.03458554
-1.0716704  11.809034    0.03690653
0.48187077 5.6022897  0.03727043
10.7919035   3.6529586   0.02243647
9.504297  4.428589  0.0213247
-0.5995136  4.7252045  0.0311897
11.515404    3.2486687   0.03600974
3.2218387  9.37336    0.03231488
4.1468983  8.054734   0.03313164
1.3931217  2.6247585  0.03017282
2.5906973 3.6780677 0.034019 
3.684137   8.371075   0.03281943
0.8672779 5.23124   0.0316612
-3.9783187   4.223037    0.03559797
6.25441    2.4364414  0.02858292
-5.4074764   1.6596152   0.04416352
-6.9051313   2.372171    0.04279078
-1.2066758   1.4468125   0.02362474
-0.2560747   9.713547    0.03406236
3.0069242  4.7442713  0.03131924
-4.7332277   1.9546125   0.03397527
-2.350038    6.1551275   0.03530966
 4.673615   10.916809    0.03124822
-0.7806748   9.139351    0.03348911
3.5171762  7.8591795  0.03324734
4.7679443  0.62312645 0.04450794
-2.0030968   4.632369    0.03707937
-2.6007335   7.513995    0.03255612
-7.3964224   3.3518138   0.03236181
-1.249769  10.985401   0.0354188
2.2906451  3.1080432  0.03239468
 4.0153856  10.011546    0.03194664
-5.7025967   5.0892577   0.03718583
-8.125544    5.753356    0.04595277
0.8602949  1.2614446  0.02421476
11.06205     4.4506974   0.01592753
1.3916463  8.546043   0.03433783
-0.318744    8.670982    0.03243077
1.0002826 3.4190001 0.0298513
7.0032773  4.0297146  0.02709249
0.65129703 6.1640286  0.03518556
1.0786372  7.8996835  0.03426112
-1.9832085   7.4514413   0.03315397
-7.061869    4.1524205   0.03440781
2.177626   4.9059424  0.03240519
1.3311037  1.9259925  0.03192493
2.0434442  2.515229   0.03336279
-2.6516466   3.491584    0.02884692
9.452673   2.6957963  0.02710563
 4.0103784  10.659389    0.03169176
-0.0368144   2.3409367   0.02832453
3.675596   8.866483   0.03237952
-9.153825    4.125203    0.03081868
-6.161371    4.040281    0.03366739
8.638095   1.6732975  0.04178832
-6.405079    5.309587    0.03849535
4.4532666  2.6907651  0.02721742
-3.265767    3.8375485   0.03321119
2.5076046  9.221025   0.03274896
-0.72891474  2.0469604   0.02341486
-7.0964966   5.5846963   0.03864265
-2.123163    9.041453    0.03200788
-8.659686    3.4752355   0.03583974
-0.9988335  10.245412    0.03298794
1.4245538  3.9979012  0.02962245
2.7856326  4.215785   0.02802088
-1.9269524   4.1041117   0.03627679
-1.6841865   6.2418323   0.03533554
7.661857   3.3438213  0.02760804
3.287469   7.2672815  0.03288759
-2.0878844   5.5875936   0.03686021
2.0454886  6.0233145  0.03334735
-6.2589846   2.0535483   0.04460507
8.922712   3.1853151  0.02395315
-0.71862984 11.080305    0.033494  
-8.209222    4.346176    0.04103068
2.5929465 5.387915  0.032811 
2.6816094  7.172741   0.03309827
-6.367492    4.6537113   0.04197666
-7.8522425   3.8563058   0.03486601
-0.5625441   6.9310794   0.03395715
-0.02968303  5.6856527   0.03758579
-4.7362723  3.8481715  0.0345997
-4.13389     3.4169385   0.03158439
