 3.238884  10.339992   0.0311318
-9.153825    4.125203    0.03081868
11.3670845   2.9738533   0.04839177
1.072536   0.22679868 0.0291407 
-2.3451123   6.231752    0.07076608
-2.5934255  12.200561    0.03302018
5.7803535 3.8089943 0.0749751
-4.338239    1.1973908   0.04417951
 2.026328    6.1298842  -0.02110194
-0.17134878  9.070458    0.09982979
-5.7025967   5.0892577   0.03718583
-1.1835651   2.8747573   0.04920609
4.4911942  0.4438494  0.07215586
8.221681   1.4593866  0.05812305
2.4088745  3.0377228  0.05172814
8.662753   4.413126   0.05695456
-6.9051313   2.372171    0.04279078
-2.8157601   9.5062275   0.03622805
-1.8811854   0.36655378  0.04187515
3.9374645  7.8448877  0.03449549
-0.14461464  5.3059144   0.00559733
-3.265767    3.8375485   0.03321119
 4.5110183  12.088623    0.02650076
1.8753577  8.382898   0.09639014
-0.71862984 11.080305    0.033494  
6.0982504 1.7076186 0.0113458
4.2937903  2.393999   0.00668272
0.6412332  2.1076474  0.00299702
-8.125544    5.753356    0.04595277
-0.5708631   7.1545105  -0.02965811
-5.1297746   2.902939    0.03473331
 2.7510293   1.0222309  -0.02027964
9.534739   2.8048496  0.07276187
7.3818088  3.05576    0.06669294
10.565562    4.5185204   0.02198298
0.88017964 3.9167795  0.05882615
3.0069242  4.7442713  0.03131924
-2.267284e+00  7.909309e+00  5.873510e-03
-1.736931    4.684544    0.06549139
-7.061869    4.1524205   0.03440781
3.599787   6.2113853  0.07819575
-2.6853447   1.647919    0.02402251
-0.6689893   1.4262068   0.05530241
 4.758007   10.640862    0.03845958
0.84125686 7.10819    0.0344948 
4.4179735  9.095542   0.03265535
-0.46920183  4.016513   -0.01474773
-2.1753411  10.96159     0.03202676
-1.3571758   9.611341    0.03467037
-8.040005    2.9959738   0.04204817
2.0921192 9.75356   0.026028 
 2.6445653e+00  7.2487769e+00 -5.4820001e-05
1.1248089  5.179141   0.00613836
 3.3143187  11.717985    0.02400525
 3.09635     8.766975   -0.02726658
-1.4134259  12.532516    0.03516293
7.4717693  4.3815484  0.06720824
-1.1561496   8.290767    0.03414202
-5.4074764   1.6596152   0.04416352
1.7919569  1.9987489  0.08124999
3.1968713  2.0816624  0.00626986
4.6937213  3.4583907  0.04081951
 8.423537    2.6054325  -0.02701562
5.5939207  0.70993906 0.08299164
1.1649715e+01 4.2431722e+00 8.7414403e-03
7.0466385  1.1179383  0.05592885
-1.342865    5.755993    0.03669549
 2.1131277  -0.14659595  0.0806535 
1.966372   4.405105   0.03739992
0.04332729 3.0508604  0.00813676
 6.214099    2.7798831  -0.01246064
0.24947757 7.99765    0.03155804
-1.6383879e+00  7.0616865e+00 -4.2673098e-03
0.5672672 6.0839987 0.0344934
 0.20091     0.81486464 -0.02453805
3.5727186  3.1591473  0.02291555
-1.6560837   1.8473287  -0.02217942
-7.0964966   5.5846963   0.03864265
9.572651  3.943355  0.0664239
-4.7362723  3.8481715  0.0345997
 4.930741    1.4573157  -0.03692777
-3.8626206   2.08402     0.03346729
3.461844   0.3343392  0.11595678
1.1583174  1.2165891  0.01289049
7.0993805  2.110437   0.04727421
-8.209222    4.346176    0.04103068
3.9567854  1.4955924  0.00674626
 5.232749    2.552966   -0.02097473
-1.9963809  3.3632448  0.0299285
-0.4505754  6.218585  -0.0206586
-3.1680152   0.84850764  0.04480921
6.7754154  3.7529955  0.07705656
10.42065     2.5590937   0.01140419
 1.494832    3.0967107  -0.01724369
-2.9083369   2.5285692   0.02410749
4.047336   9.927196   0.05500931
-6.161371    4.040281    0.03366739
 8.591602    3.4930031  -0.02535771
 2.2825325   5.2679877  -0.00884058
10.7919035   3.6529586   0.02243647
-0.8028667   0.55603063 -0.01096279
9.282401  1.9702622 0.0483956
-0.46766597  2.3567827   0.0571648 
 4.0815234  11.166448    0.02914425
1.6362628  7.3994575  0.06898695
0.25229248 4.5626955  0.0756788 
-2.123163    9.041453    0.03200788
-5.9110627   3.1945784   0.03538643
1.075406   8.082033   0.06634456
 2.2923665  10.554067    0.05187754
-2.4627407   7.076567    0.03803741
3.5919654  7.032719   0.03260978
-4.7975273   4.658714    0.03727128
2.8428025  5.920702   0.06885897
-3.9783187   4.223037    0.03559797
-7.762135    5.033639    0.04146097
-1.0716704  11.809034    0.03690653
-1.2556689e+00  3.9466276e+00  3.6362100e-03
 3.007453    7.9837875  -0.01597912
1.9062304  0.61141706 0.07992155
1.2948012  6.468972   0.06481849
-8.659686    3.4752355   0.03583974
-1.8822602 11.886925   0.0341116
-2.0384438   1.1250737  -0.01139047
-2.162721   9.925823   0.0333193
10.073574    3.343211    0.01985258
0.08686166 6.798757   0.10756391
-0.85018873  5.045194   -0.02999715
 3.1625643   9.600296   -0.01308694
-4.13389     3.4169385   0.03158439
0.03632254 1.6493869  0.01894318
2.7270799  0.28669626 0.09218056
-2.7137358  10.414686    0.03413177
-2.039159    5.518181    0.00654154
-6.405079    5.309587    0.03849535
-4.7332277   1.9546125   0.03397527
-7.3964224   3.3518138   0.03236181
-5.477953    4.3825703   0.03418106
-0.9988335  10.245412    0.03298794
7.9200845  3.812001   0.03279155
-6.2589846   2.0535483   0.04460507
-4.4250777e-01  8.2000399e+00 -2.4757299e-03
 2.091003    1.2978963  -0.00222347
1.6324826  9.211632   0.05715541
2.5275283  9.182225   0.02498233
0.82332665 2.9035025  0.01809731
 2.8524005  10.971979    0.03052403
1.8326771  3.7237418  0.00967167
0.18167022 3.7792394  0.0340741 
2.9811473e+00 6.6438332e+00 2.5300800e-03
-2.6303759   0.41274244  0.05184106
-6.7277555   3.5168896   0.03571622
-3.4863443   2.9017537   0.03187698
-5.6379232   2.4470942   0.03620457
2.6166556  3.6853726  0.07178719
-7.069179    4.8305035   0.04141094
-1.1230543   7.618819   -0.01923084
 7.7308054   2.325727   -0.00834083
-1.7260531  10.467076    0.03371821
-2.6516466   3.491584    0.02884692
3.8465173  8.750832   0.03738297
-1.2671931   0.08043141  0.04755399
-1.3370677   0.94747    -0.02365089
-0.72353745  3.3453765  -0.01723802
-4.5238843   2.643136    0.02885951
2.5478594  2.1474397  0.00502899
-0.2560747   9.713547    0.03406236
-0.7852022   8.822419    0.06294148
5.5031147  3.2229185  0.09548534
-6.367492    4.6537113   0.04197666
1.5913926  5.6538296  0.02517061
-0.97892296  6.586286    0.03486991
-1.723252    2.4822445   0.06595504
 3.4137223e+00  1.1527585e+00 -1.9715100e-03
-5.3639755   3.7191074   0.03784588
2.529889   8.404968   0.04704219
1.2266157  2.363967   0.02581142
-6.437281   2.8336     0.0353025
1.2769153  4.561026   0.01351094
3.676851   2.5259826  0.00547141
6.838094   2.7048512  0.02050293
-2.7348177  11.248393    0.03356416
-2.6879144   8.765782    0.03423195
-1.0420356   2.1042814   0.03539336
-1.7546932   6.4306526   0.09548668
2.2877784  6.739008   0.03520717
7.9988275e+00 3.0869048e+00 2.8994400e-03
 5.4428644   1.8058863  -0.01802016
9.947665   4.487614   0.02274602
11.4088955  3.6412585 -0.0148617
 4.831635    2.0667598  -0.02042675
7.608985   1.4876745  0.01649841
 2.6379583  10.047061    0.05101349
-1.9269524   4.1041117   0.03627679
9.269787   3.3519938  0.04174736
-7.8522425   3.8563058   0.03486601
-2.005347   12.660977    0.03111714
 2.99493     2.6524658  -0.00648612
0.14596523 2.449547   0.05314514
6.4659     2.2353954  0.01491375
2.0098603  2.5980635  0.07381412
0.21254258 8.617745   0.07817382
 3.8074074 12.0464945  0.0319932
4.4028015 1.0288895 0.0896953
3.8578637  0.7787491  0.08727235
-1.971885    8.416       0.03373546
 3.8000588e+00  9.3990984e+00 -5.6751701e-03
-3.3511531   1.7984304   0.03208312
6.4672704  1.1982408  0.07176166
-3.7668924   1.0724882   0.04728089
-2.3355742  2.4281874  0.0262289
-3.0787453e-01  4.7004738e+00  3.1209199e-03
4.9866576  0.74572337 0.0719972 
 2.3652923   7.756653   -0.01712213
 3.6941574  10.690587   -0.01821717
-2.7565963   7.615096    0.07028445
8.994172   2.570003   0.01510037
6.287662   3.3414705  0.04543891
9.905667   2.3218277  0.03973635
 1.2394404  1.7748898 -0.0119275
0.05404976 7.468906   0.02446662
3.2999227  5.593298   0.03065148
-1.3729467   8.810959    0.03336299
-7.3591695   2.7059228   0.04250512
 8.236728    2.0172973  -0.00973633
-1.4585602  5.167921   0.030349 
2.7856326  4.215785   0.02802088
0.5817718  5.526951   0.04356271
8.981656  3.9612265 0.0093704
0.54976314 1.4389516  0.0132034 
-1.7874385  7.6323056  0.0294928
 1.1107313e+01  4.1063151e+00 -4.8724501e-03
-0.792837    5.773877    0.01400259
-2.2802935   4.597798    0.06765614
6.252281   4.089487   0.08859681
-1.1423918   4.583679    0.01108906
10.12582     3.9708502   0.03268738
 7.3964930e+00  3.5949736e+00 -7.3348498e-03
 0.1095079   5.787969   -0.02206273
 4.6066217  11.299162    0.03658745
-1.249769  10.985401   0.0354188
 3.43307   11.158142   0.0466556
10.83359     3.038293    0.06800352
-1.2069339   1.5549977   0.01349964
5.428556   1.2186235  0.07554906
 2.5890405   1.6153244  -0.02110412
1.7671072  6.822652   0.06403244
1.8756244  4.9334927  0.01355072
1.6167558  7.924607   0.07609675
4.4426184  3.00434    0.08789232
 5.744382    2.4654405  -0.02758617
4.316718   8.534811   0.02582436
 0.7170441   0.82530147 -0.02612547
6.790933   3.2309923  0.04481564
1.3916463  8.546043   0.03433783
 4.1479654  10.452864    0.01838718
-1.4834098  3.3854573  0.0286229
1.0002826 3.4190001 0.0298513
 3.1160383   7.4466     -0.02593598
 4.5501266  10.016835    0.03216806
-0.5189143  10.408101    0.03502779
-1.7521869  11.398131    0.03380881
2.7826464  5.21598    0.02386587
6.7300076  1.7683201  0.03254753
-2.671711    8.204126    0.03262214
3.958262   0.2781409  0.07843906
0.78967017 4.8085804  0.03129008
0.6359442  6.652573   0.05089873
3.0227761  3.1470592  0.03524081
3.5263753e+00 9.9368553e+00 9.5917704e-03
4.985411   3.060616   0.08846839
0.3132961  5.11517    0.08353124
-0.6321265   7.6648126  -0.01580973
2.5518441  6.3239694  0.01047388
1.4245538  3.9979012  0.02962245
3.540691   8.368      0.01920455
 2.3489926e+00  4.7074137e+00 -1.4812000e-04
 3.7344172   2.043264   -0.01304859
8.21249    4.236825   0.03132478
-0.6534432   2.8003201   0.05879781
7.0589213  4.1414304  0.05822703
8.696873   2.196737   0.01494778
 4.3667107   1.9244728  -0.02287718
3.0598135  0.6200833  0.03162863
8.879245   3.086016   0.02132108
0.82529235 7.681748   0.06589846
8.638095   1.6732975  0.04178832
4.0262537e+00 1.1636082e+01 3.5431201e-03
-2.0576224   6.7804275   0.06900223
2.0639734  9.043265   0.05370086
 3.3460195   9.156458   -0.00942454
-0.6324235   1.8942955   0.01929612
1.9229827  3.2432356  0.05883848
10.08983     2.8739932   0.03499509
-1.2452846   6.215583    0.01520127
-2.0211668   5.062715    0.02870971
-0.27544165  3.4127593  -0.02036281
3.4468875 1.6957086 0.0285899
4.262623  9.530616  0.0697489
3.6582952  7.492181   0.03477524
9.504297  4.428589  0.0213247
-1.0164433   7.145873   -0.01105784
1.1842778  6.0380993  0.08470133
0.5855903  4.2782345  0.00537551
-1.8833646   6.018812   -0.00691027
3.2196972 5.1487584 0.0470201
2.1369817  7.383256   0.03259445
 3.0058622  11.381419    0.06390478
7.1924324  1.6194445  0.03671847
2.2452326  0.89110756 0.00932277
-2.5191374   0.8322634   0.07240071
-0.00847191  1.2220299  -0.02427546
-0.36969396  5.696677   -0.02390898
3.1496696  6.2225986  0.03978136
-0.318744    8.670982    0.03243077
7.70827    2.7710152  0.01629145
0.4572018  3.157401   0.04750871
1.3303268  7.105606   0.09504043
 8.507346   3.93522   -0.0163811
-2.0553133   9.46018     0.03216235
3.7192082  6.6166654  0.06265908
5.7439332e+00 2.8859499e+00 1.6684500e-03
 2.544566    5.6459126  -0.02820893
-0.8798943   0.96064645  0.05334687
4.800404   2.6960356  0.01526591
5.9864554  0.8422311  0.05568822
 2.2394829e+00  3.5309839e+00 -2.1004600e-03
7.606666   1.9358338  0.04674269
-0.567703    5.3421607   0.03537464
2.3768156  4.3028164  0.04951898
0.5930113  2.5106125  0.04850434
-1.6728133   0.7254597   0.03253701
2.572243   9.647681   0.04374621
0.8315618  1.7510043  0.02370372
1.4983292  1.469636   0.03354512
1.0623693e+01 4.0182447e+00 2.1416999e-03
 3.2976742  10.780733    0.02299622
-2.207152    7.5129995   0.01772731
3.5471458  7.933864   0.02173193
6.64539    0.8403792  0.09286287
2.9934504  1.3294095  0.06380048
-1.6442368   2.8737106   0.09070005
 1.6347821   6.0510154  -0.00884091
 4.6720285  11.723417    0.02891951
-0.16272101  1.993288   -0.01844372
 3.004381    7.0639844  -0.01333009
-1.0830027   3.5071325   0.04210621
 7.257578e+00  2.469847e+00 -6.371040e-03
-5.9339118e-01  4.3925524e+00 -3.5904101e-03
-0.26272503  2.7546883   0.01803713
10.368718    3.6037297  -0.01340245
 2.7667508  10.590246    0.01322048
2.1729321  2.2289045  0.08312259
1.9435809  5.462149   0.00876826
-1.5085603  7.899331  -0.0315299
 1.4893055e+00  1.0093278e+00 -2.6959000e-04
 2.256806    8.711127   -0.01156504
8.491675  3.1014998 0.0249391
 4.341258    1.5076897  -0.04243331
 2.263922   10.146962    0.03458554
9.511092   2.4211338  0.03995298
-0.627691    6.737592   -0.00892431
 5.9119754  2.1201057 -0.0078331
 5.460656    2.206389   -0.01867637
5.2048445  3.4574072  0.03467227
2.9062781  9.120423   0.04388084
6.1486907  3.7077014  0.03501547
1.3520771  2.746932   0.05092103
1.7179927  8.746288   0.05799951
 1.5489224   0.51881295 -0.01921977
0.9263916  6.3885546  0.01070347
3.355623   6.735454   0.05953547
8.149576   3.429824   0.06546452
6.6518683 4.110817  0.0697659
-1.4886218   2.1834943  -0.02477259
-2.3441505   5.725081    0.07545494
7.4813375  4.007559   0.04335777
-1.8978175   8.049489    0.02595706
 3.0422864   8.351139   -0.03068562
0.3443818  7.2478876  0.08061277
5.850816   3.3411627  0.06061259
-0.02438868  4.322208    0.04535849
7.661857   3.3438213  0.02760804
1.2143024  5.6763124  0.03173906
 1.1722664e+01  3.8296769e+00 -9.3545998e-04
-1.0202124   4.243785    0.07068192
2.7399356  8.776809   0.04890729
5.420973   3.8195324  0.11592099
10.42137     3.017863    0.04336739
3.9483933  7.0645175  0.07302868
2.8824139  1.9254123  0.07601845
9.7460785  2.003513   0.07142095
 8.144844    2.3626442  -0.00950414
2.652403   4.8820224  0.07125901
2.6651297 2.7604551 0.0781308
7.984382   1.7223879  0.01509212
3.9496787  2.7382874  0.09108146
-0.22620475  6.9454656   0.02745864
3.3345163  2.456848   0.06758764
3.820690e-03 6.114071e+00 6.854489e-02
 4.3532596e+00  1.0942065e+01 -2.8160899e-03
 2.2629871   8.188329   -0.03242186
2.186833   9.414957   0.05192235
-0.9839888   2.5855682   0.07621654
1.3041654  7.516382   0.06836443
4.7567616  1.1624138  0.04138741
-0.77702194  8.094922   -0.01434663
5.8518977  1.4640442  0.06374702
-1.9667829   7.1718035   0.04009041
 1.5281248   4.931499   -0.01870357
1.4392298  2.0898154  0.06156714
11.06205     4.4506974   0.01592753
11.176228    3.2632668   0.01950706
8.976487   1.7507219  0.05644023
2.062064  1.7865007 0.0307297
3.5012052  8.776546   0.01176864
 2.6321435  6.659606  -0.0261722
11.679632    3.4316592   0.04098959
 4.1832204  12.201328    0.02924889
-0.39381006  1.6432226   0.01258186
2.456498   0.49526066 0.03640445
 0.27207327  2.137621   -0.02313573
10.923904    2.70614     0.06853291
1.6926824  2.76215    0.08658417
0.98119354 2.109145   0.03476778
3.9975734  7.4607754  0.03303336
0.93694043 0.5693995  0.01273538
 9.3637753e+00  3.6858974e+00 -5.8789500e-03
0.71495104 5.1371117  0.07078362
 9.2101488e+00  2.8600333e+00 -7.7740899e-03
 0.44734937  3.5747433  -0.01165946
3.1566195  0.94067085 0.07846794
-1.5355133   7.374168    0.07354175
-0.1529991  3.9083402  0.0360962
2.7671928 2.392871  0.0786809
 1.6734762e+00  5.2606673e+00 -8.1545999e-04
5.412764   2.8493428  0.04691654
 9.748218    3.4203072  -0.01557652
-1.6115752   3.9894433   0.03131044
1.9201217  5.814155   0.01657711
0.33206293 1.800725   0.06025009
-2.155603    0.8133035  -0.01776425
7.0064874e+00 3.5253639e+00 2.0845600e-03
0.92016417 2.587513   0.05361946
1.9833643  7.676767   0.04728975
 2.6733687   7.8787713  -0.01309183
1.4428426  8.929713   0.07942697
9.716226   3.0805757  0.04383609
1.3302093  3.3991325  0.04381306
 6.7635293   2.3852777  -0.02101295
-0.0735445  7.94403    0.0321912
 3.5647607  10.390191   -0.02446963
5.759642   1.7778662  0.06178464
4.097607   9.03703    0.02928973
0.45288733 6.380955   0.10342522
0.95487404 6.703158   0.09235379
2.0901046  3.909552   0.07948478
3.7514708  1.0856745  0.08070564
6.213563   1.3932153  0.01954101
0.01972408 5.0015388  0.0092759 
9.0307178e+00 3.6418107e+00 1.8389999e-05
 7.1253495   2.8473604  -0.01419854
7.184579   3.8448412  0.07035221
1.5973839  4.5541444  0.04148599
2.8510485e+00 9.8042116e+00 9.6765999e-03
-0.09559813  6.5409794   0.04809276
3.270677   2.9488962  0.08531783
 0.8058687   1.2469313  -0.01176258
9.05915    4.269822   0.05079498
4.4532666  2.6907651  0.02721742
6.5294824  2.633303   0.05961281
-1.8467991   1.5922425  -0.00503933
-0.7806748   9.139351    0.03348911
11.377467    4.4121933   0.03099029
4.15103    1.2447221  0.02658137
 4.3951735  11.568077    0.02037331
11.112877    3.749666    0.02037575
3.7608674  9.705047   0.06790444
3.1624906  5.872657   0.08586526
-1.7429821   6.7607737   0.04943269
0.83938086 4.497333   0.05146096
-1.3080338  7.0356483  0.0339388
-2.3423924   1.1520985   0.06568712
-1.3342942   4.2452984   0.08583454
3.407192   7.281999   0.07817554
7.9154716  4.13982    0.05433635
4.0011168  8.483652   0.09032189
 3.132241    1.7725148  -0.03209093
4.7000465  0.8485693  0.00491312
8.215555  2.8666487 0.0435909
-1.6702656   8.256556    0.06960681
-4.559040e-03  9.327253e+00  4.955897e-02
5.168778   1.9299315  0.05739111
5.2767525  1.4876055  0.05512308
-1.2995144  1.2598666  0.0027576
6.4589853  1.6351458  0.09958512
2.2969942  5.995085   0.03745771
11.459763    3.9880598   0.02275822
4.6007686  1.7362859  0.04111902
10.093965   2.5611327  0.0143198
-0.88650316  6.06324    -0.00641304
-0.7522522  3.9059718 -0.0302976
4.321075   3.2829118  0.07560045
 0.45602158  4.771942   -0.00853766
2.9265532e+00 1.0127824e+01 2.7802701e-03
 1.8397042e+00  6.5353565e+00 -1.6534100e-03
 2.000471    2.9570398  -0.00574999
 3.794026   11.070887    0.01566791
 1.5364815   3.6803622  -0.02882928
1.5745088  6.3572164  0.06223967
3.4605584e+00 9.5608292e+00 3.8571300e-03
-1.0228773   0.25169247  0.00805659
