 3.2386796  10.339906    0.03111504
-9.076959    4.3024197   0.04029479
11.367117    2.9739609   0.04803507
1.0726862  0.22675309 0.02933066
-2.3450615   6.231987    0.07108574
-2.6033847 12.178287   0.0261201
5.7804813  3.808977   0.07503089
-4.327726    1.2287618   0.04777936
 2.0264864   6.130063   -0.02096872
-0.17166643  9.070499    0.09963169
-5.7002435   5.0513954   0.05120455
-1.1835392   2.8748899   0.04906369
4.491209   0.4439513  0.07214328
8.221504   1.4593239  0.05815748
2.4089427  3.037602   0.05161725
8.6627035  4.4130235  0.05704086
-6.8928823  2.3960454  0.0433164
-2.812614    9.509439    0.03783724
-1.8812685   0.3666885   0.04177978
3.937466  7.8450804 0.0347113
-0.14468545  5.305805    0.00558141
-3.2678342  3.8283873  0.0420789
 4.510824   12.088514    0.02654327
1.8753476  8.382592   0.09604141
-0.7191322  11.07514     0.03628468
6.0984063  1.7076924  0.01125051
4.2938495  2.393907   0.00685837
0.64131874 2.10766    0.00315573
-8.170484    5.674939    0.04090931
-0.5708091   7.154503   -0.02959734
-5.1171827   2.9272716   0.03214182
 2.7511024   1.0221884  -0.02007738
9.534873   2.8049748  0.07251731
7.3817773 3.0558083 0.0665513
10.565578    4.518453    0.02179131
0.88020575 3.916633   0.05862429
3.0068038  4.744182   0.03162681
-2.2676320e+00  7.9092636e+00  6.1078570e-03
-1.7369518   4.684544    0.06540245
-7.053307    4.170969    0.03271058
3.599823   6.2112823  0.07807873
-2.6841605   1.6496944   0.02396137
-0.6690429   1.4262697   0.05521423
 4.7575955  10.64053     0.03846192
0.8412663  7.108202   0.03485948
4.4181623  9.095476   0.03262099
-0.46893838  4.016523   -0.01474913
-2.1747618  10.959089    0.03218461
-1.3567092   9.607394    0.03427361
-8.022006    3.0433238   0.04709967
2.0921607  9.753404   0.02604182
 2.6445153e+00  7.2486963e+00 -5.0927072e-05
1.1249062  5.1791406  0.00619633
 3.3145542  11.717909    0.02412934
 3.096364    8.766927   -0.02704644
-1.413238   12.523937    0.03664827
7.4716973  4.3815246  0.06732798
-1.1558733   8.290689    0.03402166
-5.39229     1.6979501   0.04804017
1.7919828  1.9988502  0.08115068
3.1967723  2.0817552  0.00640217
4.694123   3.4583285  0.04088107
 8.423664    2.6054466  -0.02679043
5.594215   0.70992124 0.08275491
1.1649455e+01 4.2432709e+00 8.6553004e-03
7.0466633  1.1179956  0.05589446
-1.3427811   5.756039    0.03641022
 2.1123536  -0.1462146   0.08077465
1.9663588  4.405111   0.03729663
0.04325825 3.0507596  0.00821093
 6.2141504   2.7800515  -0.01225779
0.24951914 7.9973764  0.03169566
-1.6383293e+00  7.0617223e+00 -4.2000460e-03
0.567304   6.08386    0.03465084
 0.20066434  0.8148913  -0.02426381
3.5731285  3.159298   0.02289009
-1.656169    1.8474866  -0.02199478
-7.1098638   5.53561     0.04856458
9.572617   3.9432442  0.06610414
-4.731539    3.8438346   0.03684558
 4.930845    1.4573122  -0.03693324
-3.8522372   2.0987976   0.03187059
3.4616544  0.3343901  0.11579809
1.1584395  1.2165602  0.01308028
7.09975    2.1105902  0.04709474
-8.198114    4.4128904   0.04052792
3.956488  1.4956696 0.0068656
 5.2323565   2.5530343  -0.02060138
-1.9964919   3.3634727   0.03010325
-0.45047495  6.2185035  -0.02061952
-3.1661952   0.8553234   0.04349142
6.7754054  3.7528472  0.07719329
10.42077     2.5589464   0.01154269
 1.4949226   3.096743   -0.01710232
-2.9031827   2.5313761   0.02370389
4.0471873  9.927221   0.05472307
-6.152768    4.0508204   0.03276491
 8.5915785   3.4929965  -0.02525713
 2.2825768   5.2679863  -0.00877893
10.791779    3.6529853   0.02231237
-0.8027204   0.5562999  -0.01081963
9.282366   1.9702535  0.04834904
-0.46758318  2.3567295   0.05696217
 4.0814633  11.16654     0.02922585
1.636223   7.3993163  0.06899313
0.2523108  4.562623   0.07548986
-2.1231873   9.040349    0.03210349
-5.899135    3.2206476   0.03239105
1.0753045  8.081529   0.06627692
 2.2924497  10.554043    0.05192976
-2.4630158   7.0764103   0.03832422
3.5919414  7.0328054  0.03260831
-4.794916    4.6211095   0.05168762
2.84302   5.920664  0.0685152
-3.9756942   4.2037444   0.05664314
-7.774037    5.0240326   0.04205017
-1.0749745  11.804367    0.03813111
-1.2556168e+00  3.9465973e+00  3.6685902e-03
 3.0075946   7.983745   -0.01593171
1.9061707  0.6114532  0.07991268
1.2947302  6.468951   0.06487612
-8.627862   3.5720932  0.0421118
-1.881249   11.88084     0.03484352
-2.0383098   1.1251554  -0.01130361
-2.1620388   9.923874    0.03339013
10.073566    3.3434258   0.01969074
0.08677545 6.7986073  0.10743915
-0.8503033   5.0450535  -0.02998806
 3.1625175   9.600304   -0.01301979
-4.1285048   3.4170415   0.03310551
0.03647567 1.6493294  0.01876151
2.7273805  0.28671154 0.09200433
-2.7095952  10.417465    0.03516401
-2.0389676   5.5182624   0.00679096
-6.405976    5.2760715   0.04963172
-4.7209616   1.9828956   0.03288543
-7.383953    3.3810408   0.03103822
-5.4736495   4.374533    0.03800058
-0.9991023  10.241211    0.03311314
7.9201007  3.811977   0.03281747
-6.2422996   2.08023     0.04671306
-4.4251648e-01  8.2001371e+00 -2.3478556e-03
 2.0909932e+00  1.2979453e+00 -1.8764629e-03
1.6327142  9.211638   0.05714747
2.5275235  9.1822     0.02506546
0.82333684 2.9035628  0.01826079
 2.852485   10.971924    0.03050308
1.8326894  3.7238936  0.00973694
0.18183307 3.779171   0.03388486
2.9813745e+00 6.6438127e+00 2.5123588e-03
-2.6303113   0.412462    0.05162795
-6.7175045   3.5400045   0.03366615
-3.4791236  2.9069808  0.0298615
-5.6242514   2.4735944   0.03436764
2.61677    3.6852689  0.07146619
-7.0632305   4.831315    0.04098058
-1.1229296   7.6187677  -0.01928051
 7.730847    2.325694   -0.00825553
-1.7279955  10.46451     0.03282835
-2.6525009   3.4873555   0.02918815
3.846495   8.751016   0.03720387
-1.2670925   0.08105021  0.04747077
-1.3371071   0.9474707  -0.02363501
-0.72342587  3.3452227  -0.01728084
-4.515846    2.6585379   0.02711477
2.5478857  2.14756    0.00516529
-0.25724655  9.712505    0.03431612
-0.7852546   8.822289    0.06301758
5.503069   3.2226977  0.09548619
-6.3613753   4.6513715   0.04232282
1.5914038  5.6539006  0.02516323
-0.97898936  6.5861974   0.03464593
-1.7233566   2.4823704   0.06587996
 3.4137719e+00  1.1527228e+00 -1.9145987e-03
-5.3564515   3.7301867   0.03545729
2.5299187  8.404855   0.04694867
1.2267252  2.3640711  0.02589853
-6.4232388  2.8631246  0.033253 
1.276891   4.561002   0.01338186
3.6771672  2.5260134  0.00546275
6.8382173  2.705018   0.02041931
-2.7308087  11.254076    0.03255257
-2.687784    8.76473     0.03530103
-1.0417837   2.104449    0.03523441
-1.7543131   6.4305305   0.09517391
2.2875688 6.7389503 0.0351506
7.9987411e+00 3.0869610e+00 3.0407999e-03
 5.443058    1.8060164  -0.01794498
9.947722   4.4875093  0.02272318
11.408517    3.6414144  -0.01461636
 4.831459    2.0667758  -0.02016219
7.6090274  1.4875532  0.01653618
 2.6379154 10.047026   0.050917 
-1.9271437   4.1041646   0.03657448
9.269684   3.3519995  0.04162151
-7.8373995   3.8969617   0.03405254
-2.006301  12.649081   0.0294379
 2.9950423  2.6525567 -0.0064638
0.14592242 2.449412   0.05307674
6.465996   2.2353635  0.01489789
2.0100474 2.597979  0.0736954
0.21218877 8.6174135  0.07823959
 3.807412   12.0461445   0.03183226
4.4026794  1.0288755  0.08964209
3.8579438  0.7787871  0.08705147
-1.9721322   8.416018    0.03360307
 3.8001392e+00  9.3991079e+00 -5.4796520e-03
-3.3452013   1.8036491   0.03058717
6.467354   1.1983516  0.07172659
-3.7610219   1.0891908   0.04686932
-2.3358424   2.4282205   0.02597145
-3.0779740e-01  4.7003489e+00  3.0659607e-03
4.986871   0.7455849  0.07184002
 2.3654933   7.7566013  -0.01704072
 3.6944208  10.690641   -0.01830976
-2.7561824   7.615       0.07034906
8.99417    2.5701044  0.01524209
6.287738   3.3413754  0.04548696
9.905827   2.3221033  0.03976785
 1.239567    1.77498    -0.01174678
0.05397138 7.4688034  0.02447535
3.2998815  5.5933814  0.03099034
-1.3732971   8.810778    0.03329378
-7.3460426   2.7307527   0.04221582
 8.236786    2.0175073  -0.00961263
-1.4584916   5.1680536   0.03005995
2.7855134  4.2159514  0.02836121
0.5819605  5.5269184  0.04335601
8.98156   3.9612591 0.0093817
0.54965967 1.4387808  0.01323396
-1.7872983   7.6322427   0.02944918
 1.1107020e+01  4.1062546e+00 -4.8706285e-03
-0.7926964   5.7737455   0.01385089
-2.2806282   4.5978117   0.06835467
6.252429  4.0894775 0.0885019
-1.1424037   4.583741    0.01098213
10.125571    3.9708135   0.03252953
 7.3965478e+00  3.5950108e+00 -7.0499321e-03
 0.10952718  5.787903   -0.02180266
 4.6065784  11.299108    0.03638495
-1.2503264  10.982577    0.03531113
 3.4330034  11.158188    0.04661462
10.833648    3.0383935   0.06752488
-1.2069436   1.5551099   0.01359215
5.428813   1.2186903  0.07533628
 2.5892048   1.6153449  -0.02091973
1.7670513  6.822656   0.06398273
1.8758318  4.9334807  0.01352252
1.6168838 7.9245076 0.0759626
4.4427457  3.0041566  0.08783709
 5.744425    2.4655619  -0.02734786
4.3168774  8.534536   0.02594713
 0.7171848   0.82524925 -0.02612194
6.790917   3.2310405  0.04493697
1.3917828  8.54589    0.03460597
 4.147996   10.452778    0.01847344
-1.4833858   3.3854434   0.02843112
1.0001891 3.4189696 0.0298437
 3.1161299   7.4466453  -0.02597093
 4.549834   10.016858    0.03225405
-0.5203189  10.403106    0.03628729
-1.7520444  11.394371    0.03355057
2.7824888  5.2159786  0.02393862
6.7301702  1.7684698  0.03239879
-2.671876    8.204295    0.03323515
3.9581106  0.27837974 0.07835692
0.78991956 4.808642   0.03128059
0.6359657  6.652672   0.05100791
3.0224411  3.1472251  0.03533787
3.5263567e+00 9.9368410e+00 9.4960788e-03
4.985334   3.0603712  0.08859198
0.31313926 5.114979   0.08324662
-0.63217694  7.664766   -0.01561918
2.5521054  6.3240666  0.01033442
1.4243424  3.997849   0.02966197
3.5407312  8.368043   0.01916273
 2.3491583e+00  4.7074370e+00 -2.5072938e-04
 3.7346382   2.0433931  -0.01307356
8.212208   4.236624   0.03148441
-0.65343994  2.8002772   0.05852486
7.058816   4.141423   0.05826932
8.69696    2.1967573  0.01496945
 4.366431    1.9245406  -0.02258351
3.0598097  0.62032604 0.03170107
8.879334   3.0860088  0.02121373
0.82522136 7.6814203  0.06590916
8.637929   1.6731385  0.04177601
4.0261068e+00 1.1636086e+01 3.6221149e-03
-2.057567    6.780458    0.06896504
2.0640907  9.043179   0.05363421
 3.3459792   9.156454   -0.00936089
-0.63244385  1.8944238   0.01926901
1.9229372  3.2432942  0.05878171
10.090158    2.8740127   0.03479935
-1.2450874   6.215705    0.01516789
-2.0214388   5.062938    0.02904022
-0.27532315  3.4125798  -0.02028742
3.4470382  1.6957313  0.02862399
4.2625394  9.530794   0.06941737
3.6580114 7.4922323 0.0347542
9.504272   4.428636   0.02142806
-1.0164458   7.1457663  -0.01105507
1.1841669  6.037953   0.08456883
0.5858144  4.278169   0.00539136
-1.8832275   6.0188627  -0.00667924
3.219477   5.1488686  0.04730266
2.1371293  7.383132   0.03245541
 3.0059104  11.381263    0.06369863
7.1925964  1.6194415  0.03669234
2.245273   0.8911336  0.00945738
-2.5188215   0.83207804  0.0723601 
-0.0083895   1.2217654  -0.02427323
-0.36971155  5.696681   -0.023768  
3.1497571  6.2225933  0.03956669
-0.3187087   8.671023    0.03249517
7.7083783  2.7710102  0.01629928
0.45727926 3.1572614  0.04736218
1.330478   7.1055264  0.09487917
 8.507525    3.9353836  -0.01624109
-2.0549216   9.45771     0.03193041
3.719164   6.616678   0.06263748
5.7440228e+00 2.8859365e+00 1.8998352e-03
 2.5447721   5.6459002  -0.02796898
-0.8796913  0.9606081  0.0529643
4.8003836  2.6959774  0.01542925
5.9866962 0.8421841 0.0556517
 2.2394404e+00  3.5311468e+00 -1.8788797e-03
7.6067367 1.9360583 0.0466514
-0.5677155   5.342032    0.03520044
2.3768895  4.302911   0.04932935
0.59292334 2.5106163  0.04853932
-1.6727026   0.72565883  0.03230751
2.572087   9.647608   0.04367678
0.83157194 1.7509812  0.02366225
1.4984219  1.4696763  0.03367438
1.06235075e+01 4.01823378e+00 2.05023284e-03
 3.2972996  10.780802    0.02312853
-2.2071521   7.512916    0.01794837
3.547121   7.933907   0.02169831
6.645539   0.84038925 0.09270923
2.9933517 1.3293918 0.0638767
-1.6444125   2.8737922   0.09083454
 1.6346693   6.051051   -0.00860782
 4.6720347  11.723314    0.02873308
-0.1626173   1.9932668  -0.01832011
 3.0044422   7.064148   -0.01327059
-1.0829157   3.5070078   0.04183096
 7.2578888e+00  2.4699283e+00 -6.2828660e-03
-5.9326684e-01  4.3925247e+00 -3.5815774e-03
-0.26253366  2.7546778   0.01791376
10.368428    3.6037586  -0.01320479
 2.766909   10.590183    0.01318677
2.1730902  2.2288294  0.08295658
1.9436203  5.4622207  0.00882506
-1.5082355   7.899286   -0.03159972
 1.4895189e+00  1.0093815e+00 -1.4723657e-04
 2.2569666   8.711127   -0.01134815
8.491741   3.1016214  0.02487064
 4.3411484   1.5078022  -0.04240095
 2.2638676  10.146829    0.03452374
9.51112    2.4211943  0.03992593
-0.627783    6.7374024  -0.00886444
 5.9122276   2.1202123  -0.00785299
 5.4605074   2.2064478  -0.01853573
5.2050405  3.4573774  0.03480955
2.9062514  9.120487   0.04373213
6.1489687  3.7076693  0.03513309
1.3521516  2.7469466  0.05089303
1.7182326  8.746227   0.05794863
 1.5490568   0.5188409  -0.01895847
0.92657965 6.388512   0.01092962
3.3555012  6.735495   0.05931214
8.149408   3.4297848  0.06524419
6.6518044  4.110698   0.06991382
-1.4884813   2.1836576  -0.02436952
-2.344238    5.7252555   0.07581463
7.4815383  4.0075097  0.04337912
-1.8977438   8.049443    0.02599279
 3.0423863   8.35117    -0.03046394
0.34414598 7.2477     0.0805788 
5.850731   3.3410883  0.06077306
-0.02417562  4.3220587   0.04512589
7.661809  3.343831  0.0276293
1.2141577  5.6762156  0.03178808
 1.1722234e+01  3.8297737e+00 -1.0706061e-03
-1.020031    4.2437434   0.07040222
2.7397194 8.776625  0.0488754
5.421004   3.8193886  0.11619619
10.421437    3.01791     0.04316548
3.9485722  7.0645385  0.07292889
2.8824933 1.9252951 0.0759242
9.745967   2.003549   0.07124081
 8.144904    2.3627667  -0.00924567
2.6523867  4.8819175  0.07103592
2.664929   2.7604423  0.07808943
7.9844785  1.7225342  0.01501385
3.949387   2.7380154  0.09105892
-0.22603944  6.9454746   0.0273776 
3.3346539  2.4567537  0.06740543
3.8545083e-03 6.1139021e+00 6.8372168e-02
 4.3532963e+00  1.0942187e+01 -2.5565824e-03
 2.2630103   8.188255   -0.03214697
2.1870375 9.414987  0.0517211
-0.9838713   2.5855796   0.07599229
1.3041079  7.5164     0.06848174
4.756929   1.1624975  0.04110128
-0.7769909  8.095006  -0.0141852
5.8520045  1.4640137  0.06363438
-1.9669284   7.171843    0.04024069
 1.5281621   4.93159    -0.01858008
1.4394709  2.089806   0.06145915
11.062035    4.450746    0.01577599
11.17643     3.2633953   0.01945143
8.976592   1.7508653  0.05631983
2.0621328  1.7864834  0.03097376
3.5011544  8.776633   0.01171303
 2.6322498   6.6597085  -0.02605028
11.67945     3.431634    0.04052291
 4.1833496  12.2013      0.02916412
-0.3936435   1.6432      0.01255252
2.4564078  0.4954186  0.03651581
 0.27219334  2.1376626  -0.0228903 
10.924048    2.7062757   0.06818847
1.6926656  2.7621202  0.08636928
0.98131394 2.1091864  0.034787  
3.9974482  7.4608793  0.03310385
0.9372114  0.56945765 0.01266229
 9.3636036e+00  3.6859601e+00 -5.7726414e-03
0.714813   5.1369467  0.07060353
 9.2103424e+00  2.8601918e+00 -7.7007092e-03
 0.44734883  3.5748072  -0.01149423
3.1566749  0.94075835 0.0784604 
-1.5354358   7.374097    0.07335203
-0.15276632  3.9082727   0.03586895
2.7672153  2.3927484  0.07854418
 1.6732633e+00  5.2607007e+00 -6.9582975e-04
5.4125857  2.849233   0.04692877
 9.74836     3.4204814  -0.01545803
-1.6117744   3.9895184   0.03130948
1.9202273  5.8142123  0.01657025
0.33202833 1.800718   0.06006542
-2.1553514   0.81323355 -0.01768445
7.0063758e+00 3.5252392e+00 2.2950724e-03
0.92014205 2.5875254  0.05369503
1.9834526  7.676695   0.04719408
 2.6733947   7.8787365  -0.01311136
1.4429954  8.929753   0.07938962
9.71608    3.0807445  0.04366765
1.3301783  3.3991382  0.04377272
 6.763642    2.3853052  -0.02074973
-0.07369048  7.943938    0.03218381
 3.564846   10.3900385  -0.02447232
5.7596846  1.7781262  0.06175094
4.0973616 9.036981  0.0294043
0.4528065  6.38094    0.10327442
0.9548951  6.7031465  0.09226162
2.0900505 3.9095037 0.0792435
3.751356   1.0857378  0.08078216
6.2138453  1.3932886  0.01961669
0.01968415 5.001434   0.00929534
9.0306759e+00 3.6418149e+00 1.4209571e-04
 7.1253676   2.8474116  -0.01410674
7.1846166  3.8447847  0.07040651
1.5972655  4.5539675  0.04132957
2.8510666e+00 9.8040848e+00 9.7795743e-03
-0.09550534  6.5408792   0.04795115
3.2706447  2.94878    0.08523893
 0.8059978  1.2468407 -0.0116241
9.059247  4.26991   0.0506734
4.4531875 2.690573  0.0274336
6.529408   2.633342   0.05962971
-1.8467789   1.592355   -0.00493594
-0.7811506   9.139166    0.03359099
11.3774185   4.4121237   0.03057446
4.1509557 1.2448227 0.0265826
 4.3951535  11.568235    0.02022148
11.112543    3.7497547   0.02038688
3.760852   9.705122   0.06764558
3.1626167  5.872622   0.08554318
-1.7428166   6.760909    0.04939761
0.83962166 4.4971943  0.05130593
-1.3077862  7.035547   0.033725 
-2.342603    1.1521611   0.06583224
-1.3344302   4.245294    0.08555234
3.407028   7.282079   0.07795059
7.915561   4.139815   0.05427687
4.0011845 8.483627  0.0899354
 3.1323988   1.7725009  -0.03174456
4.7002077  0.8486183  0.00496903
8.215587   2.8667724  0.04347375
-1.6702981   8.256523    0.06927079
-4.8800185e-03  9.3269930e+00  4.9869712e-02
5.1686244  1.930001   0.05739061
5.2768435  1.4875737  0.05502098
-1.2994459   1.2599363   0.00271556
6.459346   1.6353656  0.09941018
2.2972698  5.995123   0.03728133
11.459897    3.987965    0.02232456
4.6007366  1.736227   0.04108152
10.094049    2.561245    0.01447934
-0.88641614  6.063252   -0.00642485
-0.752       3.9059923  -0.03019574
4.321293   3.2828403  0.07553414
 0.45603195  4.7720394  -0.00841606
2.9265525e+00 1.0127816e+01 2.8619731e-03
 1.8398032e+00  6.5354795e+00 -1.5012878e-03
 2.0005772   2.9570377  -0.00556054
 3.7939992  11.070994    0.01571509
 1.5364426   3.6804893  -0.02845252
1.5743757  6.3572407  0.06229636
3.4604831e+00 9.5608597e+00 3.8718374e-03
-1.0227318  0.2517977  0.0080396
