3.1438658e+00 1.0109106e+01 2.9021874e-05
 3.2387013  10.340016    0.03103234
 3.2385912 10.339891   0.0310529
 3.0529766  10.365611    0.02157324
-8.9701605   4.046267    0.04438613
-8.481762    4.167843    0.03871493
-8.795121    4.520814    0.04909986
-9.450568    4.519109    0.05300075
11.35844     2.9700036   0.05182568
11.36702     2.9746118   0.04832835
11.366522    2.9750242   0.04851083
11.371421    2.975265    0.04840365
1.0805165  0.22798127 0.02836045
1.0714009  0.22643071 0.02935005
1.0727527  0.22729184 0.02945219
1.074118   0.22759908 0.02908014
-2.325238    6.2266746   0.06389701
-2.3451219   6.231909    0.07101265
-2.345942    6.232146    0.07097941
-2.3452435   6.23494     0.07188032
-2.459784   11.760206    0.02796248
-2.2316334  12.010749    0.02853537
-2.4430652  12.237695    0.03425301
-2.699645   12.0234785   0.03196809
5.85381   3.5218954 0.0705241
5.780304   3.8091233  0.07501308
5.780356   3.8090763  0.07494171
5.7823124  3.8102057  0.07480612
-4.2943215  1.1673898  0.046961 
-4.002947    1.3898675   0.04836583
-4.1589684   1.6002653   0.04761069
-4.3888874   1.3674281   0.04765315
1.9043459  5.9624624  0.02219779
 2.0264342   6.130223   -0.02084323
 2.0262082  6.1301    -0.0209098
 1.8838048   6.2010202  -0.00898197
-0.38412243  8.857409    0.04241771
-0.17158331  9.070449    0.09963226
-0.1748168   9.071738    0.09993019
-0.5155238   8.998493    0.07222944
-5.711501    4.620008    0.05408073
-5.4496593   4.870574    0.05299076
-5.769226    5.0589385   0.04700932
-5.9932747   4.8066945   0.05098642
-1.227427    2.7027633   0.03082368
-1.1837497   2.8752077   0.04919261
-1.1838021   2.8750794   0.04931275
-1.1976509   2.885727    0.04803656
4.491295   0.44662094 0.07289135
4.491888   0.44392833 0.07288051
4.4911933  0.4443503  0.07235833
4.492453   0.44533682 0.07258649
8.222113   1.4613591  0.05940268
8.221682   1.4596131  0.05816093
8.221774   1.4591837  0.05801287
8.221522   1.458931   0.05758941
2.3795824  2.8374808  0.03585328
2.4094548  3.0379312  0.05202607
2.409376   3.0379152  0.05206656
2.3758833  3.0669718  0.04831092
8.711005   4.105531   0.04565639
8.663186   4.412959   0.05678518
8.663064   4.4129324  0.05692262
8.662347   4.413974   0.05583857
-6.7795253   2.304423    0.03909489
-6.468437    2.4734344   0.04716827
-6.6726294   2.7393792   0.04300553
-6.929319   2.5235724  0.041248 
-2.6223884   9.254738    0.03056503
-2.3833172   9.417918    0.03154974
-2.5620842   9.676298    0.03655856
-2.7688801   9.505653    0.03338318
-1.8801274   0.36698833  0.04404847
-1.8814025   0.36657944  0.04174912
-1.8817971   0.36643374  0.04176753
-1.881908    0.36823392  0.04241818
3.714013  7.7719297 0.0214652
3.9374492  7.845362   0.03490657
3.9370844  7.845452   0.03477346
3.6244688  7.967212   0.03654591
-2.6468864e-01  5.1226907e+00  2.6699381e-03
-0.14471173  5.3058925   0.00582847
-0.14489287  5.30583     0.00579774
-0.39247292  5.3373284   0.0076598 
-3.3369305   3.3999603   0.05666581
-3.1378868   3.722074    0.04259717
-3.3266761   3.9101896   0.04871985
-3.5085094   3.6424274   0.04830108
 4.351639   11.903054    0.01703626
 4.5106025  12.088413    0.02661132
 4.511693   12.08883     0.02706562
 4.4381976 12.09726    0.0220993
1.7828258  8.13847    0.03063441
1.8754869  8.382684   0.09631072
1.8752656  8.382655   0.09630541
1.6747779  8.366668   0.06708415
-0.86341715 10.775336    0.02509139
-0.6242676  10.970871    0.04548662
-0.88683844 11.164259    0.041719  
-1.1268559  10.911295    0.03757642
6.1622705  1.4905174  0.02175364
6.0987077  1.7078097  0.01127764
6.0991087  1.7077731  0.01131143
6.0995636  1.7095972  0.01150092
4.35378    2.113349   0.00840828
4.2935333  2.3938556  0.00648149
4.2933793  2.3939085  0.00663907
4.294026   2.3933198  0.00743562
0.5591157  1.9091692  0.00892045
0.6413342  2.1080918  0.00303716
0.6412637  2.1077118  0.00297393
0.41525918 2.1293137  0.00856174
-8.103415    5.244411    0.04063404
-7.6561804   5.5454397   0.04629371
-8.024805    5.735225    0.04974511
-8.621243    5.567947    0.05732927
-0.68770164  6.9342484   0.02348158
-0.5711978   7.154769   -0.02957082
-0.57146317  7.1548295  -0.02960466
-0.8351971   7.139597   -0.01472497
-5.05941     2.67876     0.01902524
-4.7140617   2.841804    0.02525699
-5.0078697  3.0709713  0.0265466
-5.309763    2.922304    0.02466342
 2.8335137   0.86779195 -0.00444522
 2.7507873  1.0223179 -0.0197001
 2.7509062   1.022184   -0.01979028
 2.7500157   1.0218502  -0.01848265
9.556243  2.530412  0.0493267
9.5349865  2.8046446  0.07285349
9.534919   2.8050287  0.07245325
9.536751   2.8020782  0.07228792
7.3897076  2.7669022  0.03559425
7.381808   3.0557666  0.06664291
7.381992   3.0558147  0.06649201
7.3756757  3.0536828  0.06261627
10.579774    4.1982317   0.01327399
10.566116    4.5179253   0.02192401
10.565845    4.518157    0.02204158
10.561536    4.519102    0.02374237
0.7625064  3.711426   0.00439848
0.882229   3.9158056  0.05820354
0.88005435 3.9170582  0.05887244
0.5911718  3.9129808  0.03858471
2.7948558  4.741528   0.02615034
3.006827   4.744478   0.03197747
3.0067008  4.744782   0.03167927
2.707299   4.8844514  0.03540709
-2.3238363   7.7361355   0.03598341
-2.2668898e+00  7.9094687e+00  6.0904301e-03
-2.2670944e+00  7.9092975e+00  6.0316748e-03
-2.3605168   7.943977    0.01575803
-1.7722229   4.5353746   0.02549206
-1.7365842   4.684443    0.06536704
-1.7365636   4.684378    0.06544367
-1.7891817   4.7118278   0.06185471
-6.982408    3.8804445   0.01603576
-6.641853    4.0402536   0.02370128
-6.93775     4.2544575   0.02383116
-7.254027    4.1258025   0.02232726
3.3745     6.1408916  0.04474007
3.599844   6.2117014  0.07835785
3.5995917  6.211993   0.07819563
3.2796533  6.3091655  0.06927074
-2.7719696   1.3928553   0.02330464
-2.5087264   1.6732033   0.02732732
-2.6621933   1.798515    0.02674039
-2.8948596   1.6475646   0.02298731
-0.7338265   1.2224354   0.02271284
-0.6686321   1.4260192   0.05530963
-0.6688235   1.426162    0.05531725
-0.690439   1.4353569  0.0517317
 4.489835   10.565423    0.02419038
 4.757069   10.640712    0.03862638
 4.756654   10.64094     0.03876669
 4.4058714  10.742085    0.03846869
0.7848136  6.9469037  0.06190449
0.8411972  7.10833    0.03480112
0.8413831  7.108244   0.03479417
0.81158346 7.138865   0.03890663
4.154387   9.043495   0.03239574
4.4175296  9.095523   0.03317768
4.416906   9.09578    0.03298698
4.0804486  9.222927   0.03698261
-0.543753    3.822823    0.01038161
-0.46901184  4.016817   -0.01452987
-0.46936798  4.016711   -0.01454544
-0.60549825  4.045284   -0.00554075
-2.1078994  10.664387    0.03157739
-1.8402566  10.8033495   0.02518106
-2.0929158  11.006617    0.03178747
-2.3481777  10.834752    0.03555695
-1.3510385   9.391366    0.02536142
-1.0836712   9.532998    0.02646981
-1.358481    9.7078705   0.02927553
-1.6313372   9.554517    0.03352451
-7.880505    2.970716    0.04254748
-7.5381937   3.0747743   0.04273202
-7.774866    3.3471503   0.04502201
-8.169935    3.2184894   0.04900065
2.1343322  9.67164    0.03165307
2.0921426  9.75358    0.02608726
2.0919337 9.75361   0.0260657
2.0930226  9.756999   0.02869201
 2.5168073   7.0667796  -0.01148756
 2.6443815e+00  7.2490988e+00 -8.6153421e-05
 2.6440094e+00  7.2489219e+00 -1.6791609e-04
2.3756111e+00 7.3121119e+00 1.2162894e-03
1.0257325  4.997885   0.02732522
1.124835   5.1795144  0.00626896
1.125022   5.1792955  0.00609782
0.90587366 5.2275796  0.01564611
 3.3915682  11.482886    0.01819449
 3.3143842  11.717693    0.02392931
 3.3147225  11.718285    0.02379312
 3.3157117  11.718364    0.02657949
2.981276   8.568188   0.01189256
 3.0964942   8.766981   -0.02722339
 3.0964      8.766952   -0.02722351
 2.8991945   8.828447   -0.01591579
-1.4674857 12.133958   0.0288955
-1.2796063  12.390314    0.04067393
-1.5108528  12.55991     0.03790659
-1.7182733  12.288717    0.03169256
7.541066   4.086487   0.06125016
7.471691   4.3814387  0.06730492
7.471629   4.3814445  0.06742635
7.471723  4.383395  0.0659406
-1.2285535e+00  8.0592651e+00 -1.8298104e-03
-1.1423632   8.288273    0.03438703
-1.1556954   8.291105    0.03393076
-1.4121408   8.248822    0.02392571
-5.2911167   1.6380635   0.04027509
-4.9514065   1.7850261   0.04797433
-5.1809573   2.0512438   0.04364536
-5.5115056   1.8440741   0.04629766
1.7746981  1.7731081  0.04768015
1.7917837  1.999076   0.08126996
1.7922609  1.9990318  0.08138451
1.7352306 2.0039415 0.0693745
3.2577403  1.8343514  0.00905366
3.1966457  2.08175    0.00621791
3.1968918  2.0816724  0.00621476
3.1976893  2.0820525  0.00614648
4.8051887  3.2069898  0.04698462
4.693742  3.4584312 0.0407672
4.6945834 3.4584963 0.0410645
4.6949725  3.4660473  0.03979466
 8.469661    2.3716795  -0.01471119
 8.423755    2.6056347  -0.02697952
 8.423671    2.6056242  -0.02689795
 8.424888    2.6065447  -0.02571862
5.5977535  0.7098947  0.08408234
5.5945     0.7100028  0.08302309
5.5941253  0.7103954  0.08287447
5.5937223  0.71167344 0.08097458
1.1591626e+01 4.0354686e+00 3.2906211e-03
1.16499605e+01 4.24314451e+00 8.71697627e-03
1.1649840e+01 4.2430234e+00 8.8082682e-03
1.1652203e+01 4.2446890e+00 6.3801501e-03
7.0548463  1.1144567  0.05822344
7.047923   1.1176369  0.05649462
7.0466895  1.1184344  0.05617991
7.0476956  1.1207548  0.05731875
-1.4349221e+00  5.5347147e+00 -6.6439435e-04
-1.2998304   5.744452    0.03765728
-1.342515    5.756715    0.03653001
-1.6117319   5.726036    0.02601671
 2.1163642  -0.14584719  0.08014033
 2.1125891  -0.14811723  0.08071673
 2.1137488  -0.14608091  0.08194106
 2.1140068  -0.14116679  0.07935815
 1.8278497   4.2281003  -0.00644452
1.9661222  4.4051     0.03747668
1.966259   4.4049625  0.03745211
1.6889715  4.4419518  0.02497594
-0.02682466  2.8777616   0.0084506 
0.04351952 3.0510974  0.0085898 
0.04319702 3.051055   0.00847755
-0.18248817  3.092668    0.01173715
 6.2701139e+00  2.5186262e+00 -7.4029434e-04
 6.213896    2.7800155  -0.01253466
 6.213961    2.7800322  -0.01246051
 6.2140574   2.7812986  -0.01159122
0.12086357 7.807187   0.0449633 
0.24986148 7.997758   0.03206141
0.24938911 7.997695   0.03199629
0.01722582 8.006149   0.04274838
-1.7550347   6.853652    0.04244789
-1.6382955e+00  7.0617852e+00 -4.0975036e-03
-1.6381483e+00  7.0615997e+00 -4.1699903e-03
-1.8559294   7.056927    0.01155225
0.45881817 5.8952503  0.04882007
0.5676124  6.0838876  0.03438964
0.56769973 6.0838532  0.03433819
0.34884667 6.120079   0.04169079
 0.20633273  0.8208286  -0.02423573
 0.20064902  0.8149567  -0.0242186 
 0.20048082  0.8151654  -0.0240761 
 0.2009281   0.81632316 -0.02416759
3.6673038  2.887631   0.02927767
3.5726073  3.159144   0.02327044
3.572285   3.1590204  0.02341649
3.575391  3.1610484 0.0258962
-1.7068464   1.7771441  -0.01359356
-1.6565795  1.8476235 -0.0219452
-1.6572729   1.8475324  -0.02180835
-1.6559559   1.8473372  -0.02229059
-7.126607    5.1494184   0.04561167
-6.854402    5.3925724   0.04627622
-7.185771    5.54557     0.03986553
-7.419214    5.3175077   0.04680401
9.598107  3.6607249 0.0391152
9.572657   3.943368   0.06637367
9.572552   3.943497   0.06619588
9.574012   3.9413986  0.06545003
-4.726743    3.4919171   0.02421875
-4.4041753   3.6838977   0.02760082
-4.706042    3.902934    0.02634138
-4.991539    3.6985981   0.03031539
 4.9950376   1.2997186  -0.01819094
 4.930981    1.4577277  -0.03703789
 4.93127     1.4575695  -0.03707128
 4.930351    1.4571134  -0.03564443
-3.869132   1.871675   0.0168029
-3.537908   2.0655851  0.0210975
-3.803259    2.2733364   0.02288257
-4.083672    2.1041546   0.02453101
3.4715223  0.32393613 0.11557159
3.4617715  0.33408755 0.11595389
3.4618547  0.33406138 0.11571827
3.4608567  0.3357024  0.11422761
1.1842834  0.9913858  0.00521221
1.1588528  1.2167894  0.01288219
1.1581326  1.216935   0.01298251
1.1584085  1.218558   0.01134606
7.1489005  1.8467627  0.03244676
7.099735   2.1105382  0.04740233
7.0994105  2.1106422  0.04724578
7.1013107  2.1104054  0.04683482
-8.037438    4.146958    0.02423244
-7.694372    4.276946    0.02987545
-7.9947157   4.479176    0.03332005
-8.376216    4.39043     0.01951865
4.0181513  1.2475095  0.01758037
3.9563131  1.4958532  0.00658657
3.9562147  1.4960042  0.00658084
3.9550118  1.4978548  0.00706901
 5.296117    2.3043208  -0.00812755
 5.232156    2.5527854  -0.02074044
 5.2323093   2.5526376  -0.02078512
 5.2330112  2.552595  -0.0204352
-2.0304916   3.1665788   0.03005713
-1.9915032   3.3631039   0.03060946
-1.9970069   3.3644342   0.03037635
-2.0460048   3.3868906   0.02918964
-0.5488041   5.9997826   0.02427632
-0.45073283  6.218741   -0.02060977
-0.45096266  6.2187886  -0.0206442 
-0.6918714   6.226059   -0.00772461
-3.1755702   0.836835    0.04451293
-3.0172713   0.9551796   0.04492252
-3.0982902   1.0046688   0.04238661
-3.1675596   0.94002926  0.04551519
6.7915606  3.4641058  0.05848181
6.7751336  3.7526953  0.07730828
6.775439   3.752915   0.07715704
6.7745457  3.75487    0.07718059
10.424073    2.5646288   0.01427193
10.420142    2.5594227   0.01152777
10.420465    2.5594933   0.01152988
10.421053   2.5595837  0.0111427
1.4067656  2.9384668  0.02201305
 1.494851    3.0968382  -0.01703271
 1.4949988   3.096863   -0.01710667
 1.3720281   3.1653414  -0.00564385
-2.9404771   2.2417727   0.02684771
-2.657994    2.5131645   0.02865832
-2.8747683   2.7120395   0.02641732
-3.130522    2.4770055   0.02497813
3.8692100e+00 9.7352772e+00 4.7173984e-03
4.047724   9.9274     0.05482661
4.047729  9.927245  0.0549136
3.7670772  9.945554   0.03579349
-6.083494    3.743731    0.01771206
-5.747594    3.9047856   0.02204227
-6.032442    4.122343    0.02457827
-6.3332195   3.9908745   0.02395099
 8.645068    3.2340052  -0.00927985
 8.591197    3.493333   -0.02537663
 8.591167    3.4933472  -0.02531219
 8.592093    3.4947853  -0.02340524
2.1337166  5.139576   0.00698312
 2.282488    5.2680526  -0.00852923
 2.2824538   5.267938   -0.00858996
 2.0226665e+00  5.3615017e+00 -1.7533228e-03
10.801219    3.3697226   0.01158105
10.791755   3.652808   0.0223344
10.791939    3.6529226   0.02237836
10.790752    3.6539345   0.02095049
-0.8189937   0.56444925 -0.00788222
-0.8020906  0.556836  -0.0112959
-0.80344576  0.556787   -0.01137661
-0.79956466  0.55887794 -0.00967127
9.287826   1.9568449  0.05161381
9.282021   1.9702936  0.04841172
9.2824745  1.9706689  0.04829086
9.282002   1.9713018  0.04813978
-0.5391556   2.1240911   0.01755189
-0.46749154  2.3570096   0.05715776
-0.4678819   2.3566566   0.05714559
-0.674479    2.3377812   0.04457464
 3.9438989e+00  1.0944567e+01 -6.0815364e-05
 4.081577   11.166466    0.02908219
 4.081566   11.16632     0.02918298
 3.831574 11.192053  0.019308
1.5229267 7.215114  0.0322102
1.6364843  7.3994374  0.06896545
1.6364044 7.399305  0.068953 
1.4062413  7.4345794  0.06117033
0.1360378  4.321683   0.01292119
0.25211626 4.56271    0.07584275
0.25242478 4.562641   0.07578015
-0.00672433  4.50955     0.04713665
-2.136153    8.789921    0.01745111
-1.8581975   8.928387    0.03575721
-2.091503    9.112696    0.03129497
-2.3887775   8.962547    0.02650138
-5.8420987  2.9801748  0.0152297
-5.496856    3.1335454   0.02142582
-5.8002987   3.3652396   0.02222551
-6.113639   3.2254055  0.0208871
1.1013607  7.865096   0.04748337
1.0749058  8.082581   0.06640618
1.0753651  8.08218    0.06611382
1.0711081  8.086863   0.06609423
 2.3683193  10.48182     0.03992959
 2.2924802  10.554603    0.05197054
 2.2931645  10.554251    0.05186354
 2.2929025  10.554039    0.05341266
-2.4448452  7.0703034  0.0319403
-2.462852    7.0766563   0.03854612
-2.462621    7.076773    0.03859746
-2.4649847   7.0814376   0.03989036
3.3712816  6.9276643  0.01394797
3.591666   7.032802   0.03253115
3.5916104  7.0327673  0.03262379
3.2810163  7.130867   0.03325726
-4.8479457   4.201849    0.05129174
-4.6009855  4.461857   0.0494544
-4.911879    4.6601224   0.04812834
-5.122389    4.3884788   0.04846108
2.6958439e+00 5.7216558e+00 5.7095885e-03
2.8425395  5.920711   0.06869424
2.8430142  5.920681   0.06865007
2.570204   5.924275   0.04066253
-4.0760365   3.795131    0.05223376
-3.8561304   4.062486    0.05058734
-4.121417    4.250062    0.05389125
-4.3129616   3.992076    0.05207811
-7.671661    4.6372247   0.02576034
-7.299181    4.8791137   0.03781934
-7.630151    5.0463533   0.04194783
-8.039112    4.902169    0.03145695
-1.1920755  11.471303    0.02250427
-0.9600006  11.691364    0.04180021
-1.2450294  11.882489    0.03702611
-1.4786983  11.606174    0.03585174
-1.3290927   3.8061833   0.02043718
-1.2557956e+00  3.9470451e+00  3.9187213e-03
-1.2555572e+00  3.9468760e+00  3.8856033e-03
-1.2603829   3.9537017   0.00510098
 2.8571851e+00  7.8071604e+00 -5.3837802e-03
 3.0076396   7.983781   -0.01582296
 3.0073757   7.983791   -0.01586357
 2.7284832   8.046856   -0.00929716
1.971837   0.3650571  0.06550612
1.9064828  0.6114354  0.07946263
1.9056753  0.6115543  0.07989942
1.9107244  0.61047983 0.07905088
1.1702856  6.288937   0.02740802
1.2949413  6.469163   0.06495469
1.2948406  6.469019   0.06490501
1.0890453  6.512623   0.05752633
-8.478489    3.437794    0.03772987
-8.112511    3.5396118   0.04065837
-8.3674555   3.8248596   0.04469024
-8.831291    3.7340152   0.04473776
-1.8790244  11.550431    0.02447183
-1.6405071  11.72693     0.03087688
-1.8922269  11.899381    0.03430816
-2.1469927  11.696544    0.02882086
-2.0985451e+00  1.0816076e+00 -1.1598784e-03
-2.0385065   1.1251768  -0.01134463
-2.0384917   1.1252636  -0.01118633
-2.038419    1.1269469  -0.01089958
-2.1026766   9.705843    0.03316867
-1.8238561   9.825929    0.02650085
-2.074542   10.027472    0.03307229
-2.3385723   9.869407    0.03743215
10.120261    3.0824      0.01684193
10.073327    3.3434503   0.01963835
10.073346    3.3435657   0.01973788
10.074766   3.3437698  0.0199287
0.0081994  6.5315933  0.03220958
0.08681953 6.7985554  0.10782354
0.08688964 6.797865   0.10749108
-0.03005176  6.7400646   0.06911732
-0.94150716  4.8515058   0.02447921
-0.8499783   5.0459776  -0.02952919
-0.8501143   5.045799   -0.02979842
-1.1100168   5.049533   -0.00891918
3.0302827 9.400512  0.0124234
 3.162533    9.600116   -0.01323338
 3.1623378  9.6       -0.013242 
 2.9439616e+00  9.6501303e+00 -4.5546070e-03
-4.133176    3.0716448   0.02021082
-3.8014913   3.2761455   0.02427599
-4.107629    3.5022788   0.02375588
-4.396068    3.2856517   0.02690012
-0.03236293  1.4554867   0.0016134 
0.03637531 1.6494775  0.0189114 
0.03623216 1.649302   0.01892271
-0.14383423  1.6728226   0.01650957
2.7452974  0.25620577 0.0966313 
2.7271962  0.28597572 0.09227163
2.727784   0.28668308 0.09231222
2.726414   0.28761175 0.09299225
-2.531291   10.125307    0.03423446
-2.253602  10.289487   0.0231842
-2.4653847  10.565212    0.03280952
-2.7239254  10.3617735   0.04115917
-2.0307806  5.5200486  0.0144643
-2.0390148   5.5184236   0.00693696
-2.0389647   5.5181794   0.00693351
-2.039082    5.520715    0.01003751
-6.4430532   4.851741    0.05530986
-6.1933374   5.0977635   0.04795359
-6.481335    5.2919307   0.04931778
-6.7127953   5.049344    0.04799863
-4.6715693   1.8579413   0.03061357
-4.324322    2.0039468   0.03163472
-4.592137    2.238933    0.03343291
-4.879982    2.0770793   0.03617503
-7.2902336   3.2201355   0.02626164
-6.9535904   3.322399    0.02187427
-7.2242017  3.573549   0.0280207
-7.5209255   3.452743    0.02750821
-5.4815793   4.007315    0.02434801
-5.1796145  4.202496   0.0328908
-5.463374    4.4124947   0.03099667
-5.7485175   4.22406     0.03411136
-1.0799062   9.994832    0.02238656
-0.8253006  10.167429    0.02690988
-1.092907   10.328207    0.02902468
-1.3597044  10.141401    0.03121422
7.952679   3.5286021  0.02385757
7.9201727 3.8119605 0.0327135
7.9200583  3.8120563  0.03282252
7.9209495  3.8131025  0.03339296
-6.1385193   2.0122004   0.03749144
-5.806177   2.1520343  0.0452398
-6.034372    2.4195044   0.03931873
-6.3293123   2.2134879   0.04179009
-0.5682452   7.9966574   0.03823898
-4.4225568e-01  8.2002010e+00 -2.0737338e-03
-4.4268224e-01  8.2001085e+00 -2.1237272e-03
-0.7112795   8.199975    0.01275705
2.1481886  1.0496613  0.00434286
 2.0909803e+00  1.2979319e+00 -2.0514845e-03
 2.0904012e+00  1.2979344e+00 -1.9963428e-03
 2.0875859e+00  1.2994287e+00 -4.7947257e-04
1.7073063  9.121081   0.04545112
1.6324637  9.211923   0.05724169
1.6327311  9.211832   0.05704078
1.6339595  9.212039   0.05835241
2.4081833  8.992371   0.01556561
2.5276866  9.182222   0.02501776
2.5276504  9.182128   0.02503488
2.3024971  9.234508   0.02484205
0.70531505 2.7307897  0.00562101
0.82334214 2.9038186  0.01829811
0.8232038  2.9034874  0.01819433
0.5483291 2.9488895 0.020762 
 2.905877   10.796829    0.02613131
 2.8526335  10.971869    0.03066333
 2.8526258  10.97215     0.03061796
 2.8533673  10.975018    0.03322303
1.7223501 3.600546  0.0176375
1.832892   3.7240322  0.00987678
1.8328274  3.723826   0.00985773
1.6522206  3.8070154  0.01482603
9.8429963e-02 3.5820777e+00 7.2396547e-04
0.18162239 3.7794058  0.0340986 
0.18183753 3.7794013  0.03407234
-0.05495459  3.7923963   0.02739327
2.8362808  6.490529   0.01579885
2.9811261e+00 6.6438169e+00 2.6906363e-03
2.9807258e+00 6.6439447e+00 2.7176298e-03
2.7328365  6.734551   0.00706907
-2.6314993   0.4198704   0.05376018
-2.6310816   0.41265377  0.05105465
-2.6303627   0.41193715  0.05151558
-2.6289525   0.40993747  0.05051698
-6.6388354   3.2726805   0.01444614
-6.297025    3.4266498   0.02374794
-6.591187    3.6505075   0.02426503
-6.9083247   3.5228949   0.02102737
-3.5078533   2.612412    0.01608612
-3.1934128   2.8147418   0.02165629
-3.465165    3.0315175   0.02301705
-3.7402914   2.8390996   0.02536348
-5.573517    2.3106096   0.02515101
-5.2309318   2.4507308   0.02662807
-5.505832    2.6863468   0.02833945
-5.7924      2.5452769   0.03186126
2.520399   3.542586   0.03409639
2.616909  3.6855183 0.0719085
2.616833   3.6852775  0.07180902
2.4186444  3.7305741  0.05846842
-7.0407667   4.4924045   0.02327754
-6.7127867   4.672047    0.03213105
-7.014999    4.867552    0.02774323
-7.3095536   4.706045    0.03062665
-1.2441001  7.3964653  0.0219347
-1.123029   7.61901   -0.0190168
-1.1228205   7.618703   -0.01921762
-1.4008243e+00  7.5892148e+00 -2.4958421e-03
 7.7739382e+00  2.0668221e+00 -5.0546285e-03
 7.730992    2.3258615  -0.00829603
 7.7305393   2.3258276  -0.00822397
 7.7296805e+00  2.3261924e+00 -6.7586033e-03
-1.6908858  10.215283    0.02616324
-1.4301502  10.369005    0.02661518
-1.7238246  10.537132    0.02762209
-1.979716   10.376579    0.03520926
-2.6720843   3.1186314   0.04063961
-2.5112784   3.4381175   0.02943921
-2.6506336   3.5799904   0.03539123
-2.777182    3.3915677   0.03245465
3.6680064e+00 8.5721188e+00 1.4467053e-03
3.8466606 8.750778  0.0372804
3.846403   8.750828   0.03736694
3.5666308  8.802032   0.03022549
-1.2689352   0.08711964  0.04849695
-1.2670757   0.08087734  0.04754306
-1.2674272   0.08004809  0.0474923 
-1.2638416   0.07918604  0.04991295
-1.4327886   0.83276266 -0.01376454
-1.3372614   0.9476078  -0.02394648
-1.337278    0.94751734 -0.02368683
-1.3377335   0.94768673 -0.02461771
-0.78173864  3.1794896   0.0134943 
-0.72328067  3.345584   -0.01686842
-0.7231143   3.3452973  -0.01694005
-0.76777047  3.3777971  -0.0116732 
-4.4893517   2.418097    0.01701706
-4.1451526   2.593919    0.01911855
-4.4282594  2.820934   0.0208777
-4.712094    2.6563513   0.02434847
2.6104927  1.9234191  0.01586297
2.547531   2.1475616  0.00500503
2.547911   2.147397   0.00498938
2.549087   2.1487374  0.00542992
-0.51323557  9.491679    0.03461421
-0.26484615  9.664557    0.04009175
-0.4109199   9.793399    0.04318693
-0.72108173  9.652754    0.03318704
-9.0249497e-01  8.5733128e+00  5.2138343e-03
-0.7606916   8.809861    0.06191807
-0.7867568   8.82318     0.06250701
-1.0833038   8.745116    0.03646292
5.5208898  2.9333248  0.06815007
5.5030107  3.2228816  0.09570532
5.5030484  3.2230854  0.09546709
5.500427   3.2186093  0.09333179
-6.3452463   4.2801385   0.01992776
-6.0415335   4.468817    0.03196893
-6.3145857   4.6728797   0.03163324
-6.602357    4.502997    0.03063275
 1.4765807e+00  5.4746933e+00 -6.4408220e-04
1.5912567  5.653985   0.02514331
1.5912908  5.6538777  0.02506355
1.3838568  5.7144055  0.02354225
-1.1034123   6.3432164  -0.01437245
-0.9793309   6.5866923   0.03474179
-0.97916067  6.5865135   0.03469989
-1.2738898   6.530465    0.02026613
-1.7756326   2.3055313   0.04148185
-1.7232981   2.4824922   0.06582028
-1.7233754   2.4826086   0.06591503
-1.7230455   2.4821875   0.06572437
3.48863    0.9847101  0.01490099
 3.4134903e+00  1.1531702e+00 -1.8069155e-03
 3.4138730e+00  1.1531368e+00 -1.7905540e-03
 3.4132187e+00  1.1550167e+00 -8.7830122e-05
-5.324307    3.425135    0.01821918
-4.98512     3.5905423   0.02118642
-5.270645    3.8191962   0.02304698
-5.5680776  3.6622922  0.0262042
 2.4118602e+00  8.1841984e+00 -4.4780634e-03
2.5297823  8.405124   0.04700649
2.5298214  8.405011   0.04703528
2.2926528  8.416429   0.02904704
1.1755681  2.1560416  0.02050103
1.2266744  2.3640578  0.02592627
1.2265807  2.3639393  0.02591677
1.0684279 2.396928  0.0249712
-6.3523817   2.6927369   0.02242872
-6.014351    2.817612    0.02325341
-6.292722    3.0618422   0.02676559
-6.58433     2.933669    0.02714474
 1.1368284   4.401558   -0.00528629
1.2765068 4.561158  0.0135219
1.2769843  4.5608644  0.01340935
0.99740446 4.620111   0.01613488
3.7518032 2.26904   0.0116613
3.676876  2.526181  0.0052383
3.6769736  2.5262082  0.00536765
3.6781766  2.5269394  0.00564198
6.8907056  2.4377007  0.01477963
6.838137   2.7050407  0.02058121
6.8379273  2.7051394  0.02060935
6.8379793  2.7059333  0.02165388
-2.5570817  10.918514    0.03807896
-2.2989833  11.1173725   0.02864594
-2.504936   11.386231    0.03469078
-2.7708278  11.185853    0.04124555
-2.5805256   8.533898    0.02046112
-2.3948984   8.727935    0.04033771
-2.5413737   8.865797    0.03479725
-2.7367303  8.773435   0.0317832
-1.0936539   1.9213154   0.02118818
-1.0419861   2.1047094   0.03536361
-1.0421543   2.1045554   0.03537621
-1.0634727   2.1234066   0.03537867
-1.8338164   6.1886163   0.02557586
-1.754637    6.4306016   0.09591208
-1.7546581   6.430607    0.09583826
-1.9676987   6.3693924   0.06414875
 2.1523159e+00  6.5670204e+00 -3.5249069e-04
2.2877543  6.739547   0.03520232
2.2876263  6.7392473  0.03508393
2.0231776  6.792548   0.02934603
8.0210409e+00 2.8052571e+00 2.5655422e-03
7.9990320e+00 3.0870240e+00 2.8944705e-03
7.9990816e+00 3.0870731e+00 2.9253382e-03
7.9983616e+00 3.0881801e+00 3.5343636e-03
 5.5044870e+00  1.5736184e+00 -4.1796211e-03
 5.442795    1.8060874  -0.01791531
 5.4431753   1.8059832  -0.01795688
 5.444043    1.807354   -0.01810366
9.994223   4.1670713  0.01397304
9.948374   4.4880185  0.02270381
9.948091   4.487895   0.02280859
9.947558   4.48629    0.02535589
1.1382279e+01 3.4587586e+00 3.2929704e-04
11.409247    3.6414065  -0.01501336
11.408931    3.641602   -0.01489547
11.412107   3.6436343 -0.0155788
 4.9119716  1.8174101 -0.0121275
 4.831227    2.0668893  -0.02025161
 4.831184    2.066956   -0.02031443
 4.8323407   2.0678794  -0.02006871
7.6378083  1.459608   0.02281202
7.6089044  1.4876324  0.01666962
7.609145   1.4877591  0.01657674
7.6100082  1.4891735  0.01781914
2.558662e+00 9.824653e+00 8.764990e-03
 2.6381702 10.046957   0.0508051
 2.637741   10.046865    0.05084676
 2.5552962  10.071397    0.04153149
-1.9178829   4.0810075   0.03057778
-1.9271286  4.1039715  0.0364866
-1.9275476   4.10399     0.03659819
-1.9265084  4.108571   0.0366301
9.2871475  3.06024    0.02454605
9.269753   3.35174    0.04186709
9.269715   3.3519416  0.04180143
9.271842   3.351006   0.04053897
-7.729606    3.6871033   0.02229577
-7.400159    3.7989962   0.02678898
-7.6886954   4.015737    0.02641494
-8.008609    3.930809    0.02182731
-1.9994107 12.248614   0.0300967
-1.7967085  12.507909    0.03616806
-2.0184407  12.6714      0.03385435
-2.220563   12.426162    0.03273036
3.0739188  2.4468527  0.00580341
 2.9948592   2.6528718  -0.00652654
 2.9950192   2.652509   -0.00659884
 2.997092    2.6542172  -0.00675073
0.05256095 2.2333257  0.00678977
0.14615747 2.4501376  0.05317626
0.14565594 2.449822   0.05315598
-0.11086679  2.4324086   0.03444967
6.511675   1.9417114  0.01267507
6.466161   2.235385   0.01491477
6.465709   2.2354388  0.01493818
6.461382   2.2368855  0.01465857
1.9655542  2.35574    0.04114192
2.0102065  2.5977926  0.07400964
2.0102174  2.5978012  0.07396746
1.8687501  2.6029582  0.05854075
0.07756637 8.382606   0.0316528 
0.21554041 8.615467   0.07739007
0.20997496 8.619061   0.07775187
-0.07859148  8.551767    0.06143221
 3.7933474  11.793       0.01789047
 3.807242   12.045636    0.03147801
 3.80733    12.0463505   0.03174336
 3.8046765 12.045033   0.0329641
4.4382873  0.7825383  0.07299941
4.402301   1.0289165  0.08980849
4.4020557  1.0291685  0.08965126
4.403531   1.0266169  0.08967996
3.9272308  0.5749365  0.07791074
3.8578742  0.77818984 0.08745731
3.8576405  0.77844745 0.08726419
3.8586833  0.7788693  0.08739743
-2.098173e+00  8.200895e+00  7.718226e-03
-1.930883    8.395431    0.03408941
-1.9732542   8.416677    0.03298255
-2.2764928   8.374337    0.02538696
3.642897   9.203409   0.03243772
 3.8003440e+00  9.3990316e+00 -5.4712775e-03
 3.8000262e+00  9.3990297e+00 -5.4556164e-03
3.5564358e+00 9.4540243e+00 6.0805413e-03
-3.3881087  1.5308747  0.0256828
-3.1100726   1.8172656   0.02982295
-3.3065953   2.0038712   0.03112788
-3.5620577   1.7818836   0.02872327
6.5201764  1.0885445  0.06982573
6.4669495  1.1979173  0.07185486
6.467135   1.1982961  0.07171381
6.467571   1.1989303  0.07329135
-3.742625    1.0052364   0.05510733
-3.509974    1.2390065   0.04505927
-3.6160932   1.4036287   0.05080201
-3.7416952   1.2196248   0.04611043
-2.3840706  2.1510034  0.0283749
-2.1381989   2.4209003   0.02925834
-2.2948093   2.5784142   0.02936103
-2.5198655   2.3916872   0.02495193
-4.1803068e-01  4.5119147e+00  7.4123475e-04
-3.0782411e-01  4.7006660e+00  3.5232475e-03
-3.0806702e-01  4.7006211e+00  3.4380353e-03
-0.5717011   4.719862    0.00809101
5.030874   0.68067133 0.07164287
4.98658    0.7453879  0.07221071
4.9864936  0.74594724 0.07204639
4.9865947  0.7479333  0.07307332
2.2500641  7.5659556  0.02367561
 2.365394    7.7568836  -0.01701274
 2.3653166   7.7566004  -0.01711539
 2.1467717e+00  7.8163691e+00 -2.8977888e-03
 3.5448794 10.50515    0.0269648
 3.694232   10.690656   -0.01806067
 3.6944165  10.690276   -0.01805736
 3.5660002e+00  1.0749937e+01 -3.7185196e-03
-2.7400723  7.61144    0.0650299
-2.756371    7.6149983   0.07038965
-2.7562296   7.614903    0.07029574
-2.7573702   7.616085    0.07133146
9.045786   2.3042066  0.01171907
8.994135   2.5699632  0.01509232
8.993761   2.5701585  0.01516637
8.993207   2.570725   0.01534853
6.3347077  3.063856   0.03982586
6.2875953  3.3413022  0.04527975
6.287623  3.341425  0.0453879
6.2888317  3.3430552  0.04680352
9.907348   2.3157794  0.04357043
9.905761   2.322011   0.03984561
9.90553    2.3223925  0.03942883
9.907463   2.3221807  0.03912015
1.2308998  1.5477993  0.01175342
 1.239797    1.7749287  -0.01164914
 1.2396208   1.774912   -0.01167115
 1.2026358   1.7945795  -0.00491658
-0.10865702  7.2684174   0.01987445
0.05434506 7.4691477  0.02456813
0.05394513 7.469172   0.02454037
-0.24253812  7.4667177   0.02986844
3.0959885  5.5635533  0.02713157
3.2998345  5.5936136  0.03102019
3.2994897  5.5939193  0.03070933
3.0085638  5.726366   0.03455339
-1.4554338   8.556239    0.01777345
-1.1712881   8.711236    0.03846451
-1.3998384   8.881338    0.03088907
-1.6934375   8.738768    0.02788134
-7.2357364   2.6556609   0.03831921
-6.901939    2.7819653   0.04263771
-7.1258793   3.0571764   0.03820171
-7.4238157   2.858398    0.04222249
 8.3197250e+00  1.8429645e+00 -1.7766096e-04
 8.236371    2.0176115  -0.00981535
 8.236576    2.017655   -0.00972894
 8.237123    2.0183659  -0.00902727
-1.52585     4.980819    0.01876811
-1.3075134   5.144013    0.03253042
-1.454811    5.238088    0.03173152
-1.7215362   5.179158    0.02554126
2.601841   4.2190094  0.02613255
2.7854137  4.215974   0.02864783
2.7852836  4.216218   0.02836392
2.513879   4.360739   0.03471977
0.46399716 5.343765   0.01227835
0.58159536 5.5269194  0.04351391
0.58173376 5.526793   0.04345812
0.3208642  5.558118   0.03964045
9.002412  3.6787312 0.0102101
8.981919   3.9613872  0.00920325
8.981731   3.9614842  0.00928812
8.9832306e+00 3.9622915e+00 8.6873453e-03
 0.50737494  1.2099488  -0.0091813 
0.5505052  1.4391733  0.01310274
0.54983956 1.4390699  0.01306892
0.3807631  1.4501685  0.00741319
-1.8831022e+00  7.4113445e+00  6.6875573e-03
-1.7869388   7.632409    0.02971085
-1.7875854  7.6325445  0.0296434
-2.0020738   7.622485    0.02869212
 1.1101760e+01  3.8294227e+00 -1.4562567e-03
 1.1107482e+01  4.1063142e+00 -4.8036329e-03
 1.1107146e+01  4.1064124e+00 -4.7966666e-03
 1.1108227e+01  4.1082616e+00 -5.9916871e-03
-0.9067301  5.5614758 -0.0150699
-0.7927939   5.7736373   0.01410171
-0.7934013   5.774361    0.01417445
-1.0720786   5.763097    0.00816599
-2.2584448   4.586837    0.05750823
-2.2801986  4.5978527  0.0682444
-2.2808967   4.597497    0.06834254
-2.2778327   4.5977764   0.06749243
6.322696   3.792647   0.08126812
6.2526083  4.089334   0.08816304
6.2526045  4.0892086  0.08828007
6.2521014  4.090897   0.08740473
-1.2158552   4.417669    0.00723306
-1.1422673   4.5838633   0.01127608
-1.14266     4.5836473   0.01116825
-1.2988497   4.622138    0.01666061
10.133835    3.6592777   0.01431472
10.126465    3.97087     0.03248217
10.125706    3.970937    0.03254196
10.110183    3.9709196   0.02803884
7.4571218e+00 3.3437138e+00 6.9050603e-03
 7.3961043e+00  3.5952101e+00 -7.1746623e-03
 7.3961983e+00  3.5951307e+00 -7.1540987e-03
 7.3978739e+00  3.5965416e+00 -6.8169525e-03
0.01143093 5.561597   0.03975686
 0.10947526  5.788084   -0.02163374
 0.10937302  5.788229   -0.02170187
-1.1232693e-01  5.7909031e+00 -1.7071515e-04
 4.3837523 11.141991   0.018735 
 4.6066422  11.299476    0.03652462
 4.6059437  11.299099    0.03685363
 4.3294196  11.348591    0.03184184
-1.312098   10.701522    0.02325471
-1.0652841  10.875711    0.02873585
-1.3244557  11.043297    0.03327237
-1.5855169  10.853974    0.03296906
 3.3772945  10.921196    0.01204863
 3.4333735  11.158065    0.04656234
 3.4333155  11.157972    0.04660809
 3.3491113 11.185452   0.037497 
10.832165    2.8938577   0.05332153
10.833122    3.038289    0.06741933
10.834019    3.038528    0.06734084
10.83426     3.0360162   0.06587645
-1.2888254   1.3811226   0.00914339
-1.2068466   1.5552921   0.01333949
-1.2071451   1.5551052   0.01351527
-1.2078892  1.5573941  0.0134227
5.4778905  0.96445554 0.05719465
5.429188   1.2185235  0.07535564
5.4286757  1.2185712  0.07529151
5.4307485  1.2164468  0.07463241
 2.6677337   1.3727138  -0.00676395
 2.5887034  1.6153212 -0.0206498
 2.5888512   1.6153263  -0.02082609
 2.5892553   1.614592   -0.01873848
1.6561415  6.6452813  0.02082881
1.7672027  6.8229117  0.06427196
1.7669413  6.8226585  0.06417289
1.5436597  6.8705635  0.05494312
 1.7517664   4.770173   -0.00830081
1.8753092  4.933621   0.01365524
1.8756957  4.9335413  0.01363818
1.6269733  5.0048165  0.01130689
1.5191067  7.7048984  0.03138204
1.6168461 7.9248333 0.0760044
1.6169407  7.9247813  0.07604467
1.3781912  7.9335265  0.06048223
4.4837813  2.716065   0.07111222
4.442984   3.0040135  0.08791523
4.4430046  3.0040212  0.08785138
4.4419475  3.0013459  0.08862384
 5.807089    2.2307553  -0.01493652
 5.7441792   2.4654937  -0.02738918
 5.7443337   2.4653785  -0.02736652
 5.745288    2.466323   -0.02711293
4.059592   8.492412   0.02808433
4.3169184  8.53436    0.02644938
4.3157444  8.534949   0.02634339
3.99533    8.665852   0.03084368
 0.753049    0.77239406 -0.02592462
 0.7168815   0.8252696  -0.02612568
 0.7168172   0.82539976 -0.02598742
 0.71676344  0.8271264  -0.02592645
6.8167114  2.928608   0.02865141
6.7912593  3.23095    0.04484038
6.7910833  3.2310104  0.04491808
6.7894964  3.2302167  0.04201207
1.4289954  8.484004   0.04654167
1.3916091  8.546507   0.03447812
1.3916364  8.546686   0.03435631
1.3927971  8.549424   0.03678503
 3.9808145  10.284745    0.01222388
 4.147692   10.45277     0.01857568
 4.147775   10.452614    0.01862701
 3.8719938  10.525796    0.01807549
-1.5484884   3.2707467   0.02648014
-1.4833608   3.386057    0.02871428
-1.483359    3.3860054   0.02868257
-1.4889611   3.3924658   0.02752017
0.87979907 3.24759    0.01052045
1.0005993 3.4194202 0.0299311
1.0003079  3.4190693  0.02978363
0.72098494 3.474767   0.03161526
2.9785702  7.273543   0.01282766
 3.116248    7.446597   -0.02593451
 3.1158366   7.446692   -0.02587465
 2.855548    7.523895   -0.01431083
4.302275   9.93001    0.02484891
 4.5504456  10.016718    0.03234177
 4.549484   10.017423    0.03239138
 4.1833477  10.118663    0.03404907
-0.67104185 10.140612    0.02920122
-0.41662267 10.330093    0.04256334
-0.6854941 10.521622   0.0394218
-0.93457574 10.287017    0.0364048 
-1.7477723  11.099021    0.02319779
-1.4994571 11.252531   0.0259474
-1.7534953  11.424481    0.02714126
-2.009467   11.258985    0.03317574
2.6016812  5.1163297  0.00639431
2.7825186  5.216327   0.02398097
2.782632   5.2161684  0.02392894
2.4993258  5.32244    0.02553768
6.800407  1.5180731 0.0305167
6.730525   1.7685595  0.03261101
6.7300014 1.7685333 0.0324938
6.728925  1.7700373 0.0332934
-2.5831537   8.115453    0.01803969
-2.5897884   8.216665    0.03536341
-2.6502097   8.216752    0.03382132
-2.6784618   8.217425    0.03021323
3.958538   0.28312838 0.07907806
3.9582057  0.27800226 0.07856486
3.9580367  0.27849913 0.07859648
3.9592242  0.27929893 0.07811133
0.6811289  4.634264   0.01601921
0.78971964 4.8089175  0.03134641
0.78983086 4.8086624  0.03128644
0.5582739  4.8515377  0.03198535
0.49117297 6.478073   0.05043581
0.6358448  6.6527905  0.05109669
0.6359445  6.6527014  0.05105285
0.39675534 6.6903577  0.05633801
3.0562084  2.948091   0.04208666
3.022512   3.147134   0.03556231
3.0225542  3.1471393  0.03574157
3.025547   3.152595   0.03447254
3.3648186e+00 9.7433033e+00 2.4625114e-03
3.526289e+00 9.936815e+00 9.630890e-03
3.5260236e+00 9.9367676e+00 9.7071389e-03
3.265432e+00 9.989793e+00 8.427457e-03
5.0170646  2.7743926  0.06475714
4.9849386  3.0605521  0.08853906
4.985143   3.060673   0.08849908
4.9828343  3.0575426  0.08781715
0.18876816 4.8707685  0.01507469
0.3130824  5.1153464  0.08332536
0.31328475 5.1151695  0.08328442
0.07064365 5.0548515  0.04892652
-7.5284535e-01  7.4528017e+00  7.0529990e-04
-0.6318616   7.6651006  -0.01559168
-0.6320689   7.665026   -0.01561317
-0.9169444   7.648129   -0.00812838
 2.4256060e+00  6.1546340e+00 -2.5195936e-03
2.551564   6.3242097  0.01045273
2.5516753  6.3241916  0.01046041
2.305306   6.396135   0.00993826
 1.2780277e+00  3.8341701e+00 -3.7048757e-03
1.4243848  3.9982681  0.02978257
1.4241252  3.9979074  0.02963836
1.1311429  4.053461   0.02715639
 3.368316e+00  8.194185e+00 -6.300945e-03
3.5407338  8.368      0.01899556
3.540868   8.36798    0.01909703
3.2501626  8.43322    0.01628968
2.1877625  4.607799   0.00954088
 2.3488462e+00  4.7077007e+00 -1.6641861e-04
 2.3493915e+00  4.7075014e+00 -1.5779829e-04
2.0752952  4.812498   0.00547001
 3.8220022   1.7751367  -0.00714555
 3.734374    2.0435443  -0.01323817
 3.734139    2.043604   -0.01324699
 3.7350793   2.0433028  -0.01192279
8.265303   3.9489985  0.02781012
8.212099   4.236848   0.03133833
8.212155   4.2369657  0.03130985
8.212838   4.239391   0.03155083
-0.72718954  2.5915966   0.0171937 
-0.65350354  2.800362    0.05885718
-0.6537199   2.8001142   0.05887221
-0.84303164  2.795305    0.0459671 
7.1125894  3.8546584  0.05290219
7.059072   4.1414194  0.05807896
7.059049   4.1414666  0.05813524
7.0605283  4.1435194  0.05803468
8.743208   1.9719285  0.01226579
8.696986  2.1968703 0.0149642
8.696695   2.1970193  0.01493853
8.697344   2.1967027  0.01431684
 4.4354496   1.6938071  -0.01209528
 4.366162   1.9245979 -0.0224774
 4.366379    1.9245327  -0.02247906
 4.367484    1.9261239  -0.02185356
3.1149     0.57102454 0.03402022
3.0596726  0.6200528  0.03163994
3.059858   0.62011117 0.03166986
3.0603201  0.6204723  0.03237623
8.8948765  2.8069942  0.01101505
8.879294   3.0861218  0.02115966
8.879302   3.0863845  0.02130936
8.880113   3.0864391  0.02026604
0.8008916  7.472561   0.04815095
0.8251418  7.6816998  0.06577788
0.82538056 7.6817484  0.06587926
0.79357326 7.6993113  0.06454027
8.639061   1.6735426  0.04493683
8.637641   1.6730504  0.04209072
8.63779    1.6734656  0.04200174
8.637927   1.6749045  0.04214434
 3.9062657 11.413252   0.0157698
4.0262880e+00 1.1636124e+01 3.5278129e-03
4.0259614e+00 1.1635846e+01 3.5426917e-03
3.8636446e+00 1.1672852e+01 8.7956553e-03
-2.1107275   6.5821357   0.02322124
-2.0575476   6.780495    0.06908058
-2.0577507   6.7807374   0.06910191
-2.119248    6.791765    0.06514156
1.9992627  8.835742   0.02066104
2.0642333  9.0433     0.05386651
2.0641277 9.043158  0.053876 
1.9323658  9.077472   0.04767554
3.2039998e+00 8.9626055e+00 6.4541483e-03
 3.3460524   9.156464   -0.00937378
 3.3456297   9.156482   -0.00935488
 3.107827e+00  9.211444e+00 -4.128779e-03
-0.6927382   1.7191522   0.01374917
-0.6326643   1.8946381   0.01932404
-0.6325788  1.8945724  0.0193407
-0.6774905   1.9268538   0.02314269
1.8130963  3.067788   0.02196928
1.9231392  3.2432745  0.05878787
1.9233407  3.243075   0.05877573
1.6972575  3.2893696  0.04936085
10.118327    2.6341412   0.02687206
10.090057    2.8738      0.03483084
10.090244    2.8740537   0.03479664
10.092302    2.8747714   0.03508913
-1.3591375e+00  6.0263267e+00  5.8620898e-03
-1.2419274   6.214793    0.01565667
-1.2456247   6.216093    0.01537401
-1.5235784   6.2183747   0.01856751
-2.0065923   5.0520215   0.02605369
-2.0210047   5.063588    0.02938495
-2.021353    5.063253    0.02932884
-2.0205705   5.0681863   0.03040968
-0.35546026  3.2311623   0.01112896
-0.27520096  3.4127977  -0.01994523
-0.2754106   3.4128866  -0.01999664
-0.48824927  3.44894    -0.00986438
3.521335   1.4305843  0.02355867
3.446541   1.6956403  0.02888162
3.446456   1.695757   0.02882285
3.4461     1.6981573  0.02908691
4.061408   9.37801    0.02085203
4.2626524  9.53071    0.06968302
4.2621784  9.530522   0.06984667
3.9764726  9.563203   0.04999284
3.4379954  7.3717246  0.01216381
3.6581743  7.4923263  0.03466272
3.6579769  7.4922185  0.03473779
3.3547125  7.5827403  0.03387007
9.567652   4.1204014  0.01646135
9.504263   4.4287353  0.02139914
9.504079   4.4287605  0.02120128
9.505316   4.42969    0.02340726
-1.1493994e+00  6.9504371e+00  2.2227662e-03
-1.0165335  7.146255  -0.0109386
-1.0164126   7.145941   -0.01105593
-1.3003216e+00  7.1438971e+00 -3.6908723e-03
1.0503281 5.812297  0.0245676
1.1837596  6.0381074  0.08475827
1.1840262  6.0380306  0.08475789
0.92634046 6.022196   0.06233142
0.46774635 4.102062   0.03115309
0.58544093 4.278422   0.00543523
0.5854667  4.278169   0.00535766
0.33717895 4.3172097  0.01536877
-1.9174209   5.8823366   0.04492481
-1.8828195   6.0192184  -0.00654095
-1.8830955   6.0192356  -0.00646553
-1.9066983e+00  6.0330486e+00  1.6277181e-03
3.0091553  5.148161   0.03203727
3.21944    5.1491885  0.04741054
3.219306   5.149486   0.04708356
2.920491   5.2952824  0.04922215
2.0179114e+00 7.1881356e+00 4.5675207e-03
2.1369703  7.38345    0.03264682
2.136986   7.383122   0.03252999
1.8880814  7.4244475  0.02864958
 3.0718467  11.213209    0.04294477
 3.0063243 11.381446   0.0636457
 3.0065172  11.381762    0.06355073
 3.006334  11.380455   0.0631101
7.2399917  1.4131584  0.03608394
7.1929545  1.6196517  0.03678881
7.1926494  1.6198021  0.03665209
7.192869   1.6210623  0.03672591
2.337387   0.660834   0.01572375
2.2455835  0.8911332  0.00937305
2.2451806  0.8910406  0.00945228
2.2459583  0.8931631  0.01036777
-2.5355961   0.81609863  0.07632328
-2.5191798   0.8325161   0.07232482
-2.5199013   0.83271927  0.07250992
-2.5175853   0.8340766   0.07444677
-0.04071793  1.1206329  -0.01459775
-0.00777117  1.2221273  -0.02463841
-0.0083694   1.2220395  -0.02456009
-0.00952929  1.2273265  -0.0239673 
-0.45888332  5.4891047   0.01295171
-0.36988765  5.6968436  -0.02361579
-0.37014687  5.6969624  -0.02366155
-0.55813277  5.71972    -0.01394062
2.953236  6.0938473 0.006839 
3.1493495  6.222714   0.03960327
3.1495657  6.2225885  0.03968088
2.8383653 6.29893   0.0355432
-0.46953022  8.457884    0.03387987
-0.31837058  8.67124     0.03246106
-0.31890136  8.671015    0.03249096
-0.62840956  8.652957    0.03693829
7.7395396e+00 2.4922280e+00 5.6312373e-03
7.7085156 2.7709386 0.0163094
7.7084002  2.7709932  0.01634097
7.707524   2.7706535  0.01555384
3.6113122e-01 2.9495981e+00 1.4077052e-03
0.4595461 3.1569264 0.0468041
0.45718923 3.1577744  0.04742083
0.18900728 3.148409   0.03069269
1.245048   6.8840675  0.03541013
1.3304048 7.1055923 0.0949211
1.3305695  7.105582   0.09491381
1.1364918  7.1043663  0.07209832
 8.5627604e+00  3.6612306e+00 -4.1315332e-05
 8.506983    3.9354875  -0.01650029
 8.507085    3.9354393  -0.01652637
 8.509079    3.935744   -0.01525196
-2.0554416   9.245318    0.02223763
-1.7895098   9.378445    0.03096438
-2.0314367  9.551786   0.0307563
-2.3076096  9.3984375  0.0240065
3.4899044  6.5472183  0.03089694
3.719073  6.616968  0.0630033
3.7182004  6.617354   0.06295756
3.4071808  6.7204022  0.05875362
5.8034215  2.6346102  0.01029412
5.7439575e+00 2.8862479e+00 1.5019146e-03
5.7439747e+00 2.8862166e+00 1.6904813e-03
5.7452474e+00 2.8875093e+00 2.6388136e-03
2.4327679  5.4753723  0.02315041
 2.5448577   5.646024   -0.02789208
 2.5446112   5.6461163  -0.02786805
 2.3502555   5.7274685  -0.01533981
-0.9237443   0.85454476  0.04529895
-0.8792408   0.9606827   0.05294518
-0.8800735   0.960971    0.05295358
-0.8749777   0.9603484   0.05363204
4.8653436  2.4367006  0.01944907
4.800001   2.6960447  0.01509041
4.7999797  2.696106   0.01519651
4.8011656  2.6972716  0.01580826
5.9978395  0.84527457 0.05448719
5.9867477  0.8424782  0.05641858
5.986333   0.842867   0.05610048
5.986802   0.84405005 0.05675942
2.138465   3.422935   0.02230282
 2.2397327e+00  3.5311086e+00 -1.7779989e-03
 2.2397757e+00  3.5309582e+00 -1.7458943e-03
2.1076522  3.6129212  0.00767498
7.637831   1.676215   0.02969497
7.6071696  1.9360956  0.04681858
7.606584   1.9361851  0.04668406
7.606523   1.9349071  0.04559955
-0.69555455  5.1199665  -0.01909538
-0.56802917  5.3423543   0.03549723
-0.56805605  5.342373    0.03548983
-0.8619307  5.3055     0.014211 
2.2288263 4.1801457 0.0130915
2.3766522 4.3029065 0.0494323
2.376932   4.3027806  0.04948552
2.1157498  4.3756585  0.04103543
0.4895882  2.2973213  0.00693452
0.59303784 2.5109863  0.04858853
0.59278375 2.5104961  0.04847865
0.32773137 2.5037293  0.03548863
-1.7234876   0.65492016  0.03304541
-1.6728399   0.72562665  0.03231539
-1.6733588   0.7255087   0.03259265
-1.6709855  0.7277034  0.0352984
2.4862158e+00 9.4276295e+00 9.0182647e-03
2.5724156  9.647546   0.04364739
2.5722141  9.647458   0.04367621
2.3995845 9.677791  0.0357192
0.77186817 1.5285025  0.00596653
0.83195066 1.7511595  0.02383761
0.831568   1.7508807  0.02379489
0.61650395 1.7602592  0.01905144
1.5181004  1.2289646  0.01794351
1.4987969  1.4697137  0.03392152
1.4984256  1.4697461  0.03384188
1.4483137  1.4897746  0.02879368
1.0647514e+01 3.7313232e+00 1.1364566e-03
1.0623816e+01 4.0182695e+00 2.2280707e-03
1.0623532e+01 4.0184007e+00 2.2370412e-03
1.0621473e+01 4.0216184e+00 2.8896821e-03
 3.1993215  10.561126    0.01466394
 3.2976315  10.780701    0.02295639
 3.2972538  10.780519    0.02300584
 3.1252644  10.813157    0.02134228
-2.2711964   7.357372    0.02925109
-2.206807    7.513153    0.01797173
-2.2069538   7.5131674   0.01789647
-2.2854624   7.5477037   0.02585503
 3.3666792e+00  7.7765789e+00 -2.6188791e-06
3.5472672 7.933936  0.0217761
3.5471225  7.933904   0.02180466
3.2502065  8.015515   0.01928802
6.6458273  0.84437263 0.09114425
6.6457367  0.8401662  0.09259827
6.6452665  0.8405245  0.09288856
6.6459484  0.8395863  0.09149883
3.0385492 1.0519507 0.0456475
2.993377   1.3295703  0.06377135
2.9930656  1.3295914  0.06389213
2.992851   1.3277136  0.06340574
-1.6876234   2.6820495   0.05864267
-1.644413    2.8736756   0.09104289
-1.6444272   2.87393     0.09097775
-1.6425784   2.8696423   0.08865775
1.5135865 5.876657  0.0316723
 1.6345239   6.0513563  -0.00884234
 1.6346202   6.0511937  -0.00889839
1.5061159e+00 6.1138759e+00 2.6362129e-03
 4.4555507  11.569624    0.02004919
 4.672361   11.723717    0.02859863
 4.672304   11.723461    0.02931814
 4.464482   11.779705    0.02251785
-0.22264552  1.797072    0.01498758
-0.1627191   1.993651   -0.01831593
-0.16271067  1.9934065  -0.01839663
-0.25584263  2.0279517  -0.00843683
2.8528438  6.908722   0.01059133
 3.0045474  7.0641413 -0.0131624
 3.003891    7.064202   -0.01310743
 2.7539186e+00  7.1478434e+00 -5.0074691e-03
-1.1547256   3.3274517   0.01474741
-1.0825694   3.5071461   0.04220221
-1.0826733   3.5072007   0.04218326
-1.1860154   3.5406091   0.04196128
7.3196416e+00 2.2230372e+00 1.0052226e-03
 7.2575259e+00  2.4700375e+00 -6.3896179e-03
 7.2575488e+00  2.4700720e+00 -6.3225254e-03
 7.2581625e+00  2.4699695e+00 -5.9117377e-03
-0.6759965   4.2165837   0.00841917
-5.9312969e-01  4.3926110e+00 -3.2784878e-03
-5.9322596e-01  4.3926511e+00 -3.3335849e-03
-7.9148912e-01  4.4270439e+00  1.7458801e-03
-0.3426941  2.570842   0.005597 
-0.2628258   2.7549293   0.01802884
-0.26305205  2.75482     0.01806409
-0.46844175  2.776948    0.01773517
1.0405993e+01 3.3516536e+00 3.7380299e-03
10.368266    3.6041358  -0.01340109
10.368378   3.6041896 -0.0133184
10.368667    3.6059875  -0.01250912
 2.7557733  10.402061    0.02387458
 2.7666485  10.590141    0.01307351
 2.766662   10.590222    0.01312547
 2.765447  10.598475   0.0162043
2.1724675  1.9804481  0.05507703
2.1729512  2.228739   0.08319198
2.173483   2.2289538  0.08314043
2.1545563  2.2326097  0.07654841
 1.817699    5.289172   -0.02065131
1.9436357  5.4624643  0.00905259
1.9435657  5.462295   0.00899367
1.7072212e+00 5.5233507e+00 4.4473158e-03
-1.6100211   7.6605206   0.03270443
-1.5080699   7.8994374  -0.03140979
-1.5082453   7.899225   -0.03164165
-1.7025809   7.870154   -0.01023823
1.5345192  0.7869765  0.00357915
 1.4896481e+00  1.0097084e+00 -3.4535496e-04
 1.4892364e+00  1.0098350e+00 -2.0061998e-04
1.4893968e+00 1.0108035e+00 3.0758409e-04
2.154841   8.505112   0.04731806
 2.2567916   8.711255   -0.01142136
 2.256888    8.710986   -0.01148603
2.0772586e+00 8.7611475e+00 6.4260615e-03
8.506313   2.8223054  0.00964702
8.491565   3.1013222  0.02508325
8.491783   3.1014595  0.02495115
8.490891   3.1010299  0.02328472
 4.4155645  1.3364894 -0.0237744
 4.3412647   1.5078927  -0.04256476
 4.341545    1.5076065  -0.04263309
 4.3406405   1.5074703  -0.04224646
 2.3116586  10.035876    0.03207923
 2.2641675  10.147037    0.03457442
 2.2639632  10.1470785   0.03452049
 2.264646   10.15028     0.03737139
9.533681   2.2108684  0.03188781
9.511297   2.4211278  0.03993408
9.511381   2.4214332  0.03988381
9.513155   2.4212239  0.03944281
-0.7486753   6.527224    0.00733031
-0.62807053  6.7377234  -0.00881815
-0.628354    6.7378006  -0.00880611
-9.0019381e-01  6.7333517e+00 -1.5638103e-03
5.9857478e+00 1.8818626e+00 3.2915119e-03
 5.911882    2.1202197  -0.00769011
 5.911971    2.1202793  -0.00759994
 5.913002    2.1219146  -0.00695013
 5.518759    1.9511359  -0.00945866
 5.460333    2.2062688  -0.01866092
 5.4603605   2.206363   -0.01869781
 5.461117   2.206279  -0.0187787
5.2851024  3.1895356  0.04221055
5.204706   3.4577177  0.03481507
5.204993   3.457564   0.03493463
5.2070127  3.4595678  0.03529333
 2.7639813e+00  8.9003305e+00 -8.0884025e-03
2.9063013  9.120578   0.04385265
2.9063594  9.120491   0.04388002
2.6487677  9.122711   0.02356755
6.226423  3.4411452 0.0427937
6.148528   3.70797    0.03511513
6.1487293  3.7079253  0.03519162
6.1497765  3.709968   0.03568124
1.2464688  2.5565846  0.02116174
1.3520501  2.7468686  0.05106924
1.3519965  2.7467437  0.05107472
1.1006813  2.7853804  0.04540351
1.7122751  8.587363   0.03523962
1.7182775  8.746236   0.05786653
1.7181834  8.746339   0.05786699
1.715119   8.751256   0.05815218
 1.61591     0.4562099  -0.01302518
 1.547965    0.51902694 -0.0193187 
 1.548663    0.51954895 -0.01884511
 1.5488412   0.52087253 -0.01830983
0.8503776  6.213305   0.06073205
0.9260372  6.388918   0.01079426
0.9262863 6.3888655 0.0107613
0.90282714 6.409566   0.01724548
3.1652684  6.5676765  0.01050852
3.3554606  6.7355843  0.05938055
3.3553493  6.735618   0.05943808
3.0532937  6.7748427  0.04381624
8.1498785  3.1318283  0.03437958
8.149512   3.4298885  0.06554806
8.149575   3.4298759  0.06540988
8.146839  3.4262397 0.0613039
6.7078857  3.8209276  0.06541719
6.652326   4.110673   0.06965416
6.6524615  4.1106973  0.06966498
6.653261   4.112799   0.06918807
-1.5197731   2.1101034  -0.00934851
-1.4885079   2.1837192  -0.02449458
-1.489001    2.1834276  -0.02442006
-1.4886813   2.183214   -0.02365673
-2.3322482   5.7241797   0.07189766
-2.3439314   5.7250185   0.07511716
-2.3447418   5.725167    0.07520182
-2.3422332   5.7259436   0.07588696
7.528812   3.7218103  0.03899092
7.4813786  4.007527   0.04340773
7.4814634  4.007574   0.04328653
7.482466   4.0083737  0.04218766
-2.009645    7.8421264   0.01203619
-1.8974459  8.049939   0.0260043
-1.8977398   8.049623    0.02593086
-2.160689    8.027117    0.02676449
2.898995e+00 8.161820e+00 5.854083e-03
 3.0425308   8.351267   -0.03052319
 3.0421364   8.351304   -0.03052161
 2.7947783   8.41026    -0.01911667
0.2505101  7.0104227  0.02716187
0.34433228 7.247988   0.0809164 
0.34426254 7.2480397  0.08087557
0.13294905 7.2279515  0.0621794 
5.894999   3.057194   0.04952277
5.850629   3.341078   0.06062372
5.8507085  3.3411992  0.06059499
5.8519797  3.3413706  0.06122353
-0.10417839  4.0895514  -0.00658887
-0.02434429  4.3221707   0.04522467
-0.0240188   4.3222256   0.04521587
-0.25281155  4.294712    0.02687187
7.6970634  3.0668473  0.01973775
7.6615357  3.3438609  0.02764766
7.6618195  3.3439152  0.02772545
7.6625094  3.3444517  0.02763083
1.0893145  5.49205    0.01293655
1.2138957  5.676502   0.03163328
1.2141843  5.6763115  0.03155439
0.9434333  5.7237597  0.03278529
1.1641483e+01 3.7145855e+00 1.7924802e-03
 1.1722523e+01  3.8299537e+00 -1.7950259e-03
 1.1722370e+01  3.8300593e+00 -1.3941401e-03
 1.1725950e+01  3.8355863e+00 -2.6942575e-03
-1.099714    4.021797    0.01483715
-1.0202647   4.2436976   0.07092141
-1.0202427   4.243593    0.07092907
-1.0831841   4.2233343   0.05203728
 2.6082914e+00  8.5452461e+00 -6.4295866e-03
2.7396712  8.77689    0.04889763
2.7398202  8.77668    0.04890765
2.4873037  8.765386   0.02726382
5.4943833  3.5422971  0.10421222
5.4215627  3.8196774  0.11581196
5.421717   3.8188927  0.11588967
5.421793   3.8160968  0.11518065
10.453675    2.785035    0.03317058
10.420965    3.0176284   0.04334273
10.421549    3.0178878   0.04321112
10.422901    3.0177045   0.04353696
3.7120178  7.0079465  0.04242284
3.9484296  7.064995   0.07329885
3.9477935  7.065267   0.07324272
3.6466606  7.1644044  0.06659979
2.918492   1.6680787  0.05445522
2.8821464  1.9256859  0.07598354
2.882417   1.9258018  0.07590593
2.8835375  1.9228303  0.07518895
9.74426    2.0051212  0.07287613
9.7461405  2.003549   0.07120034
9.745944   2.003872   0.07093375
9.745792   2.002741   0.06999099
 8.2090883e+00  2.1073704e+00 -6.0494700e-03
 8.145016    2.362741   -0.00938128
 8.144639    2.36283    -0.00934217
 8.145768    2.362      -0.00922378
2.4846442  4.737505   0.01975601
2.652109   4.882147   0.07114203
2.6524272  4.882067   0.07114353
2.3741202  4.923537   0.05156863
2.663902   2.5193367  0.05736613
2.6650617  2.7604125  0.07808822
2.6655219  2.7605472  0.07814319
2.6635764  2.760257   0.07652075
8.036519   1.6472865  0.02021473
7.9840617  1.7224895  0.01520788
7.984263   1.722665   0.01516243
7.9853234  1.7239465  0.01590906
3.973994   2.4522383  0.06419639
3.949384   2.7385404  0.09077387
3.9495342 2.7384849 0.0910309
3.9460096  2.7328475  0.08871729
-0.348048    6.7413373   0.01200836
-0.22632588  6.945636    0.02747151
-0.226423    6.945766    0.02751646
-0.4789134   6.9590993   0.02623045
3.3636272  2.1966891  0.04987928
3.3343372  2.4567254  0.06776375
3.334552   2.45698    0.06761346
3.335445   2.4549646  0.06751384
-0.10580417  5.8805366   0.00762527
3.6796283e-03 6.1139894e+00 6.8560824e-02
3.8662206e-03 6.1140924e+00 6.8596780e-02
-0.24528654  6.0712304   0.04456996
 4.1864376  10.76435     0.01752907
 4.3534074e+00  1.0942244e+01 -2.8361133e-03
 4.3528199e+00  1.0942126e+01 -2.6722229e-03
4.1179981e+00 1.1008689e+01 3.1511784e-03
2.145389   7.9775133  0.03891184
 2.2629426   8.188635   -0.03210699
 2.262721    8.1883955  -0.03220032
 2.0798879   8.227671   -0.00977429
2.1299362  9.205622   0.01794973
2.1870766  9.415043   0.05186552
2.1871011  9.41517    0.05189532
2.1084142  9.446086   0.04691378
-1.0498987   2.3713055   0.03494192
-0.9840706   2.585588    0.07636155
-0.983959    2.585447    0.07629967
-1.0792203   2.5822716   0.06328016
1.2397313  7.331713   0.04023449
1.304392   7.5164857  0.06831603
1.3044152  7.5165668  0.06838456
1.145652   7.558579   0.06331997
4.817714   1.0111332  0.04067452
4.7568564  1.1622735  0.04139952
4.756895   1.1626308  0.04129475
4.75628    1.1635286  0.04284822
-0.8723521   7.8759146   0.02577872
-0.77668536  8.094851   -0.01406246
-0.7772831   8.094767   -0.01417965
-1.0055059e+00  8.0870047e+00 -1.6745180e-06
5.897457   1.1944835  0.05055641
5.852074   1.4637084  0.06414385
5.85205    1.4639317  0.06391966
5.8523593  1.4628236  0.06470438
-2.064399    6.981536    0.01289275
-1.9670115   7.171866    0.04035009
-1.9666935   7.1719804   0.04034431
-2.148253    7.1840954   0.03932096
1.4053414  4.7841425  0.01507589
 1.5282302   4.931771   -0.01850257
 1.5282573   4.931648   -0.01857348
 1.3506215   5.009307   -0.00810901
1.4062095  1.861166   0.03331836
1.4394479  2.0898433  0.06164041
1.4396483  2.0896614  0.06164987
1.270875   2.094608   0.04868601
1.1061198e+01 4.1534152e+00 8.2018264e-03
11.062713    4.4505835   0.01603682
11.062098    4.450692    0.01611838
11.062371    4.453014    0.01512378
11.172542    3.12388     0.02208193
11.176741    3.263237    0.01931029
11.176715    3.2635612   0.01941967
11.178165    3.2648876   0.02002209
8.976202   1.7518069  0.05863833
8.97698   1.7509419 0.0566066
8.9773     1.7509508  0.05661654
8.976309   1.7508866  0.05545536
2.109919   1.5394537  0.02430783
2.061889   1.7863371  0.03068218
2.06211    1.7864236  0.03078706
2.0641172 1.7866344 0.0307462
 3.3416224e+00  8.5866365e+00 -6.0986998e-03
3.5011778  8.776768   0.01165187
3.500966   8.7767515  0.01170373
3.2252786e+00 8.8325157e+00 8.5634142e-03
2.5075066  6.503346   0.01703174
 2.6323862   6.6598306  -0.02589769
 2.6319358   6.659777   -0.02591459
 2.4736526   6.742362   -0.01266768
11.624486    3.3660758   0.03650977
11.679779    3.4320529   0.04066053
11.679246    3.4324524   0.04103347
11.685912    3.4348745   0.03967093
 4.1037745  11.973671    0.01635826
 4.1835537  12.201366    0.02906855
 4.183946  12.201916   0.0296981
 4.1791434  12.199428    0.02972942
-0.45886156  1.4586698   0.01077999
-0.39392233  1.6432469   0.0125517 
-0.3936402   1.6430991   0.01253653
-0.43066022  1.6684939   0.0159851 
2.5102186  0.4227141  0.04058773
2.455848   0.49510187 0.0364766 
2.456153   0.49547517 0.03668487
2.4565356  0.49681345 0.03994757
0.1892823  1.9465454  0.01532988
 0.27202344  2.1379125  -0.02287985
 0.27204558  2.1375477  -0.02294469
 0.06738551  2.173782   -0.00801471
10.919388    2.699575    0.06967618
10.923696    2.7066004   0.06796812
10.923845    2.7067559   0.06774896
10.924407    2.706015    0.06701227
1.6157882  2.5223691  0.04193975
1.6926823  2.7619162  0.08657114
1.6928173 2.7618737 0.0865057
1.5218998  2.7479305  0.06521858
0.9144644  1.8907764  0.01361163
0.98157775 2.1092317  0.03484539
0.98158383 2.1089098  0.03481949
0.76528007 2.120981   0.02851826
3.7506104  7.438435   0.03118704
3.9977918  7.4613466  0.03358437
3.997074   7.461666   0.03336774
3.6843019  7.599942   0.03756189
0.9534822  0.55627286 0.01026147
0.93714464 0.5691139  0.01288514
0.93696344 0.5697248  0.01295584
0.9385858  0.5698847  0.01282962
9.4074354e+00 3.4103875e+00 3.0821054e-03
 9.3636856e+00  3.6861653e+00 -5.7676421e-03
 9.3635273e+00  3.6862123e+00 -5.6654573e-03
 9.3656588e+00  3.6860936e+00 -6.8274196e-03
0.5948413  4.923283   0.01346792
0.7148768  5.1370306  0.07096799
0.7150238  5.136787   0.07095744
0.47617137 5.1175113  0.04927988
9.2598209e+00 2.6348186e+00 2.7963263e-03
 9.2099724e+00  2.8602662e+00 -7.8143310e-03
 9.2102346e+00  2.8603551e+00 -7.7092326e-03
 9.211479e+00  2.861670e+00 -7.309330e-03
0.33896345 3.41684    0.0245419 
 0.4472067   3.57508    -0.01136375
 0.44737178  3.5749626  -0.01142745
1.9460166e-01 3.6168671e+00 1.4069462e-03
3.2209408  0.6980883  0.06885394
3.1564612  0.9406254  0.07833895
3.15667    0.94089246 0.07830224
3.1579525  0.9392916  0.07887962
-1.6551110e+00  7.1210537e+00  6.5782741e-03
-1.5353869   7.374272    0.07359486
-1.5354853   7.374256    0.07356998
-1.7873558   7.297238    0.04646421
-0.23617902  3.6956046  -0.00757567
-0.15298739  3.9084592   0.03624818
-0.15305486  3.9083164   0.03623636
-0.3682681   3.8970034   0.02392934
2.7824657  2.1361551  0.05584633
2.767019   2.3926754  0.07858807
2.7675033  2.3928883  0.07851766
2.7652748  2.3908615  0.07695375
 1.5147691e+00  5.1151853e+00 -2.7404376e-03
 1.6733193e+00  5.2609301e+00 -7.4065244e-04
 1.6735264e+00  5.2605925e+00 -8.5950410e-04
1.3974767e+00 5.3305106e+00 4.3095849e-03
5.4428997  2.5826087  0.03256208
5.4126267  2.8494136  0.04693667
5.412849   2.8494613  0.04701676
5.416014   2.8492453  0.04648853
9.7837515e+00 3.1743026e+00 4.4764485e-04
 9.748012    3.4206636  -0.01557709
 9.748132    3.4206598  -0.01556904
 9.750323    3.4220774  -0.01613754
-1.6352062   3.9254835   0.02560093
-1.6120937   3.9899619   0.03159939
-1.6121837   3.9900703   0.03156983
-1.610957    3.9943695   0.03220821
 1.7636766   5.6471534  -0.00804931
1.9199665  5.8144164  0.01673914
1.9199938  5.8141418  0.01668699
1.6616663 5.8686733 0.0151927
0.25108543 1.5678406  0.01037239
0.33183968 1.8009404  0.06024951
0.33210266 1.8004857  0.06023866
0.11193152 1.7767557  0.03503793
-2.1642518   0.8176686  -0.01337877
-2.1558936   0.813556   -0.01787391
-2.156095    0.8134128  -0.01785493
-2.1579678   0.8136505  -0.01707152
7.055383  3.278255  0.0165587
7.0064383e+00 3.5253546e+00 2.0515800e-03
7.0066576e+00 3.5253503e+00 2.1474019e-03
7.0084705e+00 3.5271132e+00 2.7619482e-03
0.8200697  2.378797   0.01227845
0.92002535 2.5876398  0.0537374 
0.9200252 2.5873265 0.0536996
0.671094   2.589997   0.03969619
1.8592007  7.5064764  0.02985569
1.9835876  7.6771574  0.04741296
1.9836245  7.6769094  0.04735125
1.7576437  7.7389603  0.04672709
2.5318162  7.6928253  0.00930572
 2.6733878   7.8790817  -0.01307095
 2.6732087   7.878926   -0.01315456
 2.423159e+00  7.934334e+00 -3.934527e-03
1.4738982  8.900359   0.06831403
1.4432162  8.930319   0.07980105
1.4433652  8.930072   0.07980471
1.4448284  8.928904   0.07930096
9.748303   2.8032007  0.02708538
9.716362   3.0803492  0.04377729
9.716409   3.080482   0.04358042
9.718016   3.0795271  0.04354522
1.2086276  3.217596   0.00711948
1.3301237  3.399399   0.04381777
1.3302435 3.3991737 0.0437449
1.0731909  3.4406807  0.03588361
 6.8261123   2.1474845  -0.00730213
 6.763421    2.3854797  -0.02099565
 6.7637124   2.3852906  -0.02099283
 6.764795    2.384948   -0.02128889
-0.23235303  7.7689567   0.02137573
-0.07358155  7.9440007   0.03228257
-0.07370927  7.9439316   0.03226971
-0.34719118  7.9673815   0.03249922
 3.4122543 10.206244   0.0225141
 3.5647254  10.390182   -0.02413976
 3.5646133 10.389841  -0.0241396
 3.435943e+00  1.045495e+01 -9.690581e-03
5.804774   1.5123017  0.04762977
5.759602  1.7778782 0.0618429
5.7599764  1.778089   0.06154374
5.7602634  1.777327   0.06362165
3.865756   8.920432   0.02382661
4.0972667  9.037018   0.02937897
4.0971217  9.036894   0.02947312
3.7837367  9.13337    0.03184558
0.34810328 6.1330757  0.03922348
0.4522322  6.3810368  0.10367116
0.45267498 6.3810544  0.10369329
0.2185187  6.3277445  0.07397874
0.86692494 6.4946027  0.03772982
0.95463365 6.7033176  0.0924718 
0.9547163  6.703238   0.09245668
0.8222251  6.716175   0.07815929
1.975252   3.7173615  0.02166306
2.0898335  3.909587   0.07954551
2.0901837  3.909429   0.07941296
1.8526884  3.9138038  0.05214537
3.805288   0.81312954 0.0667333 
3.7515457  1.0856001  0.08060715
3.7510617  1.0856498  0.08055203
3.7526414  1.0843048  0.08144496
6.2911277  1.1843078  0.02985926
6.21397    1.3934319  0.01958001
6.214268   1.3933914  0.01958729
6.213888   1.3951147  0.01989594
-1.07025005e-01  4.81372023e+00  1.20094791e-03
0.01935081 5.001686   0.00947261
0.01944539 5.0015507  0.00945072
-0.24468146  5.028315    0.01211005
9.0806999e+00 3.3772340e+00 3.5672556e-03
9.0305910e+00 3.6418254e+00 1.2589070e-04
9.0305433e+00 3.6418877e+00 2.3798468e-04
9.0332327e+00 3.6423931e+00 1.6276362e-04
 7.1772699e+00  2.5895069e+00 -3.8664136e-03
 7.125042    2.8476841  -0.01405849
 7.1251616   2.8477063  -0.01401106
 7.1259065  2.8469877 -0.0142151
7.2063017  3.5562258  0.05311716
7.1845284  3.8446712  0.07064673
7.184658   3.8449285  0.07036108
7.1866617  3.8442032  0.07040164
 1.4612429   4.3634696  -0.00583877
1.5972457  4.554428   0.04172602
1.5972701  4.554212   0.04169764
1.3365247  4.5760417  0.02622583
2.7409122  9.598553   0.01585057
2.8509831e+00 9.8041315e+00 9.7116847e-03
2.850832e+00 9.803994e+00 9.717839e-03
2.6715395  9.846498   0.01276016
-2.0784324e-01  6.3108487e+00  1.0043979e-03
-0.09566388  6.541027    0.04803545
-0.09567057  6.541097    0.04807561
-0.34355807  6.5207434   0.03512291
3.3152554  2.675381   0.07017321
3.2704415  2.9487433  0.08518556
3.2706232  2.948845   0.08525851
3.2716868  2.944705   0.08557172
 0.7876944   1.057663   -0.00672628
 0.8064481   1.2470129  -0.01167044
 0.8063127   1.2471155  -0.01160562
 0.7817494   1.2725165  -0.00880486
9.10543    3.9660645  0.03630992
9.059849   4.2699027  0.05078647
9.059542   4.2699203  0.05065298
9.059599   4.2697964  0.04956629
4.50866    2.4212875  0.02607338
4.4530573  2.690738   0.02736408
4.453098  2.6908271 0.0274717
4.45512    2.6914804  0.02776729
6.5498705  2.3531232  0.03477511
6.5292597  2.6334267  0.05964611
6.529489  2.6335335 0.0595157
6.5288043  2.6319337  0.05855752
-1.9489104   1.4162381   0.00257587
-1.8469565   1.5925803  -0.00520647
-1.8473551   1.592607   -0.00509439
-1.8500319   1.5938269  -0.00597527
-0.90283364  8.906111    0.03650789
-0.6215581   9.054663    0.03961723
-0.84624463  9.222505    0.03358553
-1.132771    9.090842    0.03744406
11.339665    4.151058    0.01743338
11.378321    4.411992    0.03078225
11.377787    4.412185    0.03061366
11.37998     4.4137273   0.02922178
4.23998    1.0089204  0.03021097
4.1506305 1.2445682 0.0268261
4.150964   1.2446281  0.02675927
4.15165    1.2460225  0.02655695
 4.204366   11.3749485   0.01355041
 4.3952036  11.568249    0.02030922
 4.3952093  11.56777     0.02036687
 4.175301   11.613177    0.01841943
1.1119686e+01 3.4833729e+00 1.0648978e-02
11.112882    3.7494156   0.02054665
11.112901    3.7495437   0.02064258
11.115351    3.7497191   0.01936116
3.6234741e+00 9.4758902e+00 5.5293664e-03
3.7610888  9.705165   0.06779115
3.761381   9.705086   0.06786454
3.5395455 9.695321  0.0403029
2.985993  5.7192216 0.0304704
3.1624715  5.8727036  0.08562162
3.162576   5.872728   0.08561713
2.8863661  5.898055   0.06133054
-1.8256338   6.540997    0.01134597
-1.7431061  6.76082    0.0498119
-1.743072    6.760869    0.04982385
-1.9451241   6.7431755   0.04453376
0.70702016 4.3105354  0.01059707
0.8392044  4.4973316  0.05143214
0.83965755 4.497131   0.05140053
0.5753496  4.5182548  0.04231523
-1.4347712e+00  6.8057075e+00 -3.5757907e-03
-1.308009    7.035794    0.03397902
-1.3077463   7.035578    0.03389723
-1.5878476   6.993582    0.02662664
-2.4192262   0.9795397   0.05837177
-2.3423193   1.151899    0.06537614
-2.3427365   1.1520518   0.06550799
-2.3390703   1.1535772   0.06711476
-1.4023874  4.060592   0.0323085
-1.3348781   4.2454147   0.08594586
-1.3345678   4.2452574   0.08601627
-1.3610117  4.236528   0.0752888
3.235475   7.0702667  0.01201152
3.4069986  7.2822227  0.07790471
3.40719    7.2822638  0.07791372
3.1252677  7.273913   0.04755863
7.9480066  3.8428905  0.04078758
7.9157777 4.1396675 0.0544011
7.9155726  4.139853   0.05424596
7.9153924  4.14053    0.05330018
3.8148472  8.309321   0.03096359
4.001383  8.483828  0.0903358
4.0009856  8.483913   0.09047346
3.7297063  8.49395    0.06325696
 3.2029243  1.5642338 -0.0175804
 3.13231     1.7726302  -0.03203397
 3.132705    1.7724198  -0.03207328
 3.132603    1.7726346  -0.03099716
4.723485   0.8406814  0.00821346
4.700145   0.84883684 0.00487563
4.700293   0.84858    0.00477232
4.69892    0.849797   0.00644749
8.235584   2.583755   0.02316985
8.215634   2.8666162  0.04378935
8.2155695  2.8667607  0.04359176
8.2169     2.8649766  0.04221174
-1.7565886e+00  8.0118170e+00  4.2307004e-03
-1.6696199   8.256887    0.06953727
-1.6698679   8.256691    0.06953815
-1.9021295   8.188979    0.04345368
-0.2507557  9.153254   0.040219 
-6.085276e-03  9.327039e+00  4.972321e-02
-0.01534973  9.328846    0.05068025
-0.3800347   9.308593    0.04420936
5.2026076 1.6396432 0.0385228
5.168768   1.9299506  0.05748361
5.1686616  1.9301143  0.05725253
5.16668    1.9289737  0.05728157
5.3181434  1.2211857  0.04056844
5.27689    1.4873344  0.05529714
5.276747   1.4876026  0.05493463
5.27619    1.4857762  0.05516881
-1.3844703e+00  1.0921965e+00  4.2543816e-04
-1.2996668   1.2598603   0.00254837
-1.300077    1.2598      0.00276783
-1.2982433  1.2605942  0.0046161
6.4996996  1.3692415  0.07730499
6.4594936  1.6354619  0.09955305
6.458728   1.635512   0.09941582
6.460155   1.6315683  0.09878971
 2.160567    5.808268   -0.00714136
2.2968452 5.995355  0.0375493
2.2972043  5.99529    0.03759577
2.0388987  6.0329285  0.02368836
1.1408162e+01 3.7370691e+00 8.5497871e-03
11.460786    3.9879138   0.02231296
11.460524    3.9879007   0.02226891
11.463614    3.9886744   0.02098551
4.646573   1.4558095  0.02763497
4.6009107  1.7362428  0.04120123
4.6007934  1.7363051  0.04110039
4.6004324  1.7357602  0.04195993
10.112614    2.5336094   0.02043499
10.094138    2.5612683   0.01418344
10.094257    2.561336    0.01435444
10.095477    2.5614038   0.01492619
-0.9747564   5.870627    0.00981029
-8.8667041e-01  6.0635643e+00 -6.0536056e-03
-0.8867655   6.0633383  -0.00618906
-1.1059624e+00  6.0784779e+00  2.5580633e-03
-0.82011884  3.7190607   0.01154694
-0.7520546   3.9061139  -0.03039289
-0.751705    3.9058359  -0.03042522
-0.76576793  3.9151928  -0.02815348
4.404373   3.0062432  0.07158307
4.321514   3.2828224  0.07530294
4.321813  3.2825472 0.0752728
4.323796   3.2822511  0.07474253
0.3385047  4.576544   0.04375191
 0.4558109   4.7721715  -0.00840158
 0.4560386   4.771894   -0.00850164
0.24002105 4.802446   0.00713165
2.82263    9.9283085  0.01948511
2.9266121e+00 1.0127702e+01 2.7914683e-03
2.9264240e+00 1.0127563e+01 2.8001780e-03
2.7623594e+00 1.0179801e+01 9.7167129e-03
1.7430841  6.3608317  0.04389318
 1.8399770e+00  6.5358143e+00 -1.5918794e-03
 1.8398219e+00  6.5354986e+00 -1.6800943e-03
1.7556386  6.590539   0.01183155
1.9297609  2.814038   0.03324129
 2.0005152   2.9570372  -0.00553907
 2.0011373   2.9569278  -0.00550113
1.9646301e+00 2.9990430e+00 2.1810504e-03
 3.6672447  10.86307     0.01161653
 3.7940814  11.070836    0.01555258
 3.7939746  11.070638    0.01564235
 3.5756905 11.109669   0.015109 
1.4441898  3.530872   0.02536693
 1.5366048   3.6806145  -0.02851784
 1.5365086   3.6804821  -0.02855262
 1.47879     3.7327461  -0.01548783
1.4629039  6.1624904  0.02212576
1.5742602  6.3575807  0.06247757
1.5742911  6.3573117  0.06238341
1.37569    6.3908052  0.05263077
3.3119626e+00 9.3621397e+00 3.9298330e-03
3.460471e+00 9.560720e+00 3.935853e-03
3.4600768e+00 9.5607538e+00 4.0365551e-03
3.2274373e+00 9.6087122e+00 3.8577931e-03
-1.025212    0.25779244  0.01018655
-1.0218148   0.25157923  0.00842297
-1.0232544   0.25218266  0.00818572
-1.0220199   0.252493    0.01023998
