 0.7818858   7.236803   -0.10082958
 0.44266173  7.3756175  -0.05485175
 0.6760424   7.5431023  -0.29421115
0.54341745 7.11032    0.1628027 
-2.5362477  1.268284   3.7435474
-2.5355325  1.2678493  3.7433167
-2.536056   1.2680719  3.7431614
-2.5373952  1.2715894  3.7434103
-2.5889182  1.3229728 -3.4266224
-2.5883281  1.3217467 -3.4256346
-2.5910056  1.3218114 -3.4242146
-2.5760212  1.3879235 -3.3942444
2.7703488 3.5365944 3.2182906
2.7668037 3.5368152 3.2157   
2.7613945 3.5477734 3.2044704
2.7588837 3.5403128 3.2154024
-1.4478574  6.9597044  4.894386 
-1.4470245  6.9596     4.893983 
-1.4455847  6.960767   4.89208  
-1.4450986  6.959573   4.8917165
 2.0795445  3.77313   -3.720507 
 2.0788062  3.7728393 -3.719278 
 2.0800178  3.7724323 -3.719691 
 2.0686634  3.7834399 -3.7089763
-5.235961    2.4430325   0.19187017
-5.235059    2.44231     0.19242258
-5.2346234   2.4424694   0.19066627
-5.2332892   2.444545    0.19288512
0.01401175 0.10419723 0.01016323
0.00097185 0.04942027 0.00932292
0.01494794 0.23787147 0.00774391
 0.01462169  0.3671894  -0.00082437
 4.788365    5.8387527  -0.26864064
 4.320205    5.974237   -0.25828516
 4.531823   5.991579  -0.5589309
 4.4637723   5.928102   -0.01202497
-3.1361349  5.842332   1.2668393
-3.1366477  5.843284   1.2667887
-3.134672   5.8426394  1.263543 
-3.1385937  5.8417497  1.2721701
3.0526826e-01 3.7151432e+00 8.1169186e-04
 0.2857201   3.6900313  -0.00532871
 0.30414447  3.7424824  -0.00769373
 0.35353476  3.8631632  -0.0068641 
2.002919 7.023022 3.795221
2.0001054 7.028975  3.7940745
1.9950445 7.0166306 3.7770293
1.9661694 7.0439873 3.7968106
-2.5725312   3.285295   -0.75686073
-2.5722969  3.2848372 -0.7569063
-2.5701504  3.2848296 -0.7583164
-2.5769029   3.2831616  -0.74914944
-0.95241857  7.325955    2.173053  
-0.95213324  7.3258867   2.1730576 
-0.9492788  7.324235   2.1698422
-0.95650685  7.3258862   2.176918  
-1.6450436  2.810341   1.7357991
-1.6450177  2.8105273  1.7355826
-1.6425921  2.810407   1.7337289
-1.6496445  2.8088799  1.7414141
-0.71735567  2.3725579  -2.304798  
-0.71667796  2.3717508  -2.3042736 
-0.7163149  2.3712652 -2.30579  
-0.7309038  2.386712  -2.2699332
 2.4512684  5.802379  -0.7596642
 2.0404441  5.615684  -0.7826142
 2.2515066  5.7907953 -1.0412556
 2.2280486   5.64411    -0.46413136
0.73488796 3.8909528  2.2105129 
0.7315455 3.8939939 2.2083669
0.74186957 3.9252207  2.1634986 
0.7548716 3.8949597 2.2259939
 0.7086266  4.2309237 -2.0765426
 0.7087963  4.231191  -2.0767214
 0.7094442  4.2307596 -2.078094 
 0.7061519  4.2309475 -2.0725658
-3.7075279  3.466556   1.2117113
-3.7078302  3.4666374  1.2117584
-3.7047355  3.4640746  1.2093656
-3.7098277  3.4660175  1.2106   
0.10163172 7.9278035  3.8130593 
0.10139225 7.9282894  3.8125215 
0.10315191 7.9262867  3.8088357 
0.09037545 7.926692   3.8189595 
1.0286322 7.1413317 2.1769705
1.0159256 7.1445003 2.1749094
1.0369534 7.1098595 2.0594132
0.9885653 7.181699  2.2340207
-0.26530635  1.9084362  -0.00314748
-0.2685129   1.9102806  -0.00754048
-0.267197   1.911598  -0.0067646
-0.27968937  1.9811599  -0.0076514 
0.03616306 5.621482   0.31448352
-0.01886659  5.61217     0.29160646
0.01728496 5.513272   0.21855764
0.01576995 5.967182   0.4040241 
 2.1146324  5.2934003 -2.6758716
 2.1145544  5.2936296 -2.6759434
 2.1151063  5.2909265 -2.678703 
 2.1104114  5.292191  -2.6697032
-3.035808   3.0283904 -2.506579 
-3.0368981  3.0284379 -2.50698  
-3.0369263  3.0281744 -2.5065958
-3.0322878  3.0325432 -2.4981098
-2.9571126  7.1238933  2.5261807
-2.9585817  7.1224093  2.526251 
-2.9508677  7.123669   2.5209515
-2.9552553  7.126477   2.524223 
3.021164  6.0015635 0.8417194
2.5688598 5.8188243 0.8533076
2.8111007  5.818707   0.57185113
2.790294  6.0360703 1.1372097
-1.5779256  6.4082546  0.6164898
-1.5777941  6.4077387  0.6165519
-1.5748843  6.4067273  0.6139365
-1.5872976   6.4128165   0.63451546
-3.0186894  2.7674696  2.9228778
-3.0186226  2.767342   2.9230106
-3.0170298  2.766298   2.92195  
-3.0173388  2.765732   2.923464 
-1.0104262  2.181983   3.2491357
-1.0110029  2.1828523  3.250152 
-1.0092152  2.18444    3.2476518
-1.0190866  2.1820953  3.2524734
-4.309839   3.2561407 -1.0406029
-4.310367   3.2564328 -1.0398104
-4.3086853  3.2573216 -1.0400512
-4.309803   3.2532961 -1.034238 
1.6641933 5.097783  1.0948538
1.1857327 4.705508  1.0096769
1.4053018 5.0131006 0.6712674
1.5109315 4.7629495 1.4737202
-0.41148612  8.357302   -0.8474161 
-0.4130588  8.356874  -0.8475604
-0.4127485  8.3620405 -0.8443626
-0.40937558  8.351903   -0.84140265
-1.7870089  7.4938498  3.4243522
-1.7864894  7.4939613  3.42395  
-1.7833679  7.4922214  3.4206254
-1.7896584  7.4941254  3.428262 
-1.3302431   2.979222    0.05306685
-1.3311168   2.9791458   0.05322457
-1.3310002   2.9805171   0.05117869
-1.3377345   2.9770944   0.05705139
-0.12868266  6.7944202   1.1632195 
-0.12803805  6.794835    1.1633775 
-0.12804939  6.7947936   1.1622764 
-0.1365393  6.7994194  1.1703911
 0.7440475  3.7162547 -3.3732316
 0.7436357  3.7162046 -3.3736963
 0.74497217  3.7163286  -3.3741832 
 0.7438838  3.7216911 -3.3661184
 3.6364431   6.284505   -0.77957225
 3.174192    6.1731114  -0.79807615
 3.399908   6.3893642 -1.0399585
 3.4098675  6.115539  -0.5530261
-2.446008   3.2736282  0.6983492
-2.447693    3.2743785   0.69759744
-2.4444137   3.275527    0.69161165
-2.4591284   3.2741537   0.71202564
-1.5201004  2.8009398 -1.3638428
-1.520278   2.8010488 -1.364006 
-1.5184889  2.7998757 -1.3654999
-1.5241299  2.8039467 -1.3567177
-2.0141325  2.2210083 -2.681582 
-2.0140254  2.220367  -2.6815877
-2.014073   2.2186415 -2.6831205
-2.0208411  2.2369747 -2.6636357
2.5089796 6.7273483 2.1809592
1.8676465 6.91405   2.1513238
2.1307228 6.7216635 1.689284 
2.177489  6.8788157 2.5851207
2.2073817 5.3835487 2.017451 
1.8380964 4.951072  1.8930519
1.9916676 5.411317  1.6080291
2.1067789 4.9248347 2.271466 
-3.656208   5.589453   2.4255617
-3.6546886  5.59035    2.4271045
-3.6546426  5.5889907  2.4263732
-3.6568072  5.593501   2.4238622
2.7171307 6.039912  4.1877155
2.6995656 6.0455737 4.172341 
2.6928308 6.203679  4.0426545
2.649408  6.0648184 4.1880527
-2.0282888  6.8778076  1.7307016
-2.0284007  6.877774   1.7305852
-2.0253592  6.8771825  1.7276921
-2.0339167  6.8794456  1.7354852
-3.5457041   3.225955    0.01833327
-3.5458684   3.2257433   0.01866917
-3.543516    3.2256563   0.01600699
-3.550215    3.2260382   0.02220589
 1.3372937   5.0860944  -0.11101775
 1.0973074   4.8822713  -0.12713118
 1.2170527   5.04005    -0.35032874
1.2411475  4.9780746  0.14883824
0.08168778 7.579848   2.6946976 
0.08186033 7.5796857  2.6944811 
0.08470102 7.5776668  2.6920757 
0.07581933 7.5794625  2.698707  
1.6027657 3.7033627 2.9475586
1.6014851 3.7037137 2.946899 
1.602056  3.7021227 2.946842 
1.5993749 3.7024732 2.9482396
-2.7955167  3.258387   1.886051 
-2.7947345  3.2571228  1.8860848
-2.7947721  3.2583168  1.8834585
-2.7945395  3.2545676  1.895178 
1.1748934 7.698444  3.4939044
1.1478314 7.7141414 3.4867845
1.1654152 7.622893  3.3541222
1.0929433 7.7685156 3.50832  
-0.83399844  7.160527    0.07264319
-1.1012     7.110359   0.0406429
-0.9582471   7.441502   -0.13127138
-0.96381754  6.8549004   0.27190816
-2.1263824  2.0773582  3.142657 
-2.126199   2.0778508  3.142607 
-2.1242495  2.0794282  3.13987  
-2.131032   2.0728772  3.149152 
-4.650876   3.1043553  0.8171679
-4.650647   3.1044595  0.8171891
-4.6482882  3.103611   0.8152871
-4.649787   3.1049755  0.8172499
-0.62853026  7.5325265   4.505663  
-0.628919   7.5327907  4.5050526
-0.6256874  7.5346565  4.504457 
-0.6331813  7.532166   4.5077753
3.7933023  6.1681404  0.10223264
3.3838096  6.099764   0.10011217
 3.5788772   6.1632066  -0.13730922
3.5693555  6.153853   0.31174535
-0.78551227  2.5059738   2.2781403 
-0.7859969  2.505642   2.2784805
-0.7864715  2.508239   2.276428 
-0.7950759  2.5041878  2.283881 
 1.4613155  4.298645  -2.8889518
 1.4617697  4.298385  -2.889011 
 1.462748   4.2978005 -2.8904674
 1.4552938  4.3005924 -2.8799045
 1.5255094  4.919025  -1.7760153
 1.459133   4.8668456 -1.7801301
 1.5014188  4.8580923 -1.8700411
 1.468248   4.937439  -1.5109341
-2.5055401   6.035187    0.40245107
-2.5061302   6.035066    0.40261135
-2.5020127  6.0357018  0.4004966
-2.508046   6.0381117  0.4267421
2.842225 6.66769  2.823445
2.3296447 6.8655415 2.7982616
2.549094  6.9005823 2.3773057
2.5507095 6.659121  3.2643688
-0.7194859  7.560293   3.3868353
-0.71922857  7.5607543   3.386879  
-0.71682894  7.5599885   3.384695  
-0.7223073  7.559892   3.3902135
-2.388091   3.0283227 -1.7278252
-2.38809    3.027958  -1.7278973
-2.3868334  3.0269735 -1.7288928
-2.3904395  3.031114  -1.7231607
0.09293891 1.0475385  0.00978711
0.08502114 1.0033251  0.00312936
0.09986556 1.1640615  0.00537501
0.09401959 1.3153127  0.00502216
-2.91237    2.1454854 -3.1141808
-2.9136288  2.146256  -3.115426 
-2.9141538  2.1450326 -3.115614 
-2.9127584  2.1715186 -3.1005914
-1.0389264  6.8868794  1.3045193
-1.038807   6.887221   1.3048811
-1.0357925  6.8859253  1.3022052
-1.0452607  6.8871517  1.3087782
-3.3842688  3.4056847 -1.1808639
-3.3852081  3.405415  -1.1810725
-3.383381   3.405744  -1.1816746
-3.3832972  3.4031298 -1.1695546
-4.4154716   2.950842   -0.06026797
-4.4154882   2.950843   -0.05994974
-4.4141054   2.950848   -0.06193959
-4.4180245   2.9501157  -0.05619865
-2.9553103  6.3868275  1.9930288
-2.9559755  6.3869867  1.9931208
-2.953492   6.3873215  1.9904683
-2.9614527  6.3869405  1.9986382
2.4386683 4.6662874 2.3876112
1.9822044 4.536879  2.307562 
2.1599586 4.935738  1.9187675
2.2349622 4.204141  2.6663787
-2.2515602  2.7222226  2.4022307
-2.2513256  2.7223668  2.4024415
-2.2493262  2.7224023  2.3997371
-2.2566907  2.7205296  2.409336 
 0.8126145  4.4629707 -1.2007989
 0.80551016  4.4613066  -1.2015685 
 0.81403005  4.461094   -1.217745  
 0.85367066  4.489228   -1.1123476 
-1.1294501  2.0342865 -3.0337813
-1.1298298  2.0348804 -3.0341156
-1.1300715  2.0358012 -3.033851 
-1.1373166  2.037755  -3.0201683
1.8143548e-01 2.8325291e+00 1.3337261e-03
 0.17024238  2.8155668  -0.00551801
 0.18491942  2.879394   -0.00640952
 0.19774492  3.0195765  -0.00356311
-1.5816957   3.0146065   0.89252114
-1.5809704  3.014166   0.8931746
-1.5810537  3.0139246  0.8914234
-1.5846996   3.0139067   0.90118134
 2.1497917  4.734694  -3.3367164
 2.1491704  4.7348084 -3.3365302
 2.1491199  4.7351365 -3.3360844
 2.1444829  4.7366824 -3.3302217
1.4839075 7.2174053 2.9014654
1.4825181 7.218753  2.9014742
1.4877661 7.2049613 2.8714874
1.4633603 7.225508  2.9100761
-1.822132  7.291434  4.237688
-1.8220518  7.292306   4.2374034
-1.8197578  7.2919464  4.234276 
-1.8212268  7.2933044  4.240933 
-2.4628022  6.3535023  1.2909904
-2.4631455  6.35354    1.2908247
-2.4608812  6.352923   1.2884612
-2.467946   6.352639   1.2949343
2.8145053  5.941945   0.05452519
2.4216597  5.755384   0.03825207
 2.6352394   5.8616176  -0.21476549
2.6273093  5.886589   0.30604923
-0.19535726  7.262955    1.898013  
-0.19528787  7.262763    1.8977213 
-0.19210462  7.2607975   1.8950188 
-0.20140283  7.263103    1.904677  
-1.6749238  7.4656982  2.6264553
-1.6746662  7.465559   2.6260011
-1.671857   7.4640274  2.6230078
-1.6781913  7.4664197  2.6305923
-2.0953507   3.1639163  -0.06725863
-2.0957158   3.1639333  -0.06773233
-2.0920331   3.163235   -0.06962914
-2.1008248   3.1627939  -0.06134907
-1.7796382  1.6760218 -3.2948952
-1.7798247  1.6763239 -3.294827 
-1.7804     1.6774331 -3.2940917
-1.7871065  1.6941876 -3.2687128
-0.01458365  7.72008    -0.24688514
-0.04374853  7.730251   -0.25345635
-0.01943022  7.9017596  -0.33740973
-0.11519355  7.5165257  -0.130923  
-1.5965084  1.7462826  3.6091263
-1.5970062  1.7462513  3.6097298
-1.5962634  1.747215   3.6090999
-1.60123    1.7448512  3.610446 
-1.468893   2.397519   2.6581552
-1.4691422  2.397935   2.658134 
-1.4662397  2.3982997  2.656057 
-1.4750217  2.3950903  2.665634 
-1.6430683   3.0223074  -0.65421605
-1.6433451   3.0221813  -0.65438914
-1.6410751   3.021919   -0.65640974
-1.6454048   3.0231085  -0.64703876
 3.2163668  6.062243  -0.4954867
 2.776021   5.899856  -0.5200861
 3.019963   6.068149  -0.7916861
 3.0180504   5.9431734  -0.23317668
-1.5698699  2.5136974 -2.1561098
-1.5694981  2.5135067 -2.1558123
-1.5680922  2.5122547 -2.1574643
-1.5735132  2.517044  -2.1491575
-0.7996349   2.4755833   0.03039816
-0.7984885   2.4776268   0.02791447
-0.80303866  2.476663    0.02875725
-0.8367232   2.5348408   0.04647984
-2.8258526   3.2493095   0.00700577
-2.8258545  3.2493083  0.0072722
-2.8239372   3.2490036   0.00515553
-2.8294032   3.2498164   0.01092462
-0.08114124  6.249461    0.70965046
-0.08941195  6.23501     0.71557504
-0.07313304  6.1846046   0.6606639 
-0.13287388  6.437339    0.8082936 
-2.2327714  3.1207802  1.4725485
-2.232493   3.120877   1.4728537
-2.230778   3.1249087  1.4698235
-2.2385287  3.1177125  1.487496 
-0.8836817  2.5750282 -1.6435889
-0.88312036  2.5747654  -1.6430763 
-0.88250387  2.5738413  -1.6451257 
-0.89212435  2.5796995  -1.6321377 
-3.4434798  6.2570553  2.5037246
-3.4444678  6.256821   2.5037563
-3.440777   6.2557936  2.5027542
-3.4431689  6.2579813  2.5012596
0.8579777 7.5430064 2.8592563
0.8579217 7.5437427 2.8596404
0.85882133 7.5418596  2.857261  
0.8541305 7.54496   2.864567 
 0.7006979   4.2798696  -0.04773057
 0.6895161   4.2672153  -0.04960342
 0.6952825   4.29012    -0.05986821
 0.7565016   4.404457   -0.04258562
-1.0893297  7.397715   4.002846 
-1.0889981  7.3987603  4.0030985
-1.084325   7.3992743  3.999054 
-1.0924207  7.3970942  4.0071445
-2.9234858  2.2006888  3.3108778
-2.9238582  2.2008996  3.3103702
-2.920685   2.2012548  3.3093774
-2.9208484  2.1946967  3.3118212
 1.4126424  3.6974938 -3.5287478
 1.4128714  3.6975503 -3.528936 
 1.4140557  3.6979184 -3.5294104
 1.4064193  3.7013745 -3.5209384
-3.0454168  3.3961556  1.0619177
-3.0455809  3.3962214  1.0621123
-3.0424733  3.395433   1.0594605
-3.0498447  3.3963943  1.0649773
-4.947407    2.7026117  -0.40608388
-4.947654    2.702587   -0.40543443
-4.9470096   2.7047498  -0.40644237
-4.950014    2.7013817  -0.39992383
 2.968937   6.11303   -1.0350195
 2.5268564  5.9212875 -1.075508 
 2.7381415  6.1224265 -1.3247373
 2.733958   5.942128  -0.7698698
 0.4892768  3.928714  -2.7869182
 0.48894095  3.9285007  -2.787424  
 0.48917672  3.9282632  -2.7884195 
 0.49250773  3.9318824  -2.7802022 
 2.231835   5.629931  -0.1997219
 1.8671247   5.4001703  -0.21627584
 2.0677586   5.574216   -0.47667325
2.0475025  5.501785   0.09266974
-2.3200037  7.1991563  2.2337916
-2.3207715  7.1995792  2.2341757
-2.3171995  7.1990213  2.231418 
-2.3254156  7.2001433  2.2385874
 1.6951495  4.8078485 -2.514297 
 1.69509    4.8080883 -2.51473  
 1.6959375  4.8081317 -2.515904 
 1.6907909  4.8092923 -2.508795 
-3.8212962   3.2162569  -0.60088444
-3.8212113  3.2158084 -0.6008235
-3.8195398   3.2160378  -0.60311794
-3.8249621  3.2148924 -0.5962003
0.3987819 7.151488  1.6480706
0.398852  7.150022  1.6481842
0.40146005 7.1482697  1.6451571 
0.39129084 7.1524696  1.6610764 
-3.4271803  5.6345363  1.8172569
-3.4273844  5.634568   1.81775  
-3.4264672  5.6353755  1.8138804
-3.4320147  5.634705   1.8250823
-3.971516    3.2448707   0.66379786
-3.971446   3.2446835  0.6638856
-3.9690459  3.2440848  0.660889 
-3.975764   3.2459283  0.6680653
-2.639907   2.5432515 -2.6509843
-2.6409562  2.5428994 -2.6518276
-2.6415637  2.5408163 -2.6532114
-2.6461275  2.5595927 -2.6357212
-0.9835086  2.670562   1.6978714
-0.9838184  2.6701882  1.6982661
-0.9845137  2.6720994  1.6965255
-0.99139166  2.6689277   1.703683  
 0.17346156  8.33242    -0.6180468 
 0.17302111  8.33204    -0.6192808 
 0.17503165  8.333543   -0.62512773
 0.15833081  8.316151   -0.6029241 
-1.0079526  7.4680276  2.7847953
-1.007655   7.468605   2.7849991
-1.004337   7.4671664  2.7815883
-1.0113816  7.468565   2.7893639
-1.6285676  7.264768   2.0100899
-1.6291367  7.264889   2.009989 
-1.626398   7.2637687  2.00691  
-1.6336708  7.265917   2.0157137
-3.1888392  3.290304  -0.6021337
-3.1889067   3.2902775  -0.60179895
-3.1873143  3.2901957 -0.6035829
-3.1917405  3.2898996 -0.5975297
-0.9913889  2.7512321 -1.0526725
-0.9908666  2.7512317 -1.0523245
-0.98958075  2.7517152  -1.0537162 
-1.0030824  2.758131  -1.0368178
-1.624231   6.71649    1.2614193
-1.6244813  6.7163825  1.2613252
-1.6214935  6.71528    1.259113 
-1.6297183  6.7168202  1.2651473
1.6659352 7.5072937 3.8894992
1.6586663 7.5143685 3.8883502
1.6545985 7.490053  3.8614147
1.6247281 7.533449  3.873083 
-2.3522036  1.8930244 -3.0429242
-2.3534367  1.8924841 -3.0435333
-2.3535755  1.889903  -3.0448308
-2.3565955  1.9325572 -3.0131626
2.393601  6.526702  4.0424747
2.3915088 6.5269356 4.042214 
2.391042 6.525284 4.039826
2.379472  6.534425  4.0416384
0.23514563 7.7954006  3.2223606 
0.23486164 7.795777   3.221534  
0.23898497 7.792479   3.2179303 
0.22506905 7.791763   3.2304554 
-0.4797877  7.640723   3.9453454
-0.47960243  7.6410365   3.9449868 
-0.47725224  7.6416016   3.9433744 
-0.4828694  7.63959    3.9488876
-2.9452152  3.0833588  2.4274642
-2.9443128  3.082963   2.4275703
-2.9440334  3.083724   2.4266012
-2.9456167  3.081104   2.4335184
-2.055088   3.0952141 -1.0657204
-2.055317   3.0951152 -1.0655403
-2.053912   3.0943804 -1.0675437
-2.058412   3.0975413 -1.0569202
3.7289977 6.192957  0.6712041
3.232966   6.098064   0.69170284
3.4812772  6.093467   0.41327608
3.4404447  6.2504463  0.94534934
 4.1332326  6.28539   -0.7228797
 3.6760583  6.2280693 -0.7340228
 3.8799026  6.4105425 -0.9761251
 3.9085557   6.1570873  -0.50100356
2.1698534 3.625299  3.074072 
2.1686623 3.6240582 3.0737455
2.169822  3.6243541 3.0743973
2.1667242 3.622939  3.0721698
 1.2098768  4.523013  -2.1973057
 1.2099913  4.5233703 -2.1975057
 1.2110927  4.522843  -2.1990469
 1.2059183  4.5235214 -2.192791 
-2.499152   2.46087    2.8544445
-2.4990332  2.4608512  2.8542619
-2.4964662  2.4608185  2.8515494
-2.5046537  2.4583492  2.8609188
-2.1163273  2.6784463 -2.1568294
-2.115983   2.678301  -2.1568196
-2.1153307  2.6768637 -2.1581995
-2.1217506  2.6838098 -2.148147 
1.0749013 3.7665846 2.7422147
1.0733873 3.7677386 2.7412848
1.0756705 3.7667205 2.739373 
1.0737371 3.767901  2.7416337
-0.47011322  7.4680424   2.613041  
-0.46969756  7.4678473   2.6131535 
-0.4666814  7.466123   2.6098197
-0.4742526  7.4679523  2.6168315
 2.1420622  5.573923  -1.8291442
 1.821177   5.2831445 -1.7948964
 2.0130293  5.3032813 -2.0947418
 1.9298104  5.5087247 -1.3867097
-2.075724   6.355526   0.8844982
-2.0759585  6.356252   0.8849491
-2.0733657  6.3554482  0.8821231
-2.080181   6.355638   0.8885836
4.307175   6.019705   0.12634036
3.8562393  6.0458455  0.09398168
 4.0737386  6.1201863 -0.1542287
4.0327706  6.0085917  0.37788928
-2.9978447  5.8798256  0.7316802
-2.9985645  5.87981    0.7319426
-2.9963553  5.880167   0.7294554
-3.001493   5.8797946  0.7431703
-3.1670914  3.2971177  0.5302787
-3.166856   3.2966716  0.5304624
-3.1646152  3.29628    0.5277703
-3.17093     3.2982001   0.53437847
-2.1811082  1.632544   3.544295 
-2.1808255  1.6325607  3.5443163
-2.1784408  1.6331633  3.54425  
-2.182938   1.6314234  3.5448167
-4.2399383  3.392667   1.1315606
-4.2402415  3.3922005  1.1312221
-4.238839   3.3905356  1.1300039
-4.237793   3.3907666  1.1288209
 1.8497151  4.2715373 -3.2667654
 1.8498299  4.2714467 -3.2667336
 1.8505759  4.2712865 -3.2677681
 1.8413543  4.276751  -3.2561166
-2.736154   3.1709602 -1.3391935
-2.7368286  3.171054  -1.3396643
-2.734761   3.1707387 -1.3412097
-2.7361681  3.1732876 -1.3255334
3.2499945  6.0205884  0.26778254
2.8565629  5.8717217  0.25668138
 3.0819452   5.9625907  -0.02043214
3.0487719 5.986552  0.4957018
-1.2541133  2.2569005 -2.5586867
-1.2540036  2.2568536 -2.5584745
-1.2532998  2.2559521 -2.5605073
-1.2574115  2.259547  -2.5522094
-4.499347   3.0065148 -0.5898661
-4.499672   3.0064218 -0.5896766
-4.498164   3.0074635 -0.5911145
-4.501625   3.0038772 -0.5863395
-1.5345762  2.1291106  3.120895 
-1.5343728  2.1291816  3.1212144
-1.5321269  2.1312966  3.1190286
-1.5398976  2.1254804  3.1278691
1.8733156 7.0076747 2.9361696
1.5619081 7.1864967 2.8328323
1.7258275 7.046926  2.5206661
1.7085329 7.161619  3.173445 
 0.9734006  4.207718  -2.5599434
 0.9736415  4.2074676 -2.5602095
 0.97483087  4.206556   -2.5620432 
 0.9697333  4.2085032 -2.5544434
 0.12251928  2.2758703  -0.01243678
 0.1199512  2.270579  -0.0156302
 0.1280231   2.2929325  -0.01718575
 0.13698334  2.405287   -0.0076771 
-2.5165403  6.776098   1.9747437
-2.5173357  6.7763605  1.9745699
-2.5136633  6.7757206  1.9712857
-2.5244522  6.7783566  1.9812572
1.1626868 4.401964  1.716299 
0.7640412 4.285139  1.6358439
0.9900915 4.567307  1.3486471
1.0054772 4.1209154 1.9611089
-1.196018  7.215527  4.487308
-1.1963315  7.2157106  4.487902 
-1.178716   7.2340164  4.4448977
-1.1978742  7.2102795  4.4924088
 1.0651785  4.557688  -1.6951176
 1.0653987  4.5578856 -1.695416 
 1.066662   4.557936  -1.6969374
 1.0616246  4.558089  -1.6927088
-1.3359822  2.5847902  2.1953318
-1.3362461  2.5850549  2.1950898
-1.334208   2.5854442  2.1927953
-1.3416287  2.5834079  2.2022684
-2.654477   2.9734616 -2.1638668
-2.654628   2.973095  -2.1641867
-2.653777   2.9719403 -2.1650934
-2.6556733  2.9757805 -2.1584444
2.4966574  5.7943025  0.44999954
2.0703795  5.5412855  0.45505401
2.3028276  5.669272   0.18524408
2.3071272 5.712171  0.7486639
-4.8774047  2.80206    0.4692325
-4.8772535  2.802276   0.4695557
-4.8759956  2.8015738  0.4673005
-4.877465    2.8024793   0.47124317
 0.12184176  7.282372   -0.03715635
 0.04327445  7.2978625  -0.03740663
 0.11100046  7.5525904  -0.1607838 
-6.8169832e-03  7.0563211e+00  1.1736736e-01
-0.84822345  2.3635223   2.800529  
-0.848889   2.3634877  2.8012507
-0.8474413  2.3655467  2.7989535
-0.85575265  2.3621671   2.8053553 
-2.1033826  2.894254   1.9469876
-2.1033418  2.8941169  1.9469497
-2.101941   2.894648   1.9450856
-2.107489   2.8942604  1.9522617
2.2471035 6.786054  2.8539686
1.7821565 7.011936  2.7925282
2.0175657 6.9326534 2.4088917
1.9959288 6.8732324 3.2316747
 1.7940326   5.414774   -0.03564356
 1.4934393   5.1555552  -0.05062041
 1.6521224   5.337821   -0.28966403
1.656827  5.277499  0.2638357
 1.1598033  3.9627507 -3.1065862
 1.1602012  3.9621813 -3.1065996
 1.1611022  3.9605958 -3.1085253
 1.1556401  3.965467  -3.0996509
-1.1665549  2.8417454  1.1072756
-1.1663297  2.8414967  1.107379 
-1.1668795  2.8420255  1.1065204
-1.1738881  2.8395364  1.1130633
 0.3443622  3.9940732 -2.317759 
 0.34360337  3.99388    -2.3185043 
 0.34405962  3.9936407  -2.3189645 
 0.3508566  3.9977243 -2.3134232
-2.846684   6.180278   1.5496846
-2.8471901  6.180971   1.5498502
-2.8451493  6.179843   1.5473044
-2.8507426  6.1790996  1.5527176
2.7881794 6.310644  3.5426054
2.4799404 6.555904  3.4695349
2.664461  6.6409945 3.123072 
2.5701523 6.299394  3.813006 
-1.3726525  7.481256   3.1595283
-1.3722256  7.4816456  3.1596167
-1.368545   7.480468   3.1560264
-1.375972   7.4819913  3.163744 
-4.0005565   3.1446729   0.17196742
-4.000663    3.1445608   0.17220715
-3.998862    3.1448047   0.17014799
-4.0049586   3.1441963   0.17590155
-3.2191432  6.717055   2.475919 
-3.220242   6.716035   2.4758654
-3.2165983  6.716202   2.4747868
-3.2198074  6.7180185  2.47424  
-0.6588706  7.222468   1.7662437
-0.6586847  7.2226124  1.766231 
-0.65679955  7.2211695   1.7637359 
-0.66408175  7.223521    1.7712046 
-1.949546   2.4445474  2.6640918
-1.9499232  2.4445186  2.6640143
-1.9477888  2.4451897  2.6619296
-1.953639   2.4423428  2.668906 
-2.5573666  1.8788142  3.3737683
-2.5574393  1.8797113  3.3729942
-2.5561392  1.8814317  3.3708153
-2.5611265  1.8740108  3.3788106
-0.2641227  7.691657   3.4614878
-0.26368487  7.692069    3.4614265 
-0.26230976  7.6915336   3.4600837 
-0.26819062  7.690973    3.4659572 
0.04948935 0.5717046  0.00423634
 3.8621061e-02  5.2801621e-01 -3.1050784e-04
0.05109737 0.696229   0.00301353
 5.6589454e-02  8.3555150e-01 -5.7422766e-04
0.09648328 1.601792   0.03207972
0.09529585 1.5971717  0.03049386
0.10445133 1.6360693  0.02886752
0.08898698 1.7641802  0.02906811
-0.1885178  7.835962   4.2704167
-0.1895845  7.8370314  4.2698846
-0.188887   7.8380594  4.270466 
-0.193181  7.834514  4.271906
 1.9513799  4.8325076 -2.9140825
 1.9515469  4.8331246 -2.9144835
 1.9521931  4.8334494 -2.9155624
 1.9475063  4.8337927 -2.9085312
-1.5815151  7.3928676  3.838767 
-1.5812263  7.3930936  3.838736 
-1.5780864  7.392631   3.8360627
-1.5855566  7.3916574  3.8441734
-2.0585377  7.5537715  2.8862705
-2.0583305  7.5531588  2.8859262
-2.0542684  7.5516243  2.8821805
-2.056903   7.551452   2.8927248
-1.2569623  6.653053   0.962968 
-1.2563739   6.6536045   0.96349806
-1.2554039  6.6523337  0.9617371
-1.265635    6.6551147   0.97071445
0.5854416 7.320826  2.1823049
0.5857226 7.3211274 2.182538 
0.58789057 7.3203964  2.1802073 
0.57991964 7.324442   2.1887467 
-1.0190852  7.1403427  4.9216585
-1.0185618  7.141003   4.9221425
-1.0170532  7.1423693  4.922045 
-1.0209364  7.139541   4.9215875
-1.9085898  2.8001556 -1.7592984
-1.9082998  2.799913  -1.7589507
-1.9072891  2.79889   -1.7608072
-1.9118421  2.8032022 -1.7532754
-3.0181997  2.6243472 -2.905314 
-3.0190084  2.6248722 -2.9062083
-3.0188344  2.6230104 -2.9063346
-3.0164666  2.6350336 -2.897177 
-2.0589075  7.4890237  3.7914655
-2.058059   7.4891768  3.7914863
-2.0562985  7.4878983  3.788899 
-2.0565748  7.49089    3.7936556
-1.1294746  7.1429887  1.6708093
-1.1294656  7.1430573  1.6708851
-1.1270398  7.1421223  1.6679997
-1.1353253  7.1437097  1.6765558
-1.7827024  2.6564555  2.2338905
-1.7826529  2.6564267  2.2336838
-1.780133   2.6569638  2.2313375
-1.7874336  2.6543083  2.2398174
-3.8338401  3.3821492 -1.1511437
-3.834703   3.381947  -1.1507922
-3.8331008  3.3827581 -1.1505735
-3.8334613  3.3798115 -1.1416838
-2.6301696   6.0882053   0.88746357
-2.6306348   6.088919    0.88754725
-2.6287804  6.088192   0.8850481
-2.6344593   6.086601    0.89236784
-3.1408024  6.004429   1.8372511
-3.1411955  6.0048513  1.837579 
-3.1392841  6.0045834  1.8345475
-3.1457222  6.003429   1.8417243
0.17567168 3.2787993  0.01294845
0.16388445 3.255218   0.00440052
 1.7340699e-01  3.3030872e+00 -3.3203792e-04
0.2037805  3.4362967  0.00757446
-1.8189458  2.9981449  1.2695755
-1.8184757  2.9983182  1.2696478
-1.8166182  2.9978442  1.2683891
-1.8223275  2.9979513  1.2766806
-2.4918292   3.2267573  -0.32270452
-2.4915638   3.2262862  -0.32241607
-2.4896522   3.2260737  -0.32438862
-2.495703   3.2257073 -0.3182206
-1.711923   2.0060942 -2.923311 
-1.7118711  2.006006  -2.923394 
-1.7110606  2.0045605 -2.9247055
-1.7176225  2.019654  -2.9046936
-5.2355407e-03  7.4281430e+00  2.2888906e+00
-5.1243035e-03  7.4278378e+00  2.2884696e+00
-2.2065092e-03  7.4255919e+00  2.2860053e+00
-0.01131504  7.427918    2.294296  
-2.0777693  6.564732   1.2991093
-2.0780354  6.5653024  1.2992924
-2.0754158  6.564307   1.2967471
-2.0820627  6.5652213  1.3021876
-3.4036622  5.875028   2.1803865
-3.4036982  5.8755407  2.1808865
-3.4014802  5.876209   2.1789095
-3.4065375  5.875165   2.1831918
 0.6091065  4.261579  -1.652015 
 0.60903746  4.26182    -1.6525257 
 0.6093897  4.2606845 -1.6536602
 0.6123984  4.2645526 -1.649895 
-0.33278248  7.047549    1.4566231 
-0.33276874  7.047217    1.4569281 
-0.33152092  7.045924    1.4544919 
-0.3376565  7.047959   1.4623036
 1.2822057  4.9056034 -1.2757168
 0.99543554  4.741907   -1.2799475 
 1.1447873  4.733708  -1.4798439
 1.143774   4.8859105 -0.9618306
1.5585281 7.3417377 3.4207854
1.5576543 7.342389  3.421039 
1.5581888 7.3399925 3.4194272
1.556987 7.342188 3.423638
-0.5070648  7.337874   2.202887 
-0.50649196  7.33807     2.2031758 
-0.5039562  7.336723   2.2001534
-0.5113008  7.337428   2.2071166
-1.4264039  2.6511862 -1.7553449
-1.4262996  2.6511202 -1.7554677
-1.4250176  2.6502328 -1.7570074
-1.4295439  2.6546025 -1.7491046
1.0875627 7.293333  2.5704207
1.0877646 7.293928  2.5706775
1.0902648 7.2912803 2.5683525
1.0834414 7.2978854 2.574785 
-2.6589332  2.7653174  2.6054559
-2.6584365  2.7653277  2.6054506
-2.6563082  2.7656863  2.6026113
-2.6642575  2.7617064  2.6132991
-4.7901936   2.727937    0.06078427
-4.7905707   2.7283688   0.06128264
-4.7887125   2.7282374   0.05851737
-4.7938395   2.7273495   0.06552432
-2.378093    3.212865    0.28440678
-2.377811    3.2128043   0.28450763
-2.3745096   3.2124236   0.28195837
-2.384118    3.2124457   0.28942803
1.4034213 3.934406  2.5353298
1.3988094 3.9374673 2.5333242
1.4107732 3.9694438 2.4664543
1.4000071 3.9311135 2.5486054
-2.756273  3.228605 -1.762902
-2.7570953  3.2289486 -1.7635131
-2.7557783  3.2273123 -1.7643504
-2.7549052  3.2262535 -1.752733 
-0.3074778  7.5817475  2.9842007
-0.3069349  7.5822167  2.9840474
-0.304205   7.5812497  2.9816277
-0.3123738  7.5816636  2.9897463
-4.072414    3.1134434  -0.24094844
-4.072589    3.1134486  -0.24049848
-4.071422    3.1137953  -0.24224627
-4.0754085   3.112922   -0.23747359
-4.3419557  3.060457   0.4016423
-4.3417077   3.0601609   0.40189338
-4.3399296   3.0601306   0.39933822
-4.347873   3.0602794  0.4067359
 2.1618018  4.352657  -3.5340335
 2.1603577  4.3521204 -3.5330176
 2.1604471  4.3524003 -3.5330274
 2.150554   4.3583627 -3.5239196
-1.2232193  7.4704237  3.545085 
-1.222806   7.4711123  3.5450077
-1.2195852  7.4703345  3.5420413
-1.2274648  7.470251   3.5498583
-3.5752199  3.2748203  0.4978116
-3.5752578   3.2746866   0.49789104
-3.572828    3.2744281   0.49501878
-3.5792077   3.2757015   0.50163037
-2.0240388   6.232142    0.49887562
-2.023989    6.231832    0.49900702
-2.0208616  6.231324   0.4972501
-2.0315995   6.234414    0.51294535
-1.3242277  7.384587   2.3307018
-1.3239448  7.3845005  2.3305163
-1.3210056  7.382841   2.3276558
-1.3277367  7.38474    2.3344862
-0.8161439  2.245939  -2.6764092
-0.8157096  2.2452908 -2.676478 
-0.81652015  2.2451117  -2.6764913 
-0.8227275  2.2481859 -2.6663988
-2.847275   6.7439218  2.2048035
-2.8483512  6.743996   2.204903 
-2.8452382  6.7436104  2.2018676
-2.8534296  6.74523    2.2096674
-2.1668525  7.584099   3.2717977
-2.1664712  7.5835333  3.271519 
-2.1649964  7.58388    3.268603 
-2.1632679  7.583159   3.2763784
-2.5775516  3.0167184  2.1229112
-2.5772705  3.0166621  2.1226692
-2.5755877  3.0165923  2.120737 
-2.5822117  3.0164044  2.1293023
-1.7182294  3.07789    0.0351355
-1.7190676   3.0784507   0.03461817
-1.71767     3.0794919   0.03317124
-1.7265011  3.0768976  0.044291 
2.668977  3.953151  3.0080006
2.6182146 3.9454663 2.9606276
2.646667  4.20426   2.7333207
2.5913033 3.8378847 3.0804389
-1.1797692  2.4471552 -2.142505 
-1.1797193  2.4473524 -2.1423376
-1.1788169  2.4461606 -2.1444428
-1.1835521  2.450714  -2.1354825
0.559363  7.514399  2.5271363
0.5594825 7.514809  2.5270438
0.5609957 7.513074  2.525407 
0.5527554 7.514696  2.53499  
-2.4986854  2.2335398 -2.849303 
-2.4992847  2.2330241 -2.8500109
-2.4996767  2.2308378 -2.8508832
-2.5030162  2.2511718 -2.8327932
-2.7868724   3.2694056   0.42992797
-2.7866755   3.269302    0.43004912
-2.7840247   3.2685437   0.42746544
-2.7913592   3.2702963   0.43378162
-1.6906935  2.3382564 -2.4842396
-1.690593   2.3378868 -2.4842527
-1.6896224  2.336303  -2.4856942
-1.6960411  2.3439963 -2.474948 
 2.1734087  5.092671  -3.09537  
 2.1730204  5.092869  -3.094979 
 2.1719387  5.0917277 -3.0953138
 2.1709948  5.0938764 -3.0926661
 1.7316164  3.5786462 -3.7087555
 1.7314683  3.5800736 -3.708333 
 1.7309283  3.5792458 -3.708092 
 1.718455   3.5946207 -3.6908424
-1.3056917  1.9695724  3.4984424
-1.306221   1.9692432  3.4993665
-1.3052238  1.9707212  3.4981685
-1.3111707  1.9681779  3.500421 
-2.0116832  7.1272125  2.0194838
-2.0123553  7.1273913  2.0192177
-2.008411   7.1263666  2.0158951
-2.0192723  7.1294007  2.0252528
 1.4394425  4.528315  -2.5577497
 1.4396226  4.5284185 -2.5579765
 1.4403281  4.5279007 -2.5597386
 1.4336159  4.530256  -2.5486763
 1.7670299  5.0375943 -2.2204692
 1.7672739  5.037818  -2.2213569
 1.7690392  5.0372357 -2.2239046
 1.7637767  5.038973  -2.2110097
-2.6164417  1.710052  -3.2365966
-2.616243   1.7097385 -3.237174 
-2.6162786  1.7081392 -3.2377732
-2.6153455  1.727586  -3.228976 
-1.2368082  2.8735073 -0.798113 
-1.2367121  2.873508  -0.7975325
-1.2355137  2.8732255 -0.7995739
-1.242585   2.8752234 -0.7927661
-3.6633856  3.3590698  0.8496086
-3.6631913   3.3587654   0.84950215
-3.6605713   3.3581703   0.84705895
-3.6684303  3.3599749  0.8533742
-2.309774   2.5529122 -2.4476435
-2.3097818  2.5522456 -2.4478788
-2.3100827  2.550637  -2.4493794
-2.3155587  2.5631523 -2.434518 
-1.4071395   2.9326186  -0.30667767
-1.4074936   2.9329233  -0.30697536
-1.4067304   2.9337823  -0.30823013
-1.4103048  2.9334443 -0.3006818
-2.3963137  3.219153  -1.2025316
-2.3965728  3.2189481 -1.2031912
-2.3950424  3.2183743 -1.204195 
-2.3974302  3.2178056 -1.1923513
-1.6807256  2.9458866 -1.0149754
-1.6812423  2.9457169 -1.0150571
-1.6795037  2.944962  -1.0169382
-1.6837254  2.9490461 -1.0096008
-1.2900515  2.7687047  1.5163207
-1.2900691  2.7683368  1.5164863
-1.288913   2.769128   1.5141321
-1.2945874  2.7674956  1.5219059
-1.4107962   2.9419901   0.57408625
-1.4110265  2.9415667  0.5743687
-1.4108223  2.942866   0.5728073
-1.4147909   2.9408934   0.58284974
-1.9060566  2.9395907 -1.363862 
-1.9062612  2.9395525 -1.3638239
-1.9050401  2.9385984 -1.3655976
-1.9088563  2.9423747 -1.358115 
 0.8410622  4.0071387 -2.856455 
 0.8411576  4.0067563 -2.8568163
 0.84209603  4.0055227  -2.8585775 
 0.8381234  4.0091043 -2.8508928
-1.06752     2.7220573   0.03054589
-1.0686994   2.7228074   0.03045906
-1.0695256   2.7242105   0.02925338
-1.0874033   2.730814    0.03773656
-0.9937828  7.4977427  3.1554432
-0.99339473  7.4981656   3.1556954 
-0.9901634  7.49693    3.152583 
-0.9974273  7.498082   3.1599255
-2.9268396   3.3211787  -0.85283166
-2.9266813  3.321016  -0.8525534
-2.9253528   3.3209767  -0.85402244
-2.9295957  3.321017  -0.8478031
1.0812135 3.969022  2.2883296
1.0790654 3.9707322 2.2882864
1.0803632 3.9751933 2.2786636
1.0794513 3.9695904 2.2943335
-0.47614405  2.2059724   0.0035755 
-4.7781113e-01  2.2071810e+00  1.4793903e-03
-4.7899124e-01  2.2065001e+00  8.4314827e-04
-0.50498784  2.261678    0.00537829
1.2945479 7.4197607 3.1365845
1.2938675 7.4201627 3.1366594
1.2958087 7.41736   3.1348183
1.2927969 7.422074  3.1406956
-4.176395   3.1442857 -0.6677099
-4.176748   3.1442225 -0.6675093
-4.1756563  3.1450279 -0.6693485
-4.179328    3.141993   -0.66337866
-0.8972065  7.5109687  3.695095 
-0.8970585  7.511527   3.6951456
-0.8956942  7.5112934  3.693452 
-0.9005377  7.5098567  3.6987293
 0.6125499   3.8799784  -0.06704785
 0.6010716   3.8623865  -0.07020794
 0.6167461   3.912004   -0.08063956
 0.65721166  4.041138   -0.06514833
-1.7380717   6.5217576   0.98416907
-1.7380047  6.522279   0.98461  
-1.7357669  6.521496   0.9818734
-1.7433956  6.5221276  0.9892693
-1.4433994  6.9164567  1.4941623
-1.4435607  6.9166465  1.4942201
-1.4408667  6.9154787  1.4915091
-1.4484051  6.91761    1.4983008
-2.2463963  1.620023  -3.2470982
-2.2459652  1.6200355 -3.2475226
-2.2455034  1.6197029 -3.2480965
-2.2513938  1.6312162 -3.2406414
 1.6606263  3.9170604 -3.4038224
 1.6608353  3.9171135 -3.4038007
 1.6617881  3.916261  -3.4051497
 1.6534617  3.9249902 -3.394327 
-2.707128   1.6187013  3.5620067
-2.7067864  1.6187454  3.5613241
-2.7062132  1.6201499  3.5602117
-2.7058618  1.6181725  3.5627823
-2.4936624  2.1439507  3.1503258
-2.4939508  2.1454833  3.1498675
-2.4918137  2.1485405  3.1468294
-2.5009766  2.1375897  3.1601956
-3.2035615  6.2213035  2.1802518
-3.2045603  6.221489   2.180719 
-3.2020025  6.2219462  2.1776679
-3.208578   6.2220516  2.1859763
2.421097  6.5558467 3.3741903
2.0875847 6.830195  3.2901983
2.2840314 6.806761  2.9524937
2.1983497 6.6039386 3.6602533
-2.8849862   3.2663696  -0.43076444
-2.8852127   3.2664912  -0.43043214
-2.8834074   3.2663937  -0.43228424
-2.8873672   3.2659416  -0.42729515
 0.53275603  3.813933   -3.113566  
 0.53247446  3.8135352  -3.1138241 
 0.53265005  3.8130603  -3.1145568 
 0.53796774  3.8179092  -3.105302  
-1.7808516  1.9540911  3.2928014
-1.7805173  1.9553337  3.293512 
-1.7797631  1.9593372  3.290738 
-1.7873667  1.9497766  3.3013537
-2.6861193  6.4984546  1.8027678
-2.6866271  6.498861   1.802792 
-2.68378    6.4980474  1.7997552
-2.6922839  6.4987073  1.8072433
2.1724656 6.8734045 4.0567093
2.1690073 6.875317  4.0550647
2.1693563 6.872861  4.0527444
2.150819 6.887124 4.049539
 0.65387255  4.0766687  -2.520652  
 0.6539498  4.076614  -2.5209913
 0.65472686  4.075942   -2.5228605 
 0.6509439  4.0788503 -2.5157301
-0.47802013  8.243383   -0.53046095
-0.47950566  8.241486   -0.53108484
-0.4722145  8.257025  -0.5346552
-0.49239647  8.198453   -0.5023653 
-1.733957   2.2864814  2.886297 
-1.7339846  2.2862742  2.8867636
-1.7315105  2.287186   2.884349 
-1.7382058  2.283368   2.891676 
 1.7270803  4.513497  -2.93633  
 1.7272729  4.5136237 -2.9364088
 1.7278032  4.5137787 -2.9375033
 1.7211202  4.5155916 -2.9275389
-2.6380212  7.0886526  2.306224 
-2.6390224  7.0877657  2.3060725
-2.635922   7.088322   2.3045135
-2.6430287  7.0892735  2.309319 
-1.398113   7.31711    4.1288204
-1.3981062  7.3176713  4.128788 
-1.392051   7.319433   4.1248007
-1.4021186  7.3148212  4.1339445
-3.4137974   3.2543192  -0.34554076
-3.413811    3.2540972  -0.34541434
-3.4117486  3.2542756 -0.3477018
-3.4185445  3.2539752 -0.3400115
-0.75720966  7.498542    4.1905437 
-0.7572128  7.4985476  4.1905456
-0.7535018  7.5005565  4.1889334
-0.7611633  7.4970703  4.194694 
-2.3417702  6.555463   1.5371135
-2.3420885  6.5557985  1.5372803
-2.339471   6.5551043  1.5344969
-2.3482122  6.5560746  1.5416124
-2.9362962  2.4817703  3.1200507
-2.9370017  2.4821348  3.119433 
-2.9343207  2.481543   3.1185303
-2.9378264  2.480118   3.1216605
-0.1644908  6.525631   0.9529081
-0.16577667  6.525989    0.95423436
-0.16304255  6.518741    0.95104605
-0.18679187  6.5597425   0.9780571 
-4.3362103  3.2307415  0.8415053
-4.3360147  3.230892   0.8414842
-4.333985   3.2301722  0.8393287
-4.337981   3.2319593  0.843725 
-3.5109916  3.2887592 -0.7159399
-3.5112262  3.2888744 -0.715732 
-3.5094864   3.2888048  -0.71743196
-3.5155995  3.2875714 -0.7102588
-2.0423126   3.190713    0.32832658
-2.0433223   3.1904497   0.32813874
-2.039957   3.1907825  0.3254634
-2.0510864  3.1892216  0.3351528
-3.3382857  5.6964855  1.496742 
-3.3386724  5.696827   1.4968117
-3.3375726  5.6976485  1.4933674
-3.3414857  5.6958694  1.5045127
 0.14772035  1.9384108  -0.00406742
 0.1474004   1.9352608  -0.00516186
 0.15306792  1.9486109  -0.0059178 
1.5042371e-01 2.0461898e+00 5.4448377e-05
-2.424999   3.078435   1.8305104
-2.4245327  3.0785227  1.8304493
-2.4230072  3.0783792  1.8288846
-2.4292562  3.0780656  1.8379874
-2.1505997  2.30286    2.891365 
-2.15058   2.303046  2.891775
-2.1479902  2.3038845  2.8891065
-2.1555684  2.3004315  2.89778  
-1.6279465  7.1665773  4.4800878
-1.6277163  7.1676307  4.479736 
-1.6252241  7.169482   4.477326 
-1.6275142  7.1674843  4.4835176
-3.636463   5.4059644  2.1480696
-3.6351416  5.4056983  2.150768 
-3.636134   5.4072256  2.1477349
-3.636519   5.4146194  2.1515408
 1.0905496  3.611158  -3.5404856
 1.0903299  3.6110287 -3.540894 
 1.0908306  3.611332  -3.5413058
 1.0835243  3.617826  -3.5310955
0.18375474 7.0319176  1.4231826 
0.18510188 7.031564   1.4236212 
0.18605955 7.0305963  1.42214   
0.17386778 7.034487   1.4327437 
 1.5290818  4.810174  -2.1752117
 1.5289153  4.8101583 -2.1754901
 1.5298113  4.811139  -2.1763432
 1.5253346  4.810705  -2.170973 
-3.3713217  3.4141989  1.0224669
-3.3712363  3.4138787  1.0222067
-3.3692799  3.4129827  1.0202674
-3.375508   3.414514   1.0257595
-0.74336326  7.423515    2.4140465 
-0.7432949  7.423737   2.4139369
-0.74095    7.422079   2.4113326
-0.7473467  7.4226813  2.4180284
-1.0158753  7.478848   4.4180317
-1.0150506  7.4792233  4.4185524
-1.0072622  7.481267   4.4102936
-1.016927  7.473693  4.420956
-2.7836308  3.3091576  0.8864151
-2.783765   3.3096304  0.8865083
-2.7800288   3.308874    0.88359386
-2.7894843  3.3101006  0.8897979
-1.4061427  2.0866742 -2.8408017
-1.4060476  2.086756  -2.840911 
-1.4055789  2.0853605 -2.8426907
-1.4134945  2.0969605 -2.8216746
 1.947063   4.0174165 -3.520389 
 1.9471464  4.0176497 -3.5199955
 1.9475145  4.0187078 -3.5198288
 1.9390012  4.021645  -3.5126045
-2.6944323  2.80084   -2.4344013
-2.6948204  2.8006685 -2.4348898
-2.6942272  2.7994277 -2.4362323
-2.6987987  2.807662  -2.4267673
-3.2703645  5.742289   0.9924593
-3.270596    5.7409      0.99230075
-3.268983    5.7421155   0.98987913
-3.2710834  5.7413793  1.0040165
-4.597422    2.901522    0.25234145
-4.597212    2.9012558   0.25268367
-4.5954685  2.901029   0.2504654
-4.6013317   2.9007306   0.25688592
-2.4967318   6.3719544   0.95250744
-2.4971519   6.3717456   0.95293283
-2.4949753  6.3723783  0.9523245
-2.4985466  6.371684   0.9561197
-0.6727544  7.501148   2.857617 
-0.6723524  7.5013514  2.8575277
-0.66961724  7.500091    2.854743  
-0.676354   7.5006676  2.8615432
-3.0930026  6.51599    2.2624617
-3.0937772  6.5157804  2.262412 
-3.0911694  6.5161905  2.2602794
-3.0976179  6.5169296  2.2662392
-0.9996568  2.5875533  2.0576732
-0.99989676  2.587759    2.0578642 
-0.9992816  2.5882711  2.0556262
-1.0041956  2.5849013  2.0629056
-1.7261536  6.9727163  1.7029128
-1.7261875  6.972759   1.7028373
-1.723141   6.9720283  1.6997396
-1.7323241  6.9740553  1.7072018
-1.8973453  2.4936535 -2.2919366
-1.8971345  2.4933174 -2.2918768
-1.8956649  2.49166   -2.2931926
-1.900717   2.498048  -2.2866144
-0.7471672  6.9493117  1.1965588
-0.74714226  6.949271    1.1963805 
-0.7444236  6.9483047  1.194915 
-0.7523179  6.9494877  1.2013743
-1.6375253  7.410754   2.3017826
-1.6374274  7.410643   2.301721 
-1.634758   7.4092054  2.2987962
-1.6413783  7.4112377  2.3067827
1.8795674 7.3041368 3.9944844
1.8750303 7.3114905 3.9911509
1.8692613 7.2938714 3.9770694
1.8413061 7.3339014 3.977465 
-3.355711   3.2709405  0.2747233
-3.3558257   3.2707567   0.27480364
-3.353397   3.2705157  0.2722749
-3.358658   3.27176    0.2779874
0.8180871 3.8148854 2.4984212
0.81689405 3.8168764  2.4983146 
0.8160516 3.8189495 2.4942338
0.82240427 3.8185456  2.499841  
-1.1480851  2.3860245  2.7213945
-1.1483974  2.3858037  2.721335 
-1.1470413  2.386516   2.7192068
-1.1526265  2.3837264  2.7263856
-3.9804099   3.276782   -0.89804685
-3.9807355  3.2767594 -0.8976862
-3.9792902  3.2766902 -0.8987712
-3.9835277   3.2753608  -0.89384073
2.2791886 3.9144614 2.8648148
2.23361   3.921628  2.8140328
2.261827  4.142258  2.5888307
2.2160528 3.8405619 2.9328098
-1.1508868  2.661567  -1.5135691
-1.1507909  2.661754  -1.5131611
-1.1501453  2.660995  -1.5152601
-1.1544325  2.6656015 -1.5079944
-1.218866   2.2430632  3.031123 
-1.2187628  2.2430365  3.0313733
-1.2167884  2.2442176  3.0292625
-1.2224381  2.2413278  3.0352302
-0.97668725  6.7728643   1.0261691 
-0.9764825  6.772453   1.0258546
-0.97344524  6.7714915   1.0247555 
-0.9841106  6.773587   1.0319325
-1.2324497  7.3187823  2.0458522
-1.2320441  7.318854   2.0458817
-1.2289591  7.3173137  2.043181 
-1.2372627  7.3196707  2.0501347
-2.4858861e+00  3.2134674e+00 -1.5184453e-03
-2.4858932e+00  3.2130682e+00 -1.3427904e-03
-2.4838934   3.2129974  -0.00351984
-2.4898953e+00  3.2141128e+00  2.0555339e-03
-1.2412136  2.7552915 -1.2285755
-1.2409874  2.7555945 -1.2280461
-1.2401866  2.7544746 -1.230244 
-1.2454338  2.759093  -1.2229481
-2.0637732  1.8633476  3.3612304
-2.063573   1.864427   3.3613918
-2.0617101  1.8656794  3.3594468
-2.0675507  1.8602034  3.3650014
-0.58029145  7.6033807   3.659864  
-0.5800179  7.6037374  3.659867 
-0.5777044  7.603543   3.6582608
-0.5838341  7.602871   3.6638978
-4.7965636  2.8718786 -0.6065903
-4.79681    2.8716784 -0.6060463
-4.79577     2.8731253  -0.60674506
-4.797931   2.8696384 -0.6024721
-2.2489655  2.5157113  2.6935554
-2.2486446  2.515581   2.6939282
-2.2463756  2.515927   2.6912808
-2.2532122  2.513329   2.699126 
-4.6015415  2.985789   0.5422806
-4.6013117   2.9854162   0.54242766
-4.599331   2.985427   0.5405635
-4.6038103   2.9857867   0.54480004
-2.3780694  2.8185375 -2.1018116
-2.3782341  2.8183172 -2.1020412
-2.3773048  2.817425  -2.1034188
-2.3828561  2.8234308 -2.0955684
-3.7193723   3.2032118  -0.22663526
-3.719279   3.2029526 -0.22636  
-3.7172725   3.203177   -0.22851196
-3.7233412  3.202618  -0.2222688
-4.588632    2.8874037  -0.32819995
-4.588752    2.8872795  -0.32785147
-4.58772    2.8880396 -0.3301817
-4.590536    2.8860698  -0.32414228
 0.8958983   4.54558    -0.06606577
 0.8599779   4.507984   -0.05981512
 0.90733135  4.5612392  -0.11296993
 0.97112626  4.6584983  -0.00902569
0.55745393 7.186101   1.9009156 
0.55804044 7.18572    1.9010487 
0.5590449 7.184916  1.8992542
0.54977405 7.188831   1.9070842 
-0.44327965  7.676397    4.273136  
-0.4435863  7.676886   4.272243 
-0.44200966  7.6776156   4.2719874 
-0.44648606  7.6756554   4.2743726 
-1.4233044  2.8644447  1.2611095
-1.4230949  2.8643155  1.2614222
-1.4216877  2.86492    1.2595918
-1.4266928  2.8639483  1.2661743
-3.254388    3.2526853  -0.04799198
-3.2543142   3.2526944  -0.04769339
-3.2522366   3.2527053  -0.04994627
-3.258359    3.2527971  -0.04349273
-2.6049755  3.2409308  1.6543542
-2.6044078  3.2406592  1.6549264
-2.6022537  3.2425556  1.6497653
-2.6051176  3.2365136  1.6668566
-0.0943763  7.701589   3.2143161
-0.09435275  7.702101    3.2140765 
-0.09303546  7.701273    3.2126763 
-0.09841154  7.700716    3.218474  
-0.10397679  8.290818   -0.70686364
-0.10756265  8.291847   -0.7062267 
-0.10744831  8.294142   -0.705826  
-0.11398077  8.289149   -0.700749  
-1.1576067  2.4895697  2.415337 
-1.1579772  2.4895895  2.4151127
-1.1563083  2.4904497  2.4128587
-1.1622791  2.487768   2.4209225
-4.011163   3.3059328  0.9532886
-4.0111246   3.3057487   0.95314145
-4.009077   3.3048859  0.9507615
-4.0141006  3.306805   0.9551413
-0.8814954  7.302368   4.712612 
-0.88089794  7.3028593   4.7130136 
-0.877265  7.305757  4.711093
-0.88661915  7.299787    4.7161045 
 1.2209948  4.2782526 -2.7098606
 1.2214065  4.277822  -2.7099633
 1.2225583  4.2773523 -2.711643 
 1.215118   4.279523  -2.7021086
-0.90345323  2.6666064  -1.3241899 
-0.90313804  2.6668077  -1.3239063 
-0.9022047  2.6663587 -1.3253118
-0.91190237  2.6710172  -1.3150709 
-2.02961    1.782891  -3.1273305
-2.0294704  1.7828026 -3.127487 
-2.029673   1.7822754 -3.128278 
-2.034045   1.8045267 -3.106308 
-1.3034754  7.4551992  2.7830758
-1.3032233  7.4556427  2.7831795
-1.2997322  7.454407   2.7800193
-1.3060431  7.455309   2.7864652
 1.6040201  4.1582785 -3.1484857
 1.6043413  4.1578045 -3.148646 
 1.6052699  4.15741   -3.1499882
 1.596496   4.1620326 -3.1390162
-0.17882985  7.777535    3.7306793 
-0.17861119  7.7779427   3.7304194 
-0.17798556  7.77726     3.7296956 
-0.18240504  7.7766266   3.735099  
-1.079974   2.5432527 -1.8605174
-1.0795891  2.5433292 -1.8601761
-1.0787207  2.5424457 -1.862657 
-1.0843546  2.5476468 -1.8533927
-2.953403   5.9323144  1.0572462
-2.953698   5.9329777  1.0574182
-2.951318   5.9323416  1.0540717
-2.9583354  5.9320874  1.0631582
-3.0330193  2.9763591  2.6841705
-3.0324101  2.975855   2.6843207
-3.0324564  2.9763024  2.6831114
-3.0316148  2.9737694  2.6867733
-2.7361977  6.1634307  1.2812582
-2.73653    6.1640563  1.2813712
-2.7345695  6.1630735  1.2782261
-2.7401729  6.1621137  1.2857422
-0.40494287  6.8727145   1.236142  
-0.40494752  6.872669    1.2362802 
-0.40373018  6.8712816   1.2341217 
-0.40962452  6.8740377   1.2413986 
-1.3954688  2.712142   1.845965 
-1.3954737  2.712246   1.8459083
-1.3938551  2.7121491  1.8432531
-1.4007872  2.7102828  1.852451 
2.5576425 6.3073525 3.949184 
2.5534368 6.3098407 3.9455981
2.5439088 6.3208175 3.927334 
2.5409434 6.3152604 3.9503522
-0.71518767  2.433489    2.5542421 
-0.7160142  2.4330893  2.5549238
-0.71571505  2.435807    2.5528123 
-0.7272816  2.432483   2.5592234
 1.8802445  5.062894  -2.483801 
 1.8800933  5.063587  -2.4841228
 1.8807594  5.063794  -2.485231 
 1.8766426  5.0622535 -2.480066 
-1.9120532  2.9101715  1.7029341
-1.9120778  2.9101925  1.7026421
-1.9103067  2.9101422  1.7009975
-1.9157143  2.910284   1.7079076
 1.331186   4.6897173 -1.9978646
 1.3312343  4.68991   -1.9980545
 1.3323882  4.6897845 -1.9992186
 1.3274205  4.6900268 -1.9941957
 0.49611577  4.1554813  -1.9005585 
 0.49630466  4.1555243  -1.9008096 
 0.49656984  4.1554923  -1.9017701 
 0.49978346  4.1584296  -1.8978151 
-1.6579366  2.5326025  2.4592347
-1.6577958  2.5326252  2.4589622
-1.6553186  2.533169   2.4567997
-1.6630977  2.5299363  2.4648938
2.224446  6.7397285 3.804997 
2.2170882 6.7509823 3.800364 
2.1999094 6.7610583 3.712197 
2.1776712 6.769343  3.813206 
-2.0435004  7.317097   2.2297852
-2.044239   7.3175087  2.2299294
-2.040629   7.3162007  2.2265253
-2.049191  7.317958  2.235045
-1.2897066  6.781662   1.2189558
-1.2896383  6.7819753  1.2191515
-1.2870516  6.781049   1.2165053
-1.2956653  6.7828197  1.2235532
1.3992715 7.595278  3.5980184
1.396986 7.597066 3.597681
1.3974473 7.5902896 3.5948458
1.395196  7.59165   3.5913465
-1.7067764  2.6413326 -1.9430789
-1.7064857  2.6410298 -1.9429497
-1.7050428  2.6396031 -1.9448949
-1.7106403  2.6446486 -1.9365025
-1.3744265  7.1800666  1.8091096
-1.3746492  7.1799293  1.8087761
-1.3718333  7.1787634  1.8061475
-1.379772   7.181652   1.8141446
-2.2387831  6.906123   1.9175401
-2.2395048  6.9061213  1.9172448
-2.2364318  6.9059577  1.9142914
-2.2452044  6.9086933  1.9232215
2.4926128 3.5753238 3.1517007
2.491075  3.5739841 3.1502647
2.490442  3.5750003 3.1506345
2.4890277 3.5736818 3.1477308
-2.8465583  3.1623652  2.174568 
-2.8454037  3.162124   2.1747184
-2.844568   3.1618972  2.1740606
-2.8469155  3.1598377  2.1817   
 0.80952036  3.8667278  -3.124948  
 0.80959314  3.8662934  -3.125247  
 0.8106276  3.8654785 -3.12657  
 0.8068686  3.8699777 -3.118891 
-1.8857449   3.103246   -0.77238315
-1.8858645   3.103004   -0.77255607
-1.883857    3.1028883  -0.77398074
-1.8889481  3.103474  -0.7641909
-2.6880944  2.3735924  3.0423915
-2.68817    2.3737335  3.042107 
-2.6862395  2.372703   3.0400527
-2.6909618  2.3718603  3.0455797
 1.1207217  3.8024762 -3.3310657
 1.1209525  3.8021498 -3.3311405
 1.1223099  3.800942  -3.332911 
 1.1171263  3.8055143 -3.3248353
 0.91557485  4.3843327  -1.9712096 
 0.91562456  4.3845506  -1.971339  
 0.9162915  4.38404   -1.9730017
 0.9128506  4.38419   -1.9670764
-1.8661387  1.7234743  3.5467434
-1.8663709  1.7241321  3.546777 
-1.865146   1.724845   3.5469155
-1.8695087  1.720076   3.5474694
-3.0583713   3.3451812   0.78887796
-3.0583131  3.3450048  0.7886598
-3.0556173   3.3441525   0.78652245
-3.063015    3.3453512   0.79197437
-2.2164726  2.1157131 -2.8397262
-2.216534  2.115051 -2.839989
-2.2168913  2.1133945 -2.841054 
-2.2219317  2.1310604 -2.825468 
-0.2753569  7.4029083  2.348545 
-0.2749601  7.403064   2.3488364
-0.27266282  7.4019475   2.3460975 
-0.279679   7.4026303  2.3524697
-2.320314   1.4281154  3.677478 
-2.3195302  1.4282643  3.677464 
-2.3181736  1.4282349  3.6777606
-2.3220384  1.4288651  3.6775408
 0.933795   4.4982176 -1.4489714
 0.93383294  4.498831   -1.4498786 
 0.9351288  4.498104  -1.4517863
 0.93278694  4.498938   -1.4482305 
-2.7706912  5.9763994  0.6080842
-2.7713304  5.9769344  0.6084752
-2.7695277  5.9769335  0.6067067
-2.7766032   5.976853    0.61848456
-5.2932224  2.35615   -0.06283  
-5.292427   2.3551805 -0.0631061
-5.291794    2.3563285  -0.06408871
-5.2906685   2.359338   -0.05926936
-5.029608   2.616302   0.2511437
-5.029263    2.6159456   0.25152367
-5.0276575   2.6163485   0.24912395
-5.029811    2.6158922   0.25360256
-2.2181766   3.2070339  -0.34689665
-2.2180128   3.2066028  -0.34691826
-2.2155902  3.2063406 -0.3486537
-2.2235222   3.2054133  -0.33958477
1.9471848 7.0016823 3.5060022
1.8598791 7.070008  3.4470057
1.8970395 7.043433  3.1339521
1.8396826 7.0821824 3.5713577
-0.22663379  7.7987      4.001738  
-0.22675774  7.7993107   4.0010204 
-0.22657177  7.799044    4.0011153 
-0.2295083  7.7969985  4.004484 
-3.195652   3.3401122 -0.8951778
-3.1956408  3.3400145 -0.8948352
-3.1944056  3.3396301 -0.8960966
-3.1984065  3.3395824 -0.8904625
-2.4102678  3.14812   -1.465789 
-2.4103682  3.1478953 -1.4660822
-2.4086103  3.1470897 -1.4667866
-2.4126153  3.1486552 -1.4594568
-2.8217893  2.4360237 -2.8931794
-2.822728   2.4367409 -2.8941097
-2.8225837  2.4348013 -2.8943157
-2.8239188  2.449041  -2.883386 
-1.8050812  2.7686033  1.9877812
-1.8049104  2.768483   1.9876496
-1.8023947  2.7684689  1.9852704
-1.8099288  2.7673721  1.9934831
0.83888376 7.365351   2.4897702 
0.8392462 7.36593   2.4903972
0.84058994 7.3654337  2.488127  
0.83627516 7.3673162  2.493791  
-3.7649806  3.221897   0.311747 
-3.7651765  3.2217407  0.311935 
-3.7627342  3.2216506  0.3093095
-3.769166   3.222511   0.3152686
-1.4928954  7.4518895  3.547769 
-1.4930155  7.452544   3.5475588
-1.4885802  7.451689   3.5434937
-1.4983053  7.451856   3.5528295
0.97499806 7.60541    3.0922573 
0.9743438 7.6071224 3.092573 
0.97569734 7.603596   3.0899878 
0.96825975 7.606655   3.096308  
 1.0515088  4.3553233 -2.350166 
 1.0516503  4.3554335 -2.3505437
 1.0528607  4.3546143 -2.3521526
 1.0473759  4.3560586 -2.3450463
-0.5205795  7.57599    3.1461847
-0.5199795  7.5765023  3.1466136
-0.5171311  7.5757813  3.1444793
-0.52480525  7.5758133   3.1510026 
-1.8466672  7.5150056  3.0430365
-1.8460454  7.515226   3.042687 
-1.8428147  7.5140615  3.039219 
-1.8490582  7.5152225  3.0492504
-3.1202583   3.270186   -0.30559632
-3.1202857   3.2701757  -0.30536586
-3.118447    3.270512   -0.30729786
-3.1239622  3.2697732 -0.3007027
-3.5378308  5.859533   2.410155 
-3.5374122  5.8596983  2.4107966
-3.5351818  5.859128   2.4104943
-3.5386705  5.8616943  2.4088054
-2.133289   2.8225958 -1.8987128
-2.133187   2.822375  -1.8987259
-2.1317675  2.8211136 -1.9001843
-2.1368582  2.826267  -1.8921511
 1.3927952  3.9735718 -3.232749 
 1.3932946  3.9731064 -3.2325053
 1.3945004  3.9719286 -3.234523 
 1.387729   3.97585   -3.2259028
-1.8242043  7.3873544  3.9456713
-1.8240508  7.387913   3.945454 
-1.8215332  7.3874874  3.9423926
-1.8247434  7.3877816  3.9503732
 1.9047896  4.513738  -3.1324859
 1.9050843  4.513897  -3.1326046
 1.9056687  4.5137897 -3.1335075
 1.8984677  4.5166907 -3.1234863
-0.8645589  2.436254  -2.0947657
-0.86404496  2.4361417  -2.0943117 
-0.8636734  2.4352622 -2.096548 
-0.87151957  2.4407928  -2.0845826 
-2.603326   3.0690293 -1.9235272
-2.6035922  3.0686753 -1.9239763
-2.6023138  3.067862  -1.924541 
-2.6037562  3.0704863 -1.9188218
-2.9713583  2.8348403 -2.6733747
-2.9724023  2.8349037 -2.6741037
-2.9722886  2.8339827 -2.6734188
-2.9698036  2.840538  -2.6660624
-2.0544841  2.4094665 -2.484905 
-2.054057   2.4089236 -2.4847317
-2.0538487  2.4075568 -2.4858594
-2.0588138  2.414426  -2.4790702
 1.8108608  5.1744523 -1.838467 
 1.6496642  5.065999  -1.8548013
 1.7364964  5.0540786 -1.9908378
 1.6959234  5.153548  -1.5288031
-1.8665472  3.0990236  1.0333102
-1.8659703  3.0986423  1.0337902
-1.8641664  3.0988145  1.0320274
-1.8700215  3.0964897  1.0452721
-3.9663315  3.4492385  1.1908131
-3.9666936  3.4488974  1.1904156
-3.9645817  3.4468713  1.1894891
-3.9662027  3.4482784  1.1890134
-5.0880513   2.5092998  -0.01645325
-5.0882325   2.5092287  -0.01628007
-5.086327    2.51054    -0.01877588
-5.089371    2.509056   -0.01084617
-2.6647654  1.9385575 -3.122851 
-2.6646974  1.9389825 -3.1237576
-2.6651347  1.9369686 -3.1241634
-2.6644413  1.9537616 -3.1141467
-1.9933175  3.01197    1.4612734
-1.9928447  3.0122147  1.4611953
-1.991479   3.0118845  1.4592565
-1.9971478  3.0119216  1.4685354
-0.03189988  7.794321    3.5157845 
-0.03140915  7.7946796   3.5157073 
-0.03081862  7.793989    3.5151238 
-0.03654741  7.793801    3.5213602 
-2.2825284  6.360945   1.105979 
-2.2827666  6.361296   1.1062344
-2.2803323  6.360154   1.1034585
-2.285898   6.3603973  1.1089151
0.92760354 4.017794   2.086916  
0.9232167 4.020587  2.0832934
0.94227386 4.0704255  2.0225387 
0.9453854 4.0135527 2.1126735
-2.0850308  2.7780402  2.176215 
-2.0848813  2.7779078  2.1762445
-2.0831833  2.7785225  2.1739159
-2.0888958  2.7770596  2.1818466
-1.42847    7.1014857  4.627864 
-1.4282415  7.1019077  4.6275115
-1.4264398  7.104269   4.626027 
-1.4285471  7.100922   4.629708 
0.03286492 7.653379   2.9354663 
0.0330202 7.6534734 2.9351397
0.03461742 7.652327   2.9335814 
0.02781512 7.65271    2.940437  
-2.390625   2.8716166  2.22243  
-2.3906708  2.8718302  2.2222974
-2.3892703  2.8717668  2.220141 
-2.3955894  2.8713093  2.2290564
1.5134548 7.284624  3.176339 
1.5131283 7.284867  3.1758845
1.5154554 7.282066  3.1743739
1.5112064 7.286535  3.1817603
-1.8658743  6.688178   1.369509 
-1.8661839  6.6883187  1.3694056
-1.8633902  6.687352   1.3669269
-1.8712513  6.688682   1.3729392
1.7910882 3.8157609 2.8138542
1.7861955 3.8189216 2.811791 
1.7993311 3.866082  2.734491 
1.7891066 3.8119745 2.8287349
-3.5246913  5.6238523  2.2084641
-3.5236285  5.6240907  2.2095256
-3.5222566  5.62517    2.2084045
-3.5255754  5.625315   2.209924 
-1.3762364   6.514679    0.72888386
-1.3756847   6.5145173   0.72915196
-1.3739302  6.5137477  0.7275614
-1.3863024   6.519144    0.74569595
-2.6650832   3.2450686   0.20801099
-2.6652966   3.2450476   0.20815733
-2.6628392   3.2444546   0.20598875
-2.6685247  3.2459261  0.2112627
-3.6159716  3.3350935 -0.9428383
-3.6162608  3.3350139 -0.9425349
-3.6154912  3.3352027 -0.943549 
-3.6188705  3.3334577 -0.9380923
-2.3574843  1.4163916 -3.3864992
-2.3574016  1.4162233 -3.3862019
-2.3579948  1.4167395 -3.3871002
-2.3594947  1.4339421 -3.373722 
-0.7535162  7.2816925  2.0233867
-0.7532348  7.281622   2.0232809
-0.7506824  7.2802377  2.0204852
-0.7578068  7.281994   2.0277264
-2.406965  7.351967  2.415525
-2.408244   7.351991   2.4158373
-2.4046926  7.351063   2.412856 
-2.4101021  7.3530126  2.419679 
-2.9812007   3.272803    0.26817435
-2.981069    3.272773    0.26843622
-2.9786923   3.272445    0.26620308
-2.9848824  3.2735672  0.2724187
-2.3948407  2.4134371 -2.6401906
-2.3949363  2.412939  -2.6403842
-2.3952086  2.4110236 -2.6417034
-2.3999307  2.42466   -2.6276512
-1.3696278  2.955089  -0.5549833
-1.3694569  2.9552457 -0.5545357
-1.3684106  2.9552615 -0.55645  
-1.37304     2.9558814  -0.54935086
1.4817107 3.825721  2.7453783
1.480306  3.826705  2.7447758
1.4825274 3.8257868 2.743864 
1.4764458 3.8246195 2.7491565
-3.2983558  5.8401933  1.9447005
-3.298505   5.8405147  1.9445949
-3.296184   5.8412395  1.9422779
-3.3032153  5.83976    1.9504822
 2.0884721  5.1207705 -2.855198 
 2.0880363  5.121418  -2.8554058
 2.0877333  5.1214027 -2.855821 
 2.0857956  5.122055  -2.8537776
-0.70623505  7.5538282   3.8806002 
-0.70587    7.5544047  3.880652 
-0.70348155  7.554502    3.8785586 
-0.7089645  7.5535936  3.8846736
2.0394597 3.773272  2.9180002
2.0372515 3.7740996 2.9181166
2.0385523 3.784909  2.9026833
2.0343716 3.7710948 2.9236555
-1.9604759  2.0182858 -2.9129958
-1.9606661  2.017813  -2.9128463
-1.961153   2.0167375 -2.9145427
-1.9661909  2.0455625 -2.8831716
1.2608271 7.3359275 2.8868203
1.2602847 7.336233  2.8863099
1.2628891 7.3328815 2.884579 
1.2584537 7.3395395 2.8913271
-0.8934104  7.034104   1.4440868
-0.8930346  7.034229   1.4442903
-0.8910928  7.0326653  1.4414079
-0.89881814  7.0345635   1.449677  
-2.0027535  7.5215154  3.5509996
-2.0020115  7.521555   3.5509171
-1.9994736  7.5207105  3.5488048
-2.0016894  7.522396   3.5542767
-2.9732213  6.009669   1.419074 
-2.9734287  6.010755   1.419521 
-2.9710095  6.00929    1.416093 
-2.9766452  6.0088367  1.4232128
-1.050767   2.1891341 -2.7378361
-1.0504061  2.1888604 -2.7376556
-1.0500187  2.189584  -2.738445 
-1.0541146  2.1902268 -2.7308538
-1.5782708  1.8021111 -3.2240412
-1.5786586  1.8025037 -3.223766 
-1.5778528  1.8033515 -3.2239683
-1.5864837  1.8093837 -3.207993 
-3.8914444   3.1474884  -0.05025942
-3.8914177  3.1473544 -0.0498282
-3.8897793  3.1477408 -0.0518671
-3.8953228   3.1471484  -0.04598971
-4.1216307   3.1486714   0.46982744
-4.121597   3.1487222  0.4700145
-4.1194935   3.1484601   0.46713775
-4.126549    3.148944    0.47423765
-2.744611    3.251717   -0.22600316
-2.7447436   3.2518394  -0.22555605
-2.743025    3.2515666  -0.22782826
-2.7471719   3.2521446  -0.22204524
-2.8470018  6.313016   1.7793521
-2.8474665  6.3134284  1.7793813
-2.8452587  6.312936   1.7769564
-2.851379   6.312245   1.7833395
-2.819046   2.7061515  2.7939517
-2.8191776  2.7065542  2.7936623
-2.8169017  2.705802   2.7918234
-2.8214753  2.7042086  2.797943 
1.8316685 3.6525583 3.0167105
1.8304268 3.651933  3.016371 
1.8326045 3.6513288 3.0167427
1.8284566 3.6519225 3.0161908
 1.0750885  4.0680556 -2.9033089
 1.0755877  4.0676103 -2.9030175
 1.0762753  4.0664816 -2.9050665
 1.0712672  4.0686812 -2.8972907
-1.8189293  6.402553   0.7872921
-1.8188908  6.403252   0.7877288
-1.8165652   6.40239     0.78545463
-1.8251224   6.403011    0.79285264
-1.2084296  7.0009575  4.9823256
-1.2081152  7.0004935  4.9820185
-1.2066374  7.0013814  4.981829 
-1.2081093  7.000098   4.9806285
-0.9834981  7.3969154  2.4435515
-0.9830555  7.3970923  2.44377  
-0.97986454  7.395529    2.4404871 
-0.98753107  7.397441    2.4475925 
-4.433227    3.136859   -0.86909795
-4.433556    3.1371126  -0.86861193
-4.431917    3.1380427  -0.86883014
-4.435299    3.134547   -0.86634856
-1.410689   7.4339194  2.5665019
-1.4104049  7.433981   2.5664737
-1.4070345  7.432363   2.5635314
-1.413451   7.4340963  2.570415 
-3.3004026   3.3549476   0.77488613
-3.3002312   3.3548515   0.77500653
-3.2980833  3.3543365  0.7726311
-3.3052542   3.354833    0.77904713
-4.6611485   3.0173464  -0.76934314
-4.6613126  3.0174448 -0.7687336
-4.6598973   3.0186346  -0.76851106
-4.662706   3.0147839 -0.7660625
-4.804349   2.951409   0.7129055
-4.804269   2.9514573  0.7129555
-4.8023753  2.9509053  0.7112323
-4.802666   2.9524443  0.7124718
-1.5810161  1.9290919  3.4239793
-1.5812356  1.9292307  3.4243908
-1.58077    1.929965   3.4236479
-1.5846303  1.9265174  3.425826 
-3.3018296  6.4956903  2.441808 
-3.3025534  6.49506    2.4417698
-3.2990491  6.495111   2.4411898
-3.3025613  6.4969854  2.4416385
-1.7064704  2.8134384 -1.5129282
-1.7064935  2.813163  -1.5130618
-1.7047595  2.8119147 -1.5145596
-1.7104397  2.8169985 -1.5071675
0.81678945 7.254381   2.2398536 
0.8171413 7.25488   2.2402544
0.81845057 7.254235   2.238327  
0.81267226 7.2567415  2.2462366 
-0.04072332  6.915685    1.3489523 
-0.04041286  6.915678    1.34898   
-0.03859976  6.914677    1.3471119 
-0.04788886  6.917437    1.3524548 
-1.1470279  7.1543303  4.7134576
-1.1464207  7.154427   4.7138915
-1.1444193  7.1566834  4.7134705
-1.1486914  7.1527753  4.7141795
 2.0107727  5.259281  -2.4585357
 2.0104995  5.2596097 -2.4588413
 2.0122817  5.257839  -2.4615958
 2.0049825  5.2575917 -2.4498303
-2.4157221  1.5982811  3.5301406
-2.415386   1.5983535  3.5294971
-2.414556   1.5983884  3.5288346
-2.4177003  1.5974346  3.53229  
-1.1691077  2.653024   1.8851466
-1.1694853  2.6528203  1.885261 
-1.1684201  2.65404    1.8831989
-1.1734924  2.6515343  1.8894736
-2.4656904  6.1358395  0.7253704
-2.4659598  6.136905   0.7258152
-2.4633079   6.1362495   0.72324723
-2.4694643  6.1356483  0.7297358
-0.04057418  7.9100623   4.095125  
-0.04151333  7.9106326   4.0943737 
-0.04114758  7.9107957   4.094665  
-0.04605456  7.9082694   4.097796  
 1.8877783  4.908296  -2.7003982
 1.8876313  4.9088683 -2.7009354
 1.8879285  4.9091763 -2.7016733
 1.8846788  4.908958  -2.6958697
 1.2897725  4.122745  -2.994409 
 1.2902337  4.122309  -2.99445  
 1.291237   4.1211796 -2.9959545
 1.2850761  4.124833  -2.9873416
-2.29329   1.90811   3.383342
-2.292966   1.9087385  3.383157 
-2.291811   1.909265   3.3813913
-2.2948098  1.9047102  3.3859143
-0.43303382  7.214217    1.8270718 
-0.43299544  7.2138033   1.826543  
-0.43045187  7.212361    1.8239257 
-0.4383686  7.214988   1.8317392
 0.7066638  4.365697  -1.3940246
 0.70649534  4.366171   -1.3948985 
 0.7076145  4.3644834 -1.3957921
 0.7193981  4.3714285 -1.3978696
-1.7089263  6.8449574  1.5079108
-1.7089288  6.8452525  1.5081058
-1.7061216  6.8445525  1.5053755
-1.7148944  6.8460093  1.5120488
-4.1866407   3.0568283   0.06204652
-4.1864634   3.0565476   0.06234107
-4.1852016  3.0566325  0.0603696
-4.1905074   3.0555878   0.06586732
 1.5704418  4.504641  -2.7638714
 1.5707322  4.504535  -2.7639904
 1.5714962  4.5048347 -2.7653215
 1.564586   4.50524   -2.7550373
-2.9811344  3.1320353 -2.3042514
-2.9811845  3.1310303 -2.3052812
-2.9805791  3.133534  -2.307434 
-2.966166   3.1684115 -2.2505732
-1.5557728  7.4701133  2.8256972
-1.5556287  7.470434   2.8254905
-1.5526456  7.468996   2.821986 
-1.5593733  7.47087    2.8301141
-0.9425807  7.501094   3.3938482
-0.94233894  7.501396    3.3939598 
-0.9401432  7.500522   3.391461 
-0.94547856  7.500881    3.3974116 
-1.025808   2.385594  -2.3027115
-1.0255835  2.3854563 -2.302558 
-1.0248475  2.3845475 -2.3045082
-1.0287031  2.3876116 -2.2967358
-4.914426    2.6632094  -0.12179049
-4.9144835   2.6631567  -0.12157127
-4.9129224   2.6644166  -0.12359455
-4.9158726  2.6623766 -0.1182604
-4.3830214   2.9931252   0.16361558
-4.3829565   2.9929829   0.16380548
-4.381256    2.9931037   0.16207886
-4.387306    2.9924402   0.16730875
-1.5834515  7.2533107  4.271745 
-1.5833062  7.2542624  4.2714343
-1.5801471  7.2556367  4.2692385
-1.5849923  7.2536345  4.2761297
-2.2678626  6.2459598  0.8241507
-2.2681813  6.246425   0.8243324
-2.2653778   6.2453756   0.82177657
-2.2716763  6.245089   0.8270862
-2.2217696  3.0118878  1.746658 
-2.2213252  3.0119324  1.7465123
-2.2198012  3.0117326  1.7446717
-2.225898   3.0121355  1.7530215
-2.8154864   3.2860146  -0.64775777
-2.8155372  3.2863595 -0.647537 
-2.8140624   3.2861907  -0.64899623
-2.8169973   3.286412   -0.64459854
-2.9060378  6.957444   2.3778164
-2.9072638  6.956708   2.3775635
-2.9041023  6.9571524  2.3763044
-2.9090805  6.9585414  2.3795052
 1.1207684  4.546089  -1.9160488
 1.1209477  4.5465474 -1.9159988
 1.1217493  4.5462966 -1.9172949
 1.1183244  4.5456643 -1.9133903
-2.0861504  2.961449  -1.5016047
-2.0862315  2.9612837 -1.501657 
-2.0849438  2.9601963 -1.5034173
-2.090192   2.9656658 -1.4945799
-2.6837263  6.353364   1.6254883
-2.6841056  6.353863   1.6253719
-2.681593   6.352968   1.6224986
-2.6883025  6.3522477  1.6292977
-1.3847473   2.9167345   0.95279783
-1.3843982  2.9164913  0.9532685
-1.3838446   2.9164224   0.95192176
-1.3875067  2.9165714  0.9587373
-4.0538816   3.1436977  -0.47683483
-4.053974   3.143409  -0.4765796
-4.052948    3.143702   -0.47867146
-4.0567217   3.142049   -0.47232354
 0.39400727  4.059865   -2.1078258 
 0.3941719  4.05972   -2.1082647
 0.3945396  4.0598707 -2.1086848
 0.39957708  4.0635185  -2.1040995 
-2.1994045   6.1372747   0.39152023
-2.1996872   6.1367006   0.39153805
-2.1946054   6.1362934   0.38845184
-2.2026472   6.14092     0.41669357
-0.009791   7.498891   2.5039139
-0.00907406  7.4988694   2.5041125 
-6.6105397e-03  7.4973707e+00  2.5016487e+00
-0.01482879  7.49837     2.509364  
-1.6629057  2.9050324  1.4044291
-1.662568   2.9049876  1.4044837
-1.660951   2.904885   1.4024613
-1.6667022  2.9049437  1.409608 
-2.139942   6.6517887  1.5040935
-2.1402757  6.651957   1.503862 
-2.1375554  6.651248   1.5015175
-2.1453116  6.6520195  1.5081034
1.0872636 3.8788402 2.4969306
1.0860254 3.8803988 2.4963217
1.0882503 3.8803456 2.4946952
1.0841787 3.8801908 2.4989462
-0.7338243  7.526935   3.0904555
-0.7330783  7.5274835  3.0910466
-0.7307545  7.526475   3.0886412
-0.73747945  7.526971    3.0950534 
-2.4380243  7.028535   2.1459012
-2.4390514  7.028266   2.1455462
-2.4361537  7.027925   2.1433496
-2.4435513  7.0300746  2.1492453
-4.657275    2.816963   -0.09800474
-4.6573      2.8172038  -0.09755503
-4.656257    2.8173287  -0.09954056
-4.659632    2.8165443  -0.09333336
-2.6583111  2.1228218 -2.9922717
-2.6582787  2.1225212 -2.993077 
-2.6582813  2.120875  -2.9932466
-2.6588964  2.1321466 -2.9859743
-1.3220469  2.3556595 -2.3687308
-1.3217221  2.3555095 -2.3684702
-1.3211086  2.3543417 -2.3700573
-1.325585   2.3593223 -2.3621535
 0.84599966  4.20321    -2.375795  
 0.8462455  4.2034674 -2.375832 
 0.8471468  4.202739  -2.377659 
 0.84222156  4.2044063  -2.370763  
-1.9848819  2.5732307  2.4839206
-1.9848148  2.5731983  2.483984 
-1.9825693  2.5736701  2.4816778
-1.9891587  2.5712705  2.4891455
-0.14721759  8.371165   -0.90949804
-0.15039693  8.372682   -0.9095643 
-0.15149197  8.374009   -0.90778273
-0.15536483  8.372361   -0.9031801 
-3.2314522  6.039219   1.301754 
-3.2313643  6.0390506  1.3022566
-3.2296948  6.0397367  1.3010603
-3.2320313  6.0395193  1.3068211
