 0.6378942   7.3204055  -0.08113038
-2.5371048  1.2695465  3.7432368
-2.589476   1.3225409 -3.4265056
2.7676604 3.5357618 3.218015 
-1.4485099  6.959655   4.8935194
 2.0798912  3.7739422 -3.7192254
-5.234986    2.4427953   0.19183958
0.00886745 0.05674286 0.00359293
 4.6474395   5.905094   -0.29959047
-3.1359882  5.8427467  1.2671332
2.9631412e-01 3.7093961e+00 4.9541472e-04
1.9993292 7.028108  3.792556 
-2.5723324   3.2853665  -0.75679946
-0.9527678  7.325914   2.1731894
-1.64482    2.8106663  1.7358052
-0.7164326  2.3726282 -2.3037627
 2.2323768  5.687268  -0.8275678
0.73580515 3.8919466  2.2126756 
 0.7087983  4.231173  -2.0763404
-3.7065291  3.4659503  1.2106713
0.10275583 7.927736   3.8113637 
1.019617  7.1470037 2.1733773
-0.26801234  1.9100342  -0.00573385
1.9066511e-03 5.6345344e+00 2.8424007e-01
 2.115518   5.292998  -2.6761873
-3.036389   3.028716  -2.5068088
-2.9559925  7.123523   2.5246837
2.7536001 5.879106  0.9299093
-1.5779047  6.407733   0.6154691
-3.0180874  2.7669353  2.922847 
-1.010671   2.1827233  3.2496927
-4.310366   3.257059  -1.0402044
1.4109604 4.8207507 1.0743115
-0.4106475   8.35391    -0.84174967
-1.7863064  7.4934063  3.424077 
-1.331444    2.9797676   0.05358604
-0.12945351  6.795881    1.1633435 
 0.74457085  3.7160583  -3.3736293 
 3.3941891  6.271482  -0.8572513
-2.4467719  3.2739284  0.6984302
-1.5202389  2.8010488 -1.363895 
-2.0140045  2.2207613 -2.6817858
2.2849889 6.8048964 2.073641 
2.060594  5.10016   1.9696066
-3.655674   5.58996    2.4263968
2.7105637 6.0442486 4.1824384
-2.0284314  6.878208   1.730697 
-3.54592     3.2255824   0.01850228
 1.1736741   4.9526577  -0.11807011
0.08109047 7.5798407  2.6950884 
1.6020591 3.7040873 2.947157 
-2.7951574  3.2574935  1.8863012
1.1578522 7.713678  3.4915993
-0.99027264  7.156257    0.06139154
-2.1257455  2.077585   3.1421337
-4.6507554   3.1041224   0.81697905
-0.6280126  7.5331535  4.5053253
3.5977762 6.1871758 0.1174818
-0.785892   2.5058544  2.278449 
 1.4615835  4.2983923 -2.8890064
 1.4845563  4.8800373 -1.7742051
-2.505171    6.0345554   0.40186065
2.709629  6.7624702 2.9041486
-0.71911347  7.5603323   3.3870194 
-2.3877878  3.0279264 -1.7278438
0.09187851 1.0122279  0.00200743
-2.9127665  2.1460226 -3.1152637
-1.0399048  6.8874316  1.3049066
-3.3842227  3.405339  -1.1810355
-4.4153876   2.9508605  -0.06024552
-2.9552786  6.3873076  1.9926485
2.2996674 4.4627895 2.2818985
-2.2515602  2.7224307  2.402207 
 0.8100135  4.460635  -1.1982578
-1.1303734  2.0352268 -3.033446 
 1.7654903e-01  2.8257556e+00 -1.3043471e-03
-1.5816989  3.0141187  0.8935164
 2.150099   4.735738  -3.3371425
1.4815732 7.220826  2.90098  
-1.8220627  7.291848   4.237282 
-2.4625268  6.3535037  1.2909608
2.5446959 5.868028  0.0632973
-0.1956455  7.262982   1.8983132
-1.6749331  7.465855   2.6257844
-2.0956008  3.1635199 -0.0668964
-1.7800118  1.6774874 -3.2935436
-0.04030244  7.7430024  -0.25058812
-1.5969336  1.7466432  3.6101718
-1.4689159  2.3977923  2.6582162
-1.643357    3.022349   -0.65411454
 2.9483078  5.956771  -0.5148656
-1.5698297  2.5138242 -2.1557124
-0.8009931   2.4762337   0.03143487
-2.8260741   3.249225    0.00712244
-0.08160988  6.245017    0.71007437
-2.2329724  3.1209276  1.4729443
-0.88326895  2.5752177  -1.6434705 
-3.4420903  6.256487   2.5027816
0.85746783 7.5438476  2.859327  
 0.6893723  4.2786727 -0.0478684
-1.0892488  7.3977785  4.002483 
-2.922362   2.2001994  3.311022 
 1.4128324  3.697804  -3.5286849
-3.0455072  3.3958247  1.0623591
-4.9476123  2.7025898 -0.4058625
 2.7415664  6.017192  -1.1400316
 0.48963133  3.9283347  -2.7871401 
 2.0011163   5.470015   -0.22329201
-2.3203351  7.1998196  2.234037 
 1.6949211  4.807799  -2.5143173
-3.8214571  3.2161033 -0.6012007
0.39802325 7.1509867  1.6479943 
-3.427756  5.633986  1.817596
-3.9719183   3.2445607   0.66374177
-2.6406608  2.543044  -2.6515236
-0.98390365  2.6703222   1.6975693 
 0.17256624  8.330558   -0.61442524
-1.0076874  7.468055   2.7849035
-1.6289104  7.2648706  2.0094407
-3.1892443   3.290228   -0.60183185
-0.9914067  2.7520962 -1.0521983
-1.6245434  6.716537   1.2611611
1.6592364 7.5142717 3.8870854
-2.3526614  1.8925494 -3.0427418
2.391338  6.526623  4.0395603
0.23516372 7.795213   3.2227345 
-0.47977164  7.641143    3.945099  
-2.9444668  3.0831106  2.4271796
-2.055882   3.094916  -1.0654683
3.4733675  6.160731   0.74664205
 3.9349253   6.301721   -0.80119455
2.1684847 3.6246266 3.0742576
 1.2101201  4.5230365 -2.1975784
-2.498916   2.460802   2.8541124
-2.1162696  2.6785328 -2.1570814
1.0739332 3.767579  2.7419145
-0.47032645  7.4677806   2.6133246 
 1.996024   5.42666   -1.8361607
-2.0757458  6.355998   0.8848349
4.1374516  6.0403748  0.13684992
-2.997733   5.8793454  0.7314459
-3.1670346   3.2966843   0.53028727
-2.1802337  1.6324685  3.544417 
-4.239978   3.3920786  1.1304965
 1.850126   4.2716746 -3.266956 
-2.7371886  3.170978  -1.3389837
3.006268  5.931727  0.3195839
-1.2542089  2.2573545 -2.5582988
-4.499566   3.0067923 -0.5898804
-1.5345552  2.1297054  3.1205661
1.7402104 7.1189413 2.956023 
 0.973922   4.2073636 -2.5602794
 0.12201858  2.2760994  -0.01309495
-2.5170996  6.776527   1.9745231
0.9223317 4.2551103 1.7021611
-1.19576    7.2163873  4.484783 
 1.0659162  4.557889  -1.6958051
-1.336283  2.585175  2.195144
-2.6540887  2.97319   -2.1644557
2.2274048 5.6664634 0.5101799
-4.877076    2.8014429   0.46898782
 0.07462724  7.3010454  -0.02184282
-0.848529   2.3637679  2.801164 
-2.1031747  2.894259   1.9464507
2.0522685 6.8998046 2.9549944
 1.5884894  5.2556353 -0.0456813
 1.1602329  3.962145  -3.1068382
-1.1666446  2.8411965  1.107392 
 0.34453395  3.993933   -2.318529  
-2.8468654  6.180769   1.5496621
2.7173915 6.324438  3.5827212
-1.372348   7.4811664  3.1597414
-4.000694    3.1445243   0.17187747
-3.218297  6.716661  2.475104
-0.65937907  7.222878    1.7660276 
-1.9497495  2.4444122  2.6636639
-2.5567684  1.8789301  3.372851 
-0.26394886  7.691653    3.4616416 
 0.04536393  0.5350432  -0.0024188 
0.09976708 1.5994719  0.03150098
-0.1886213  7.836819   4.2696548
 1.9514523  4.833493  -2.9145741
-1.5812746  7.392141   3.8386307
-2.0581188  7.553302   2.8858802
-1.2574198   6.653701    0.96339285
0.58461976 7.321534   2.1826413 
-1.0185752  7.140063   4.9217653
-1.9087961  2.8001244 -1.759185 
-3.0178454  2.6246045 -2.906691 
-2.0584722  7.489085   3.7915473
-1.1300187  7.143292   1.6706272
-1.7825537  2.6564274  2.2337599
-3.8345573  3.3823192 -1.1507238
-2.6304605  6.0884805  0.8878681
-3.1408198  6.005084   1.8375859
0.17239052 3.2701187  0.01113367
-1.8183496  2.9980931  1.2699826
-2.492016   3.2263541 -0.322493 
-1.7116742  2.0061111 -2.922971 
-5.9212176e-03  7.4277182e+00  2.2893085e+00
-2.078093   6.565255   1.2991836
-3.4029717  5.8759103  2.1809864
 0.60942084  4.2616615  -1.6522019 
-0.3336911  7.0479455  1.4565729
 1.1041812  4.8379273 -1.2531573
1.5588741 7.341854  3.42047  
-0.50733924  7.337956    2.2034411 
-1.4260491  2.6513884 -1.7554425
1.087818  7.293412  2.5703115
-2.658199   2.765256   2.6050892
-4.790012    2.7280185   0.06071047
-2.3784704   3.212778    0.28532463
1.402269  3.936159  2.5323017
-2.7575016  3.2290368 -1.7628151
-0.3074697  7.581595   2.9849584
-4.0725203   3.1136255  -0.24106862
-4.341931    3.0598996   0.40166113
 2.161086   4.352618  -3.5335512
-1.2232591  7.4706182  3.5453153
-3.5753384   3.2746022   0.49783218
-2.0237486  6.2315626  0.4983444
-1.3241065  7.384591   2.330196 
-0.81663066  2.2457082  -2.6754355 
-2.8475735  6.7444544  2.2046866
-2.1661534  7.583838   3.271352 
-2.577409   3.016669   2.1229057
-1.7190543  3.0782714  0.0351091
2.6619585 3.9273238 3.0078738
-1.1797277  2.4477155 -2.1424959
0.5587316 7.514872  2.5276134
-2.4988892  2.233101  -2.8493738
-2.7869778  3.269211   0.4302646
-1.6908743  2.3380969 -2.4840553
 2.1733506  5.0922737 -3.095676 
 1.7312937  3.580351  -3.7081134
-1.3062377  1.969962   3.4992669
-2.011749   7.1275253  2.0193942
 1.4393122  4.528442  -2.5578692
 1.7681239  5.037786  -2.2212384
-2.6161847  1.7100825 -3.2368388
-1.2364427   2.8736744  -0.79796046
-3.663452   3.3586583  0.8494457
-2.3098664  2.5525393 -2.448055 
-1.4075513   2.933281   -0.30685085
-2.3963876  3.218882  -1.2023835
-1.6808138  2.945906  -1.0152491
-1.2901944  2.7683704  1.5161687
-1.4105091   2.9415755   0.57398695
-1.9061192  2.9395504 -1.3639919
 0.84150344  4.006618   -2.856578  
-1.0698078   2.7231526   0.03114809
-0.99367636  7.497554    3.1556826 
-2.9267602   3.3212543  -0.85279596
1.0805304 3.96979   2.28833  
-4.7841206e-01  2.2063501e+00  1.8033416e-03
1.2946149 7.4200397 3.137236 
-4.176806   3.1442423 -0.6676763
-0.8973767  7.511219   3.6953201
 0.60372186  3.8754041  -0.06884921
-1.7382365   6.5221176   0.98434913
-1.4437568  6.9170218  1.4943092
-2.2464392  1.6205186 -3.2465477
 1.6607642  3.9172778 -3.4030452
-2.706655   1.6189611  3.561604 
-2.4933197  2.1447027  3.1492717
-3.2033198  6.221833   2.179753 
2.3440154 6.60183   3.417669 
-2.8853147   3.2664442  -0.43048438
 0.5327422  3.8135095 -3.1134667
-1.7803398  1.9557188  3.2917793
-2.6865518  6.498908   1.802905 
2.1702354 6.8754373 4.053569 
 0.6545407  4.0764537 -2.5208044
-0.47481614  8.242818   -0.52685046
-1.733682  2.28642   2.88615 
 1.7270054  4.5139337 -2.9361973
-2.6378956  7.088355   2.3053513
-1.3979363  7.317417   4.1280103
-3.4139442   3.2542863  -0.34568527
-0.7572164  7.4988627  4.1904836
-2.3422487  6.556126   1.5370786
-2.9359617  2.4812384  3.1198316
-0.1685009   6.530039    0.95367473
-4.3363433  3.2306232  0.8410681
-3.511572   3.288926  -0.7157962
-2.0425873   3.1901083   0.32827395
-3.3386037  5.6965494  1.4969431
 0.14895234  1.9376825  -0.00367012
-2.4246497  3.0785549  1.8309029
-2.150297   2.303104   2.8915453
-1.6279144  7.167177   4.479171 
-3.6363876  5.4071727  2.1488059
 1.090186   3.611059  -3.5409646
0.18349595 7.0315313  1.4234313 
 1.5291559  4.8101907 -2.1752555
-3.371245   3.414004   1.0223043
-0.74372417  7.423867    2.4141192 
-1.0153365  7.4800043  4.416833 
-2.7831829  3.3084702  0.8866711
-1.4065149  2.0868015 -2.8402474
 1.9470505  4.018059  -3.5194187
-2.6946292  2.8006022 -2.4347954
-3.2709537   5.740478    0.99216425
-4.59733     2.9011023   0.25233424
-2.4966888   6.3724284   0.95210856
-0.6725113  7.50094    2.8577833
-3.09293    6.5167522  2.262161 
-1.0002711  2.5877078  2.0578299
-1.726632   6.9732757  1.7030739
-1.8970659  2.4932315 -2.2920196
-0.74704516  6.949741    1.1966583 
-1.6378059  7.410762   2.3011942
1.8740813 7.3102145 3.9925199
-3.3557045  3.270741   0.2748004
0.81726474 3.816039   2.4992979 
-1.148164   2.3860915  2.7211587
-3.9808486   3.2770607  -0.89810807
2.2651992 3.9033601 2.8498461
-1.1510758  2.6620464 -1.5134972
-1.2185515  2.2432306  3.0309868
-0.9774851  6.772951   1.0262728
-1.2325778  7.3187184  2.0456529
-2.4862218e+00  3.2132056e+00 -1.2481532e-03
-1.241296   2.755512  -1.2284541
-2.06322    1.8641313  3.3611226
-0.58016515  7.603543    3.6599877 
-4.7969227  2.8719292 -0.6065723
-2.2488656  2.5156639  2.6934826
-4.601354    2.9851716   0.54200155
-2.3781614  2.818597  -2.1021833
-3.7192135   3.2030542  -0.22667101
-4.5885835  2.8875365 -0.3283247
 0.8654655   4.5238457  -0.05868315
0.5560639 7.186488  1.9006903
-0.443234   7.6772428  4.272745 
-1.4232415  2.8641725  1.2614907
-3.2545142   3.2525487  -0.04775319
-2.6045728  3.2410529  1.6544074
-0.09457526  7.7018313   3.2141883 
-0.10673418  8.28811    -0.7037306 
-1.1580338  2.4897382  2.4149425
-4.0113387  3.305615   0.9528003
-0.88036484  7.3030205   4.711681  
 1.2213831  4.2781043 -2.710218 
-0.9038514  2.667369  -1.3238161
-2.0293672  1.7832779 -3.1268435
-1.3031015  7.4552817  2.7832456
 1.6043369  4.1579614 -3.1485202
-0.17877708  7.7773805   3.7305224 
-1.0797397  2.5436869 -1.8604355
-2.953039   5.9323864  1.057254 
-3.0327337  2.9758573  2.6839783
-2.7360055  6.163582   1.2809597
-0.4056196  6.8733687  1.2360544
-1.3957984  2.7123606  1.846161 
2.554132  6.308127  3.9436054
-0.715733   2.4331355  2.5547533
 1.8803083  5.0634623 -2.484006 
-1.9115833  2.9104397  1.7023916
 1.3311766  4.689646  -1.9981115
 0.49619353  4.1557117  -1.9003782 
-1.6578856  2.5325046  2.4592266
2.218633  6.7470617 3.798611 
-2.043886   7.317306   2.2292354
-1.2901807  6.7821946  1.2192479
1.3976091 7.5960307 3.596593 
-1.706195   2.6412163 -1.9432187
-1.374786   7.180264   1.8087307
-2.2390544  6.9067254  1.9173738
2.4906075 3.574416  3.1513202
-2.845857   3.1623373  2.1749768
 0.8100391  3.8663034 -3.1249194
-1.8865697   3.1033697  -0.77180415
-2.687611   2.3733172  3.0417893
 1.1216087  3.802141  -3.3312047
 0.91551024  4.3844233  -1.9712713 
-1.8657838  1.7239952  3.546772 
-3.058319    3.3450377   0.78896904
-2.216427   2.1151576 -2.8398643
-0.2760635  7.4030604  2.3490677
-2.3200974  1.4289299  3.6771643
 0.9339633  4.4984746 -1.4496133
-2.770919   5.97627    0.6084395
-5.2918406   2.3559964  -0.06395191
-5.029049    2.6157758   0.25135157
-2.2181034   3.2066438  -0.34701476
1.9260129 7.0293956 3.480358 
-0.22677971  7.799132    4.0012    
-3.196049   3.3401778 -0.8951384
-2.4105508  3.1478293 -1.4655744
-2.8218544  2.4363904 -2.8936336
-1.8049378  2.7686002  1.98763  
0.8381873 7.3659406 2.4900582
-3.7650998   3.221646    0.31182724
-1.4930626  7.4519157  3.54763  
0.97443557 7.606582   3.092456  
 1.0518636  4.35527   -2.3504553
-0.5202164  7.5758276  3.1468887
-1.8466123  7.5143237  3.0430882
-3.120488    3.2702024  -0.30536047
-3.5370357  5.859751   2.4106712
-2.133012   2.8224998 -1.8991919
 1.3930753  3.9732587 -3.2324696
-1.8241038  7.386976   3.9454267
 1.9051307  4.5142546 -3.1324224
-0.8645618  2.4366777 -2.0943513
-2.6028996  3.0685723 -1.9240755
-2.971186  2.834779 -2.674109
-2.054132   2.4092312 -2.4849558
 1.7310398  5.1103315 -1.8456978
-1.8659803  3.0988233  1.0337205
-3.9661305  3.4487984  1.1898559
-5.0874457   2.5097196  -0.01657326
-2.6638472  1.9384731 -3.1235518
-1.9929125  3.0122504  1.4613458
-0.03154263  7.7942047   3.515958  
-2.2826533  6.36122    1.1061705
0.92769825 4.01736    2.0879025 
-2.0850892  2.7778518  2.1760333
-1.4288335  7.101735   4.626948 
0.03274394 7.6533346  2.9355867 
-2.3903792  2.871979   2.2219703
1.51369   7.2843633 3.176694 
-1.8665762  6.6884084  1.3694683
1.7894057 3.8183675 2.8115807
-3.5238464  5.624756   2.209779 
-1.3761292  6.514467   0.7283363
-2.665454    3.24506     0.20829645
-3.6168218   3.3353014  -0.94250077
-2.3577507  1.416924  -3.3860068
-0.7536653  7.2818513  2.0233414
-2.4072301  7.3522873  2.4147513
-2.9811447   3.2727451   0.26841098
-2.3946679  2.412982  -2.6405087
-1.3695245   2.955353   -0.55491275
1.4817902 3.8261206 2.744835 
-3.2977555  5.8406887  1.9451076
 2.0885055  5.1206837 -2.8558905
-0.70606124  7.5541277   3.8806496 
2.038385  3.7743602 2.9173284
-1.9602664  2.018402  -2.9127934
1.2607301 7.3361797 2.8872943
-0.89390415  7.034337    1.4440765 
-2.0023198  7.5211744  3.5510888
-2.9729452  6.010009   1.4194362
-1.0510895  2.1895514 -2.7370121
-1.5784808  1.8029418 -3.222599 
-3.8914053   3.1473105  -0.04997178
-4.1219473   3.1484418   0.46992028
-2.7448657  3.2516434 -0.22579  
-2.8472323  6.313692   1.7793356
-2.8188462  2.705903   2.7937214
1.8307118 3.6522496 3.01697  
 1.0756009  4.067734  -2.903557 
-1.8192265  6.4030457  0.7876617
-1.2089194  6.9998302  4.9821153
-0.9833641  7.3969717  2.4437847
-4.4338946   3.1374073  -0.86870635
-1.4104993  7.433941   2.5662982
-3.300837    3.3546684   0.77511525
-4.661671   3.0178502 -0.7691254
-4.8042517   2.9513097   0.71271974
-1.5812912  1.9294329  3.4240565
-3.3009994  6.4953885  2.4413292
-1.7065747  2.8132837 -1.5130942
0.8163167 7.255011  2.240351 
-0.04216563  6.9162183   1.3488096 
-1.1469498  7.154464   4.7132616
 2.0118952  5.259133  -2.4588923
-2.4152768  1.5986339  3.5294213
-1.1699878  2.6529832  1.8851585
-2.4654064  6.136488   0.7254605
-0.04057861  7.910622    4.0945926 
 1.8876811  4.908714  -2.7008054
 1.2900627  4.122308  -2.9943373
-2.2923925  1.9085865  3.3826454
-0.43350792  7.214276    1.8267953 
 0.70729905  4.3655457  -1.3942977 
-1.7094481  6.8455157  1.508236 
-4.1867166   3.0565917   0.06203716
 1.5703788  4.504773  -2.763949 
-2.980114   3.1330848 -2.3031654
-1.5560575  7.4703836  2.8257494
-0.94241214  7.50097     3.3940802 
-1.0260916  2.3860264 -2.3025486
-4.9140654   2.6631844  -0.12195307
-4.3831515   2.9929354   0.16373102
-1.5834199  7.253565   4.271095 
-2.2679474   6.2461815   0.82433283
-2.2214437  3.0120046  1.746622 
-2.8157232  3.2862456 -0.6475221
-2.9054744  6.957208   2.3767636
 1.1210747  4.5463657 -1.9163259
-2.086562   2.961367  -1.5016546
-2.6839483  6.353923   1.6254412
-1.3847224   2.916005    0.95363814
-4.054237    3.1436613  -0.47699538
 0.3942288  4.0600424 -2.1077452
-2.1987433   6.1364555   0.39030454
-0.01013421  7.4988627   2.5046136 
-1.6627496  2.9050455  1.4045677
-2.1402774  6.652152   1.503916 
1.0869695 3.8792737 2.496685 
-0.73350066  7.526694    3.0909064 
-2.4383533  7.0285172  2.1456327
-4.657181    2.8172963  -0.09787831
-2.6580753  2.122379  -2.9926887
-1.322008   2.3561368 -2.368426 
 0.8461838  4.203313  -2.3756056
-1.9850439  2.5730965  2.4837008
-0.151221   8.367607  -0.9036901
-3.2309039  6.039715   1.3019842
