 0.62097293  7.341908   -0.11130473
-2.5367036  1.2685467  3.743995 
-2.5895283  1.321833  -3.4262094
2.760149  3.5325372 3.2194247
-1.4480025  6.9589953  4.893376 
 2.0802305  3.7732618 -3.7195935
-5.2354317  2.4426806  0.192579 
0.00826806 0.05234123 0.00517768
 4.665356    5.932953   -0.29823497
-3.1360278  5.8423634  1.2669045
 0.29586494  3.7045429  -0.00583028
1.9986478 7.027706  3.794387 
-2.5725203   3.2852416  -0.75679284
-0.95247    7.3255663  2.1733413
-1.6451178  2.8105803  1.7358232
-0.7165432  2.3724363 -2.3034062
 2.244947   5.713855  -0.8270439
0.73300683 3.891217   2.2097642 
 0.70877516  4.2309065  -2.07639   
-3.7077827  3.465708   1.2114011
0.10168536 7.9277496  3.8128889 
1.0185304 7.147877  2.174192 
-0.26811227  1.9101477  -0.00483717
-0.00736377  5.638015    0.283653  
 2.115436   5.29396   -2.6754234
-3.037035   3.027964  -2.5079157
-2.957894   7.1230636  2.5250413
2.7714741 5.8705306 0.8760334
-1.5784026  6.407862   0.6162495
-3.0185719  2.7672164  2.9226708
-1.0105598  2.1830063  3.2490165
-4.3103504  3.256964  -1.040157 
1.3796451 4.843967  1.040634 
-0.41482466  8.352513   -0.8496773 
-1.7867678  7.49312    3.4243336
-1.3311212   2.979983    0.05337763
-0.12936698  6.7954297   1.1640117 
 0.7445139  3.715689  -3.3735125
 3.43445     6.338584   -0.87773645
-2.4469619  3.2742784  0.6985691
-1.5201925  2.8007154 -1.3637999
-2.0144684  2.2208123 -2.6812828
2.278611  6.8273935 2.1829863
2.0995946 5.037964  2.1028502
-3.6550114  5.5888543  2.4254527
2.7072766 6.0437326 4.1824193
-2.028302   6.877525   1.7308657
-3.5457487   3.2254593   0.01856451
 1.1703225   4.9497247  -0.12333965
0.0814752 7.5796833 2.6944385
1.6016978 3.70365   2.9473898
-2.7952192  3.257508   1.8860209
1.1606117 7.716272  3.4950235
-0.9950937   7.1774464   0.06434999
-2.1262527  2.0770154  3.1426861
-4.650868   3.1042826  0.8169726
-0.62812895  7.5325894   4.505167  
3.6341214  6.181966   0.15030204
-0.78572965  2.5057242   2.2783692 
 1.461689  4.298237 -2.888905
 1.4671581  4.86734   -1.8078547
-2.5062828   6.034603    0.40246618
2.797444  6.577086  3.3290274
-0.71928126  7.5604677   3.3869207 
-2.3879993  3.0282176 -1.7276952
0.08801451 1.0136373  0.00378398
-2.9133644  2.1458733 -3.114916 
-1.0392803  6.8867702  1.3050644
-3.3840811  3.4055424 -1.181199 
-4.415628    2.950751   -0.06005149
-2.955693   6.387099   1.9925438
2.3910303 4.2267184 2.764594 
-2.251553   2.7223024  2.4023457
 0.8070179  4.459379  -1.2062721
-1.1297709  2.0350525 -3.0340016
 1.7565243e-01  2.8252518e+00 -9.7614899e-04
-1.5807902   3.014518    0.89314675
 2.149381   4.7353263 -3.336583 
1.4819908 7.220822  2.902602 
-1.8212802  7.2916546  4.237273 
-2.462746   6.352903   1.2910986
2.5190375  5.928755   0.10938387
-0.19508654  7.262181    1.8983327 
-1.6750268  7.4653654  2.626305 
-2.095679    3.1635237  -0.06707732
-1.7793884  1.6766715 -3.294103 
-0.03103606  7.7505994  -0.24084085
-1.596364   1.7466426  3.609285 
-1.4690018  2.3974948  2.6580398
-1.6428088  3.0222979 -0.6545548
 2.912873   5.905675  -0.5286783
-1.569798   2.5136223 -2.1556213
-0.7994588  2.4762902  0.0308232
-2.8256426   3.2493155   0.00708841
-0.08233243  6.2489657   0.7114261 
-2.2327414  3.120789   1.4730043
-0.88331383  2.574835   -1.6432035 
-3.4433856  6.256155   2.5037856
0.8584786 7.54373   2.859425 
 0.6906667   4.2777762  -0.04923633
-1.0892043  7.397304   4.0031977
-2.9229167  2.1997557  3.310826 
 1.412972   3.69713   -3.5285425
-3.0455291  3.396019   1.0617474
-4.948279    2.702206   -0.40565783
 2.752857   6.058906  -1.1723939
 0.4894454  3.9281697 -2.7869146
 1.999015    5.481437   -0.24566047
-2.320446   7.1994696  2.233818 
 1.6950836  4.8076177 -2.5143924
-3.8217106  3.216017  -0.6007851
0.3984482 7.1515303 1.6484296
-3.4270446  5.6334844  1.8171933
-3.9719124  3.2446682  0.6635923
-2.6409473  2.5430038 -2.6512337
-0.9839419  2.6704857  1.6979196
 0.17280915  8.338342   -0.61233085
-1.0076338  7.4680843  2.784948 
-1.628757   7.2646356  2.0099292
-3.1887946   3.2900937  -0.60184836
-0.9913379  2.751404  -1.052014 
-1.624083   6.7160378  1.2616107
1.6603938 7.5126677 3.889983 
-2.353048   1.8921267 -3.043368 
2.3914256 6.5254817 4.0409303
0.23498437 7.7949324  3.2224765 
-0.47984874  7.641134    3.9452019 
-2.9450214  3.0832915  2.4268036
-2.0550356  3.0947053 -1.065527 
3.503908  6.198991  0.7215092
 4.0075116  6.3230195 -0.7576454
2.1673422 3.6249743 3.074823 
 1.210108   4.5228596 -2.197435 
-2.499029   2.4605312  2.8541758
-2.1165159  2.6785114 -2.1562662
1.0751264 3.766594  2.7412503
-0.46998447  7.4674234   2.6131744 
 1.997773   5.3610783 -2.129165 
-2.0757918  6.3559337  0.8846649
4.149637   5.9737334  0.15359384
-2.9984498  5.8789706  0.7312437
-3.1670964   3.2967067   0.53044903
-2.1809459  1.6322606  3.5443196
-4.24081   3.392445  1.130797
 1.8501586  4.271526  -3.2666457
-2.7373476  3.1708076 -1.3394485
2.9856887 5.938341  0.3849592
-1.2539356  2.2571983 -2.5584912
-4.4999404  3.0064194 -0.5896623
-1.5348526  2.129083   3.1207786
1.8533281 7.066189  3.2613206
 0.9736779  4.207059  -2.5599146
 0.12177449  2.2764525  -0.01260502
-2.5169547  6.776204   1.9745908
0.92622375 4.226056   1.8458726 
-1.1950452  7.2149644  4.4884105
 1.0655292  4.55739   -1.6952149
-1.3362741  2.5849113  2.1950536
-2.6546013  2.9732893 -2.1635897
2.2387462  5.7051916  0.47732982
-4.8774443   2.8020096   0.46938384
 0.08347957  7.307979   -0.01221438
-0.8485957  2.3638487  2.8010738
-2.1034667  2.8943393  1.9468381
2.2507684 6.717647  3.4844267
 1.5612514   5.261191   -0.06383969
 1.1601267  3.9620237 -3.1062918
-1.166293   2.8412564  1.1076308
 0.34362411  3.9941328  -2.3183792 
-2.8470912  6.1805663  1.5494794
2.7503126 6.2259417 3.725961 
-1.3721738  7.48115    3.15952  
-4.0006456   3.1445012   0.17199175
-3.219369  6.717353  2.475436
-0.6591244  7.222332   1.7662442
-1.9495645  2.444387   2.6636186
-2.557416   1.8785248  3.3734128
-0.26378542  7.691569    3.4614477 
 0.04327407  0.53681874 -0.00183666
0.09619451 1.6020389  0.03183914
-0.18907616  7.837123    4.2696743 
 1.9513013  4.8333263 -2.914193 
-1.5814188  7.392192   3.8390167
-2.058299   7.5531373  2.8860168
-1.2572851  6.653587   0.963627 
0.585565  7.3213353 2.1826594
-1.0192715  7.1403985  4.9215307
-1.9085696  2.7998302 -1.7589477
-3.0186646  2.6240447 -2.9063365
-2.0583756  7.488923   3.7914693
-1.1297106  7.142787   1.6708397
-1.7827878  2.6561818  2.2337341
-3.8338435  3.3820784 -1.1507835
-2.6305485  6.0881615  0.8875855
-3.1407745  6.00459    1.8373125
0.17149305 3.270949   0.01006632
-1.8187735  2.9983668  1.2698085
-2.491645    3.2263708  -0.32246923
-1.7113223  2.00614   -2.9231849
-5.493040e-03  7.427406e+00  2.288981e+00
-2.0777433  6.5648236  1.2992644
-3.403061   5.8759193  2.1804004
 0.60872966  4.261748   -1.652267  
-0.33312702  7.047327    1.4570458 
 1.0620686  4.851244  -1.3723092
1.5580232 7.341917  3.421406 
-0.5070737  7.337506   2.2030935
-1.4261107  2.651278  -1.7554039
1.0876408 7.2932935 2.5704572
-2.658695   2.7647629  2.6054924
-4.790067    2.7278705   0.06105165
-2.378167    3.2125115   0.28507698
1.4013536 3.9358318 2.5331612
-2.7571397  3.2294939 -1.7633442
-0.30714637  7.581303    2.9844372 
-4.0723886   3.1134412  -0.24081823
-4.3420467  3.0600142  0.4015423
 2.1609023  4.3524327 -3.5335588
-1.2232978  7.4704432  3.5451381
-3.5753338  3.2745025  0.4977566
-2.024459    6.2315493   0.49860984
-1.3241808  7.3840837  2.3306174
-0.81657004  2.2454355  -2.6759717 
-2.8473294  6.7441554  2.2043755
-2.1670587  7.583979   3.2717426
-2.577605   3.0165684  2.1229274
-1.7189047   3.0784242   0.03525539
2.666375 3.883253 3.053861
-1.17959    2.447609  -2.1424413
0.5596573 7.514684  2.5272121
-2.4990468  2.2328203 -2.849957 
-2.7867591   3.2690415   0.43018067
-1.6905644  2.3379414 -2.4839103
 2.173202   5.0922956 -3.0951827
 1.7316535  3.5788724 -3.7080576
-1.3058199  1.9699986  3.4986641
-2.0117233  7.1267133  2.019758 
 1.4395893  4.52797   -2.557905 
 1.7679975  5.0375104 -2.220576 
-2.6163285  1.7102467 -3.2365546
-1.236446    2.8731847  -0.79766667
-3.6633022   3.3584912   0.84936327
-2.3100948  2.5526001 -2.4473195
-1.4072938   2.9333127  -0.30697227
-2.3965955  3.2193222 -1.2025938
-1.6809826  2.94567   -1.0148357
-1.2900761  2.7688572  1.5163733
-1.4110073  2.9418898  0.5745858
-1.9060653  2.9393835 -1.3637509
 0.84108907  4.0063443  -2.8561182 
-1.0692569   2.7225337   0.03095094
-0.99344593  7.497597    3.1556492 
-2.9267557   3.3211727  -0.85256356
1.0794774 3.9684305 2.2889795
-0.47752044  2.205996    0.00225944
1.2945514 7.419853  3.137883 
-4.1767216  3.1443698 -0.6675585
-0.89709646  7.5112257   3.695003  
 0.60387295  3.8737922  -0.07428477
-1.7381749  6.5218863  0.9845611
-1.4434084  6.9163     1.4946015
-2.2465377  1.620399  -3.2469969
 1.660865   3.9169602 -3.402979 
-2.7067277  1.6186147  3.5616965
-2.4939637  2.1441476  3.1499612
-3.2038443  6.222053   2.179547 
2.4492986 6.4894843 3.6602275
-2.8849146   3.2664459  -0.43051338
 0.53273284  3.8137677  -3.1134198 
-1.780616   1.9538076  3.2936208
-2.6865296  6.498535   1.8028162
2.1704512 6.874774  4.0541224
 0.6538882  4.07627   -2.5205173
-0.47266683  8.244437   -0.5264904 
-1.7338358  2.2861834  2.886245 
 1.7274259  4.513685  -2.936192 
-2.6382844  7.088208   2.3059871
-1.3979267  7.3170114  4.129418 
-3.4136994   3.2542753  -0.34551543
-0.75727594  7.4985943   4.1903596 
-2.3418777  6.555486   1.5372189
-2.9364967  2.48103    3.1196778
-0.16873568  6.5298944   0.9549186 
-4.336464   3.230728   0.8411324
-3.5110965  3.2885826 -0.7158988
-2.0429008   3.1907268   0.32844678
-3.3383868  5.695757   1.4968175
 0.14685336  1.9394454  -0.0040405 
-2.4245377  3.0785885  1.8306897
-2.1504421  2.3028154  2.8914511
-1.627813   7.1670213  4.479551 
-3.6363096  5.405078   2.1471496
 1.0906395  3.6105025 -3.5408661
0.18306516 7.031439   1.424367  
 1.5291804  4.8098226 -2.175056 
-3.371046   3.4137309  1.0221529
-0.74315315  7.423522    2.4139526 
-1.0154363  7.4797206  4.418175 
-2.7837188  3.3084154  0.8868364
-1.4057164  2.0868099 -2.8404288
 1.9473964  4.0175757 -3.519589 
-2.6947262  2.800565  -2.4342625
-3.2713304  5.7400846  0.9919516
-4.597454    2.9010897   0.25235862
-2.4966867  6.3723755  0.9520589
-0.6724671  7.500601   2.8576138
-3.093087  6.51667   2.262077
-1.0001162  2.587808   2.057867 
-1.726157   6.972572   1.7033812
-1.8973848  2.4930642 -2.2918105
-0.74756634  6.949379    1.1966907 
-1.6377099  7.4106407  2.3016624
1.8742956 7.3093233 3.9945772
-3.3557749   3.2705448   0.27495423
0.8187185 3.8156667 2.4992452
-1.148172   2.3860013  2.7213514
-3.980781  3.276996 -0.898019
2.2838564 3.8603323 2.9096684
-1.1507012  2.6616335 -1.5135142
-1.218788  2.243203  3.031125
-0.97734493  6.772801    1.0265961 
-1.232416   7.318287   2.0460067
-2.4856541e+00  3.2131205e+00 -1.3428500e-03
-1.2410666  2.7550251 -1.2284613
-2.0639012  1.8636299  3.3610902
-0.5800438  7.6034703  3.6597943
-4.7973294  2.8715243 -0.6063771
-2.2489564  2.5154097  2.6935635
-4.601679    2.9852853   0.54243684
-2.378244   2.818479  -2.1015878
-3.7192981   3.2029257  -0.22647199
-4.5887885  2.8872604 -0.3279838
 0.86606246  4.521743   -0.05914105
0.55674076 7.186768   1.9014813 
-0.44311446  7.6771526   4.272611  
-1.4230615  2.8646624  1.2614002
-3.254267  3.252535 -0.047822
-2.604786   3.241027   1.6541817
-0.09452434  7.701502    3.2141418 
-0.10801854  8.292903   -0.70475787
-1.1581234  2.489587   2.4150312
-4.011441    3.3053448   0.95325994
-0.8807837  7.302244   4.712812 
 1.2212248  4.2778416 -2.7099628
-0.903623   2.6668797 -1.3236917
-2.029291   1.7832451 -3.1271377
-1.3033252  7.455311   2.7831297
 1.6043394  4.1576767 -3.1479926
-0.17889409  7.7772727   3.7308176 
-1.0796252  2.5434928 -1.8605343
-2.9533355  5.9320703  1.0568795
-3.0333354  2.9761946  2.6837175
-2.736252   6.163508   1.2810595
-0.40513027  6.872619    1.2362269 
-1.3955581  2.7123866  1.8459641
2.554339 6.307388 3.945546
-0.7160434  2.433251   2.5545697
 1.8804959  5.063413  -2.4837966
-1.9120654  2.9104695  1.7027395
 1.3314064  4.689208  -1.9978281
 0.49608564  4.1557894  -1.9003437 
-1.6579149  2.532364   2.4590364
2.2226355 6.7443786 3.8055909
-2.0439363  7.3170953  2.229458 
-1.2896674  6.781537   1.2195721
1.3968551 7.5957046 3.5972123
-1.7068256  2.641085  -1.9428664
-1.3742936  7.179659   1.8088002
-2.238982  6.905976  1.917696
2.48885   3.5752249 3.1518118
-2.8462214  3.162602   2.1744037
 0.80978864  3.8661382  -3.1247003 
-1.8857988   3.103315   -0.77225834
-2.6882164  2.37331    3.0421333
 1.121259   3.80202   -3.3310366
 0.91570044  4.384144   -1.9712906 
-1.8661313  1.723494   3.5464704
-3.0584042  3.3448215  0.7890254
-2.216519   2.1151934 -2.8398767
-0.27551383  7.4025507   2.3487904 
-2.3200498  1.4281924  3.6784153
 0.9330987  4.497508  -1.4495511
-2.771075   5.975897   0.6081443
-5.2927465   2.355113   -0.06276306
-5.029239    2.6159835   0.25150532
-2.2181218   3.2066815  -0.34681046
1.9457486 7.0171623 3.5253103
-0.22668202  7.7991056   4.001317  
-3.1956325  3.3399734 -0.8950277
-2.4107087  3.1480906 -1.465566 
-2.8221724  2.436258  -2.8935742
-1.8050479  2.7684114  1.98765  
0.83887416 7.3659487  2.490031  
-3.765095   3.2215352  0.3117022
-1.4932816  7.4516325  3.54811  
0.9748452 7.606702  3.0929048
 1.0517764  4.3549957 -2.350353 
-0.5204159  7.5758266  3.1467037
-1.8466833  7.5138793  3.0431557
-3.1201565   3.2701833  -0.30541292
-3.5370197  5.8596535  2.4100292
-2.133357   2.822409  -1.8985654
 1.3931208  3.9727478 -3.232336 
-1.8239106  7.38704    3.9456158
 1.9050139  4.514059  -3.1324084
-0.8647235  2.43648   -2.0941243
-2.6034613  3.0687962 -1.9234304
-2.9721851  2.8342898 -2.6738608
-2.054511   2.4091852 -2.4846241
 1.7214038  5.0777035 -1.9656136
-1.8660899  3.0991714  1.0338401
-3.9671578  3.4485035  1.190088 
-5.087874    2.508694   -0.01628727
-2.6641436  1.9389614 -3.1232889
-1.9932293  3.0123494  1.4613309
-0.03173473  7.7936845   3.5161095 
-2.2825933  6.361057   1.1059909
0.92654896 4.016958   2.0867443 
-2.0851178  2.7777817  2.1762404
-1.4287711  7.101174   4.6274686
0.033088  7.6527734 2.9355245
-2.3906598  2.871837   2.2224612
1.512962  7.2844024 3.1772013
-1.865995  6.687904  1.369846
1.7887418 3.8166325 2.8166718
-3.523227   5.6246104  2.2089746
-1.376506    6.5145597   0.72845733
-2.6651475   3.244833    0.20813939
-3.616268   3.3350213 -0.9425756
-2.357296   1.4164706 -3.3865497
-0.75342053  7.2812195   2.0235188 
-2.4077125  7.3525167  2.4150293
-2.9808881   3.2725968   0.26842535
-2.3948214  2.4128613 -2.6400697
-1.3696018   2.9554114  -0.55486906
1.481689  3.8261354 2.7448566
-3.2979226  5.8403034  1.9447992
 2.08823    5.120875  -2.8554487
-0.7060193  7.5541363  3.8806646
2.038671  3.7738595 2.9198465
-1.9610826  2.0173402 -2.9137588
1.2608238 7.335939  2.887713 
-0.8939066  7.033877   1.4443145
-2.0022528  7.52101    3.5508897
-2.972972   6.009939   1.4191881
-1.0510675  2.1894662 -2.7374978
-1.5774777  1.8026366 -3.2236536
-3.8913054   3.1471195  -0.04997951
-4.121874   3.1485193  0.469607 
-2.7445533  3.2518268 -0.2257726
-2.8475404  6.3133993  1.779394 
-2.819221   2.7058613  2.793807 
1.8298811 3.652058  3.0173836
 1.0753481  4.067453  -2.903291 
-1.8189957   6.40289     0.78767437
-1.2087706  6.9990106  4.9811525
-0.98348325  7.396806    2.443757  
-4.4340167  3.1373782 -0.8687638
-1.4107263  7.4338055  2.566561 
-3.300457    3.3548367   0.77491546
-4.661945    3.0175433  -0.76903135
-4.8041754  2.9513543  0.7131028
-1.5809299  1.9293401  3.4236178
-3.3015924  6.495347   2.4413145
-1.7066015  2.8131166 -1.5128746
0.81627786 7.255261   2.2403874 
-0.04171905  6.915596    1.3497854 
-1.1469681  7.1540947  4.7132835
 2.0117357  5.2599173 -2.458038 
-2.415632   1.5980525  3.5298483
-1.1695715  2.6534598  1.8850228
-2.465648    6.1363716   0.72525775
-0.04119211  7.9107904   4.095061  
 1.8877733  4.908643  -2.7006838
 1.290128   4.1220975 -2.9942436
-2.293087   1.9082167  3.382735 
-0.43334547  7.2134485   1.827181  
 0.7055287  4.365096  -1.3944979
-1.7091521  6.84505    1.5084238
-4.1865673   3.0564609   0.06217266
 1.5705409  4.5045533 -2.7639327
-2.9823542  3.127424  -2.304375 
-1.5556262  7.4702153  2.8253772
-0.9421749  7.5009904  3.393918 
-1.0259233  2.3859332 -2.3027914
-4.914281    2.6630697  -0.12183703
-4.382938    2.992868    0.16381349
-1.583302   7.253318   4.2713857
-2.2681472  6.2459927  0.8241631
-2.221671   3.0120592  1.7467887
-2.8154259  3.2862892 -0.6475403
-2.9061906  6.9571495  2.377254 
 1.1210461  4.5462403 -1.9160101
-2.0861745  2.9612472 -1.5015525
-2.6842663  6.3534126  1.6256282
-1.38419     2.9165704   0.95351243
-4.054007    3.1435378  -0.47680593
 0.39406177  4.060175   -2.1077158 
-2.1993647   6.1363487   0.39088738
-0.00995933  7.4985595   2.5039022 
-1.6629137  2.9052243  1.4045702
-2.1399844  6.6515946  1.5040902
1.0875438 3.8789177 2.496146 
-0.7335762  7.5267015  3.0907595
-2.437895   7.0281034  2.1458375
-4.6572824   2.817161   -0.09777845
-2.658086   2.1225462 -2.9927404
-1.3218389  2.3558226 -2.3685665
 0.84617907  4.203007   -2.3756745 
-1.9850086  2.5728447  2.4838014
-0.1551893  8.366697  -0.9090471
-3.2310677  6.0398507  1.3017   
