 0.62097293  7.341908   -0.11130473
0.27284503 3.6204867  0.00481346
0.2766859 3.6274598 0.0044826
1.3893712e-01 1.9077076e+00 1.8147044e-03
0.28614104 3.6621897  0.00543217
 0.11444907  1.4438629  -0.00325444
0.26975042 3.6183934  0.00426118
2.7147430e-01 3.6237371e+00 1.4914349e-03
0.2762354  3.6122303  0.00422456
0.27172315 3.614701   0.00401703
 1.5612514   5.261191   -0.06383969
 8.5452199e-02  1.0122025e+00 -8.6114556e-04
0.2752368  3.6125138  0.00545536
2.7158946e-01 3.6145093e+00 3.4675598e-03
0.27489138 3.6187866  0.00924114
 8.6502582e-02  1.0141933e+00 -2.5579706e-04
0.27361172 3.6228373  0.00551578
 0.86606246  4.521743   -0.05914105
1.4149494e-01 1.9109166e+00 4.0439144e-04
 2.752857   6.058906  -1.1723939
 0.0904745   1.0451568  -0.00515234
1.4113763e-01 1.9119713e+00 7.9501048e-04
 0.08592178  1.0147128  -0.00108355
0.27406842 3.6172926  0.00768404
0.27483433 3.620316   0.00410844
0.27464128 3.6204174  0.0045586 
2.7311325e-01 3.6190422e+00 3.4587383e-03
1.4018045e-01 1.9115031e+00 7.6897442e-05
-3.2310677  6.0398507  1.3017   
 1.4152837e-01  1.9107819e+00 -1.3309307e-03
 0.08534577  1.0125271  -0.00138006
-0.66804606  2.4435017   0.00376763
-1.0154363  7.4797206  4.418175 
0.272354   3.6196363  0.00430124
 1.2438488e-01  1.7026174e+00 -1.2124106e-03
0.2693314  3.619036   0.00375425
0.27458954 3.6195118  0.00938541
0.27392215 3.6150782  0.0044551 
1.4128818e-01 1.9109075e+00 4.0274858e-04
 8.3691448e-02  1.0100408e+00 -5.6145340e-04
8.5043028e-02 1.0125608e+00 9.1085210e-04
-0.00736377  5.638015    0.283653  
0.27343887 3.6214619  0.00566811
 8.6283490e-02  1.0158052e+00 -1.5543401e-04
0.27757663 3.6178958  0.00525489
2.7555090e-01 3.6196094e+00 3.5732761e-03
-4.011441    3.3053448   0.95325994
-2.078091   7.0449243  1.9845898
0.27390575 3.618535   0.0059473 
0.27400935 3.6193924  0.00718318
 1.4423130e-01  1.9164963e+00 -6.2856078e-04
1.4117062e-01 1.9101456e+00 5.3211674e-04
1.4014740e-01 1.9127072e+00 7.7323243e-04
2.7714741 5.8705306 0.8760334
0.27252465 3.6226254  0.00511428
 0.29586494  3.7045429  -0.00583028
4.6249494e-02 5.9143549e-01 5.6014955e-04
0.27741402 3.619739   0.00396401
0.27797657 3.6223683  0.00796025
1.4026040e-01 1.9109318e+00 1.1949427e-03
0.27572942 3.6207728  0.00747448
0.08526325 1.008986   0.00136676
 0.12177449  2.2764525  -0.01260502
0.2749911  3.6206408  0.00807549
 0.08659445  1.0120496  -0.00109434
0.27465343 3.6230178  0.00794872
0.27162957 3.6200569  0.00696387
1.4087123e-01 1.9103875e+00 1.6123801e-04
0.2759205 3.6208344 0.0055663
 1.4176542e-01  1.9101205e+00 -5.6907907e-04
-1.4751743  2.800078  -1.3637236
0.2742406  3.6184204  0.00411534
 8.4940434e-02  1.0129834e+00 -8.9978054e-04
0.27603883 3.6200695  0.00406598
 0.04327407  0.53681874 -0.00183666
 3.43445     6.338584   -0.87773645
2.2387462  5.7051916  0.47732982
0.2694047  3.613022   0.00421868
0.27463078 3.617152   0.0050592 
0.27523148 3.624434   0.00512643
 0.08322121  0.98071915 -0.001407  
1.4134587e-01 1.9108735e+00 6.6102669e-04
0.27313852 3.6133704  0.00683774
 1.3846427e-01  1.9039763e+00 -4.7768652e-04
0.27290595 3.6238554  0.00476888
 1.4262134e-01  1.9138970e+00 -7.7113509e-06
-4.790067    2.7278705   0.06105165
1.4072403 3.8617034 2.6146219
 1.4070608e-01  1.9116617e+00 -2.3714453e-04
0.2732317 3.621362  0.0051704
-2.293087   1.9082167  3.382735 
0.27415788 3.618669   0.00697627
0.27323246 3.6175606  0.00672609
 1.7565243e-01  2.8252518e+00 -9.7614899e-04
1.4149138e-01 1.9116691e+00 5.7390332e-04
1.3882977e-01 1.9064798e+00 1.1676699e-03
0.27382714 3.6221566  0.00480363
1.4087006e-01 1.9099348e+00 5.8975071e-04
 1.8693719  4.7137313 -3.0122766
 1.4097233e-01  1.9106255e+00 -7.2376803e-04
0.27792978 3.6267297  0.00540255
2.7539217e-01 3.6193924e+00 3.0691810e-03
0.27754837 3.6287215  0.0069908 
 1.4032738e-01  1.9127845e+00 -6.5593049e-04
1.4080814e-01 1.9076383e+00 3.3226609e-04
0.27627748 3.6210372  0.00611639
 4.0075116  6.3230195 -0.7576454
0.26986867 3.622786   0.00565301
2.1586035e-01 3.4176953e+00 1.1470169e-05
0.27463073 3.6226861  0.007833  
0.27374583 3.6214     0.00567902
1.4091115e-01 1.9109846e+00 5.1258504e-04
0.27265286 3.6237562  0.00555995
0.27273315 3.6211562  0.00452821
0.92622375 4.226056   1.8458726 
0.27288282 3.62135    0.00597721
1.3889293e-01 1.9063293e+00 3.9368495e-04
0.27431798 3.6202013  0.00483682
0.27700365 3.624105   0.00605141
 1.3735008e-01  1.8891909e+00 -1.7867051e-03
 1.3976297e-01  1.9082038e+00 -2.7295202e-05
2.7268779e-01 3.6261976e+00 2.8442219e-03
1.3796451 4.843967  1.040634 
0.27186823 3.6206057  0.00676809
3.503908  6.198991  0.7215092
1.6980364 7.266792  3.3266814
-3.9137526   3.2124429  -0.83968705
0.27566934 3.6183388  0.00412266
 1.4101624e-01  1.9105314e+00 -4.9189478e-04
 1.4282073e-01  1.9128016e+00 -8.6158141e-04
0.08370586 1.0082501  0.0023077 
2.9856887 5.938341  0.3849592
1.4200687e-01 1.9127381e+00 1.3651699e-04
 1.0620686  4.851244  -1.3723092
1.4108393e-01 1.9127254e+00 8.0538541e-04
0.2736755  3.6204875  0.00383394
 2.7477616e-01  3.6189935e+00 -7.8672916e-04
-1.2226222  2.327753  -2.51958  
0.27307487 3.625964   0.00502105
0.2744559  3.621311   0.00403056
1.4075606e-01 1.9108733e+00 1.3809651e-04
0.00826806 0.05234123 0.00517768
0.27856606 3.625672   0.00566922
1.0185304 7.147877  2.174192 
1.3952917e-01 1.9071987e+00 9.2620030e-04
-3.0471022  6.6235175  2.3302438
4.149637   5.9737334  0.15359384
0.27351278 3.6117182  0.00728285
1.4233193e-01 1.9129943e+00 4.0862709e-05
 0.37817705  3.8161445  -0.02610712
2.7141231e-01 3.6174722e+00 3.6016554e-03
 1.6989661  5.1400356 -2.207246 
 1.4124341e-01  1.9101697e+00 -1.3754293e-03
 1.4224827e-01  1.9124012e+00 -1.7598644e-04
 0.6659181  4.1692142 -2.4543726
0.27381712 3.6225402  0.0060304 
 1.4047658e-01  1.9094843e+00 -8.0261379e-05
 1.4004356e-01  1.9107274e+00 -5.6956708e-04
0.2742508  3.620485   0.00807967
 1.4409673e-01  1.9095236e+00 -1.0989346e-03
2.7295834e-01 3.6250007e+00 3.0998215e-03
1.3957985e-01 1.9104551e+00 1.3924055e-03
2.7738398e-01 3.6206477e+00 3.5262890e-03
1.4085521e-01 1.9096493e+00 1.0364130e-04
1.4112216e-01 1.9104762e+00 7.3340908e-04
 2.244947   5.713855  -0.8270439
1.4042778e-01 1.9108450e+00 7.6394901e-04
 9.5892355e-02  1.9291104e+00 -1.2110434e-03
-3.4271607   3.2057974  -0.01506189
0.27355254 3.623657   0.00464703
2.5190375  5.928755   0.10938387
0.27620113 3.6227343  0.00495684
 1.4396371e-01  1.9065310e+00 -3.4268945e-05
0.27155107 3.6171033  0.00538599
0.2741331  3.6216393  0.00644925
 1.4246638e-01  1.9076729e+00 -7.0798770e-04
 1.1703225   4.9497247  -0.12333965
3.6341214  6.181966   0.15030204
2.797444  6.577086  3.3290274
-0.12936698  6.7954297   1.1640117 
0.276249   3.6209142  0.00409228
0.2718048 3.618576  0.0046869
0.01450857 0.08215823 0.00186423
-2.634493   2.886789   2.4751272
2.7324134e-01 3.6126919e+00 3.3923835e-03
-2.3448305  3.2137294 -0.2091616
1.4161019e-01 1.9117837e+00 4.1045621e-04
 2.912873   5.905675  -0.5286783
1.4115621e-01 1.9122628e+00 5.1441789e-04
0.27511126 3.616223   0.00411875
-0.9950937   7.1774464   0.06434999
0.27686048 3.6256173  0.00411111
-2.5147617  2.1157842 -2.9380312
-2.7373476  3.1708076 -1.3394485
 0.6906667   4.2777762  -0.04923633
0.2746451  3.6312044  0.00600767
0.27062392 3.619041   0.00435417
2.0995946 5.037964  2.1028502
0.27488166 3.6193562  0.0050473 
2.7327198e-01 3.6226053e+00 3.2839812e-03
0.27250963 3.6188102  0.0037814 
-0.74315315  7.423522    2.4139526 
0.2730534  3.6195843  0.00539634
0.2764544  3.6217022  0.00534333
0.27444518 3.6211188  0.00483256
 0.14685336  1.9394454  -0.0040405 
0.27059925 3.618998   0.00577749
 4.665356    5.932953   -0.29823497
0.27205634 3.6193507  0.00589967
2.7060318e-01 3.6185880e+00 2.6672669e-03
0.08801451 1.0136373  0.00378398
0.2759695  3.622846   0.00507021
0.27521884 3.620133   0.00504682
1.4103042e-01 1.9087577e+00 6.0812011e-04
-0.03103606  7.7505994  -0.24084085
0.27193397 3.618345   0.00378782
-1.2048976  2.4040258  2.7883177
0.27436906 3.6215556  0.00484487
0.27455938 3.6200843  0.00367895
0.2777019  3.6156778  0.00371274
8.6702466e-02 1.0126535e+00 5.1365048e-04
0.2699626  3.619828   0.00624406
0.27029955 3.6183136  0.00637981
-2.7837188  3.3084154  0.8868364
0.03971855 7.9505706  3.5662622 
0.2749616  3.6168802  0.00463197
-2.4966867  6.3723755  0.9520589
0.27615315 3.6199236  0.00574159
0.27269322 3.6189206  0.00383069
0.27536887 3.6226792  0.00597575
0.27502513 3.622801   0.00532307
0.276653   3.6191144  0.00390083
0.277667   3.6229885  0.00483012
0.27304524 3.618498   0.0055422 
-1.377071   6.8146663  1.2116235
0.2736507  3.6182323  0.00471711
 8.6244687e-02  1.0094571e+00 -7.4359030e-04
0.27566648 3.6197493  0.00562824
2.3910303 4.2267184 2.764594 
1.4139941e-01 1.9114333e+00 5.1163882e-04
 1.999015    5.481437   -0.24566047
0.27392268 3.623003   0.00604333
-1.7750169  7.5639706  3.1972177
 1.4582686  3.8810692 -3.3668327
0.27828503 3.6232882  0.00778356
 1.3926686e-01  1.9094310e+00 -7.4353069e-05
-1.4047995   3.0015073   0.00815265
-1.487227   2.8594553  1.5402211
0.2755403 3.6247807 0.0055129
1.4121535e-01 1.9099771e+00 1.0182187e-03
 0.13824674  1.91371    -0.00660561
2.278611  6.8273935 2.1829863
0.2728352 3.6167471 0.0041963
 1.4144838e-01  1.9074986e+00 -1.2315288e-03
1.4110596e-01 1.9123024e+00 4.3823943e-04
1.4087701e-01 1.9110878e+00 1.0706149e-03
