-0.0485116  17.785557   -0.09865751
-0.15492855 17.832354   -0.25013047
 0.02599907 17.8077     -0.27133435
-0.25954446 17.911848   -0.22210565
 0.03273727  0.00357558 -0.06286997
 3.3027627e-02  1.3819663e-05 -6.2117726e-02
 0.03507412  0.00339455 -0.0648583 
 0.00507494  0.1993945  -0.04628649
3.4159    9.071876  3.0558367
3.4170387 9.072891  3.0561814
3.412976  9.072685  3.0561912
3.2659068 9.198553  2.8554137
 0.41078797  8.184124   -3.7775824 
 0.40954077  8.183678   -3.776373  
 0.41078168  8.182183   -3.7738674 
 0.42002034  8.323681   -3.495154  
-1.4412346  7.2538834  1.5161676
-1.5217807  7.2047477  1.4464605
-1.3468022  7.31208    1.3726484
-1.6277654  7.1947885  1.5773711
 2.8666687  13.308794   -0.93728185
 2.8968194 13.311494  -0.9545647
 2.8886902 13.309289  -0.9511624
 2.6240742 13.377777  -0.8392783
1.1343069 3.4944856 3.9035573
1.1346447 3.4979455 3.905912 
1.1415874 3.4985838 3.8592436
1.099694  3.6058416 3.6498127
-2.3075154 13.099676  -2.0307846
-2.3084998 13.100958  -2.0303304
-2.3068113 13.101643  -2.0308952
-2.2336166 13.148645  -1.9651728
 5.278182   6.1012177 -0.5466974
 5.281191    6.1006107  -0.54969525
 5.281656   6.093549  -0.5508447
 5.0515547  6.2880855 -0.5446076
-2.4803095   4.3657193  -0.73199713
-2.6273062   4.2316184  -0.87615633
-2.4715085  4.291926  -0.8880034
-2.591707   4.2526584 -0.7750298
-1.1257144 15.110991   3.099444 
-1.1259392 15.110205   3.0989568
-1.1182377 15.112951   3.091424 
-1.1104347 15.148504   3.0715034
0.5284186  9.728905   0.08108487
0.52398413 9.862884   0.07712162
0.55137944 9.925077   0.07825799
 0.54504144 10.176067    0.06590891
 0.8914102   4.8449574  -0.00822394
 0.78016996  4.8544583  -0.146211  
 0.93182576  4.9982343  -0.18784429
0.6840761  4.703318   0.03052557
 1.4320756 12.299417   3.9697235
 1.4321656 12.299956   3.970303 
 1.4324701 12.3001175  3.969555 
 1.370861 12.294871  3.841012
-3.0383325  10.063269   -0.36272898
-3.0385377 10.063749  -0.3636107
-3.0382504  10.0652275  -0.36286238
-3.0391061  10.106151   -0.38790193
 2.5232186 17.314325   1.7310188
 2.522855  17.315102   1.7311132
 2.5210123 17.314085   1.7293736
 2.350997  17.379564   1.5424088
 0.15613455 14.31703     0.3218395 
 0.15605375 14.317462    0.3220284 
 0.15627566 14.3183775   0.32376596
 0.09973806 14.494144    0.49042833
 0.68125564  0.7643573  -3.0163925 
 0.68433386  0.7610777  -3.0221221 
 0.6810813   0.75646913 -3.0190592 
 0.5920362  0.9143888 -2.825375 
1.1324503e+00 2.0317858e+01 1.3885945e-03
1.1317294e+00 2.0319090e+01 1.0269139e-03
 1.1324223e+00  2.0316216e+01 -2.5743595e-04
1.1225703e+00 2.0241507e+01 7.7051506e-03
 0.65268624 15.702842   -2.0972424 
 0.6528601 15.702645  -2.0959897
 0.6525466 15.703514  -2.0925682
 0.6803453 15.799285  -1.800431 
-0.07420786  2.5899336   0.11214857
-0.07355559  2.5901818   0.11053594
-0.07452164  2.591674    0.11381172
-0.04164363  2.821256    0.12934944
 0.86708933  7.4853983  -0.8970233 
 0.5818713  7.7904797 -1.282124 
 0.9446627  7.679965  -1.2337099
 0.43608937  7.58515    -0.9343196 
 1.6989125 11.804255   1.3046912
 1.6979254 11.804467   1.3043145
 1.6965129 11.803534   1.3025299
 1.5094116 11.867058   1.3669884
 3.7853756 11.058209  -1.4818393
 3.79103   11.059463  -1.4863733
 3.7875996 11.055918  -1.4879403
 3.5220358 11.151653  -1.349877 
 0.5139714 12.183298  -0.7036163
 0.51403123 12.182876   -0.7038063 
 0.51331145 12.183895   -0.7044195 
 0.3943212  12.290708   -0.65335524
2.9612164  6.3160696  0.20346409
 2.6900768   6.2278643  -0.34864497
 3.1989985   6.494096   -0.36159205
2.496508   6.160191   0.22537456
1.2460738 3.523563  1.6596912
1.2455453 3.5241973 1.6577873
1.242375  3.5226326 1.6561455
1.057068  3.6207945 1.6913157
2.3631651 9.128969  1.0843277
2.3625736 9.128619  1.0840167
2.3617637 9.1305685 1.0841491
2.150179  9.137477  1.1114334
-0.25651735  6.71691     0.5985131 
-0.53836     6.688356    0.34664094
-0.24232128  6.3935604   0.2557691 
-0.6225264   6.916309    0.66789585
 1.3252176  16.196577   -0.12394568
 1.3259497  16.197126   -0.12426219
 1.3238792  16.199919   -0.12289929
 1.1593616  16.16052     0.04785959
 1.7421614  18.369236   -0.40987882
 1.7433674 18.368832  -0.4093722
 1.7441037  18.369722   -0.40882343
 1.590919  18.309336  -0.3226863
-1.0774502   4.2174506  -0.01287481
-1.1399703   4.2947745  -0.02541102
-1.045558    4.23959    -0.07698692
-1.3193141   4.381147   -0.12832436
 2.2810326  10.789159   -0.29877824
 2.2801223  10.789619   -0.29845157
 2.2800803  10.789426   -0.29869083
 2.068768   10.758917   -0.27212974
 0.54804444  1.2947901  -1.0935893 
 0.39874965  1.3009704  -1.2459642 
 0.580629   1.2631627 -1.3206441
 0.25198564  1.2795448  -1.0682696 
-1.312237   10.070793    0.30728284
-1.3120313  10.071415    0.30748874
-1.3116277  10.070332    0.30601984
-1.4905717  10.186153    0.20265506
0.6390736  8.240171   0.87209535
0.6376434 8.2393875 0.8721466
0.63980895 8.240353   0.8708531 
0.64063853 8.226817   0.79662853
-1.0358125 13.108867  -0.6446098
-1.0353717  13.109505   -0.64516085
-1.0340006 13.108932  -0.6454331
-1.1526561  13.162972   -0.79078525
 0.26751885 15.026395    1.95156   
 0.2682736 15.026325   1.9511626
 0.26965523 15.026449    1.9505024 
 0.11462648 15.184149    2.0064483 
 0.85760117 12.350466    2.4932337 
 0.8575601 12.350698   2.4935317
 0.8573359 12.350372   2.4924552
 0.8629411 12.270252   2.5701418
 0.31438795 11.210822    0.7831984 
 0.31371707 11.210921    0.78289574
 0.31484058 11.210829    0.78339624
 0.37539437 11.300877    0.8655968 
 1.5338669  13.179417   -0.19676082
 1.5330765  13.179958   -0.19617286
 1.5321665 13.178535  -0.1965268
 1.3373257  12.999449   -0.14299768
-0.0119959  8.146611  -2.1640599
-0.01140342  8.14572    -2.1666405 
-0.01191223  8.145214   -2.1644008 
 0.00831165  8.173613   -1.882781  
 0.7207234   6.549252   -0.16686772
 0.72291946  6.709234   -0.17971721
 0.7277187   6.75346    -0.18604496
 0.6841722  6.9478536 -0.1658445
-1.0740403  7.379277   1.307189 
-1.0742962  7.3800087  1.3077172
-1.0738755  7.3792663  1.308171 
-1.2798831  7.372399   1.4006921
 2.013971    6.121044   -0.40211394
 1.7083995  5.926322  -0.740083 
 2.1305249   6.193049   -0.80984354
 1.5733116  5.7411532 -0.3496706
0.29649118 1.238439   0.19788724
0.2993146  1.2865264  0.20366555
0.30191833 1.2969192  0.19438735
0.28108677 1.5295897  0.21800658
 1.1946723  14.884      -0.28529462
 1.1948882  14.884558   -0.28519648
 1.1936173 14.887503  -0.285619 
 1.0036535  14.902373   -0.26332045
 1.6047888  17.147009    0.82694316
 1.6048923 17.145897   0.8261842
 1.6060815  17.145088    0.82453376
 1.4498354 17.037115   0.847316 
 0.7555718  19.529072    0.94291884
 0.75528646 19.528856    0.9425698 
 0.75824946 19.526709    0.93852186
 0.7613153  19.536985    0.89257365
 4.091498    6.553213   -0.20590292
 4.1365886  6.5472775 -0.2079219
 4.148911    6.544035   -0.21612132
 3.7176504   6.559899   -0.14855121
 0.5096236  3.5136375 -0.11064  
 0.51351243  3.6776516  -0.11596341
 0.516461    3.7382243  -0.13252759
 0.5182989   4.001301   -0.11568864
0.04062544 3.282058   1.1559466 
0.03907419 3.282269   1.1558158 
0.04323217 3.277291   1.1519654 
0.07911191 3.348567   1.2734394 
 1.2016426 10.451409  -0.78505  
 1.2026335  10.451431   -0.78480935
 1.2022245 10.451979  -0.7844011
 1.0874755 10.322299  -0.6668428
0.7763955 3.8241394 2.7941623
0.77602   3.8237653 2.7943876
0.7762597 3.823573  2.7940228
0.719328  3.7202933 2.8321598
2.7599373 9.513782  2.1518457
2.7599072 9.513388  2.1518812
2.7600145 9.513004  2.1516416
2.528139 9.447224 2.111294
1.6171764  8.539784   0.28282705
1.6174518 8.538011  0.2847306
1.6158705  8.532271   0.28173143
1.335974  8.366824  0.2895421
-0.638356   9.751765  -0.5966211
-0.6381102   9.75213    -0.59652466
-0.63894963  9.750823   -0.59614253
-0.8051405  9.892504  -0.5104985
 0.3598602   8.813517   -0.41080242
 0.36007136  8.811931   -0.411259  
 0.3601715   8.811138   -0.41174597
 0.23726505  8.92629    -0.34890425
 1.0679307  14.492852    0.93590415
 1.0835924 14.483857   0.9410146
 1.075473   14.460061    0.90977377
 0.8551558 14.619042   1.0347428
 1.3924087  11.16333     0.43783015
 1.392434   11.163086    0.43827918
 1.3918252  11.16344     0.43641728
 1.1862549  11.126428    0.48938167
 2.6800258 11.019712  -1.3502855
 2.6794515 11.019669  -1.3494966
 2.6796355 11.021393  -1.350156 
 2.4877188 11.10573   -1.272595 
-2.0147564  4.5014157 -0.6603442
-2.0157373   4.5005445  -0.65992904
-2.0145113  4.500766  -0.659873 
-2.2085595   4.4932117  -0.62699974
 0.51893353 15.544004   -0.84277415
 0.5179274  15.544893   -0.84263027
 0.5198062 15.54572   -0.8427555
 0.54624766 15.474443   -0.70492965
0.57141393 5.972082   0.65587544
0.38672602 6.018066   0.4979501 
0.60216403 5.8827477  0.43118167
0.3264622 6.240979  0.6681922
 0.13276003  1.0794592  -2.098102  
 0.13346724  1.079929   -2.097984  
 0.1323309  1.0806439 -2.0969524
 0.1012713  1.1811997 -1.9292064
 0.18391123 12.21455     0.33088374
 0.18449362 12.2148      0.33061767
 0.18398571 12.214127    0.32971203
 0.04407561 12.34547     0.19806941
-1.9808787  10.292614   -0.51753664
-1.9810811 10.293061  -0.5172935
-1.98109   10.291754  -0.5183548
-2.204628  10.3671875 -0.5002671
 9.4810271e-01  1.7127914e+01 -2.3771762e-03
 9.3733025e-01  1.7278803e+01 -9.1835912e-03
 9.4781840e-01  1.7288805e+01 -1.4299147e-02
 0.9239347 17.527834  -0.025646 
 0.6564839 11.8644285  1.5556209
 0.6563908 11.864261   1.5556223
 0.65724105 11.864569    1.5533637 
 0.6664282 11.950462   1.6983218
 0.18491702  7.3113866  -0.5984907 
-0.13732159  7.6403437  -0.9415567 
 0.2096929  7.600949  -0.8660327
-0.09935625  7.4345264  -0.6872935 
-0.24772191 14.971457    1.0277725 
-0.24796517 14.972293    1.0275934 
-0.24771622 14.971652    1.0267599 
-0.30500394 15.067295    1.2237813 
 1.5339159  10.162937    0.18537861
 1.533675   10.16297     0.18507361
 1.5326318  10.162266    0.18363549
 1.3481683  10.00552     0.11617011
-0.05633222  1.2284676  -0.58959985
-0.20908687  1.3558637  -0.70809996
-0.08685455  1.2929201  -0.77870876
-0.1245501  1.3310267 -0.5241762
 0.95299894 18.84662     0.06015107
 0.95262504 18.847351    0.06081157
 0.9520042  18.847187    0.06146295
 0.9230675  19.036793    0.19849834
-0.6574304 15.415438   2.2256234
-0.6576836 15.415216   2.2256067
-0.6582629 15.415349   2.2266946
-0.79886067 15.3823      2.4261584 
1.5033108 8.957156  1.5906632
1.5035928 8.9574    1.5903132
1.504322 8.958198 1.589243
1.3759198 8.895103  1.46909  
-1.3445028 13.340898  -1.5720072
-1.3462192 13.340821  -1.5717484
-1.3451332 13.340751  -1.5736561
-1.5514827 13.392968  -1.5433416
-0.15679337 12.824648   -1.0706719 
-0.15678969 12.824278   -1.0713172 
-0.15720402 12.823767   -1.0711211 
-0.35201594 12.960932   -1.0456438 
 1.7779658 12.046883   2.301817 
 1.7776356 12.046781   2.3008866
 1.7771834 12.046215   2.2987928
 1.6477994 12.227225   2.3263214
 0.6564375  11.360109   -0.09363785
 0.64806163 11.440588   -0.09541366
 0.66554695 11.462809   -0.09937757
 0.622118   11.671447   -0.09094529
 0.6707193  8.34923   -2.7960527
 0.66961724  8.348544   -2.7967403 
 0.6704508  8.347719  -2.7983303
 0.5767911  8.478393  -2.6495433
0.30068928 9.059979   0.52594835
0.30053636 9.058718   0.5256978 
0.29942268 9.05899    0.52594066
0.16437858 9.206877   0.49233305
 0.5591598   7.6549997  -0.13887052
 0.35433692  7.9040275  -0.0900631 
 0.6160066   7.9816976  -0.19235753
 0.37869763  8.250112   -0.06603356
-0.45707226  9.694239    0.38435912
-0.4555561   9.693352    0.38407305
-0.45565343  9.693785    0.38477755
-0.6589968   9.83076     0.33357102
0.80074847 2.6527328  0.39196944
0.80153155 2.6515932  0.3914365 
0.79837054 2.6512897  0.39186436
0.6329155 2.7226505 0.4753128
 0.9176685  13.81643     0.28951988
 0.9180875  13.816255    0.28954336
 0.9175332  13.815664    0.28842095
 0.7949521  13.932848    0.34783798
 0.16617219  5.2373834  -0.04222589
 0.14630656  5.398155   -0.04023198
 0.24274638  5.517023   -0.06655769
1.3094051e-01 5.7364182e+00 3.4652650e-03
0.25524628 4.2436066  0.2004889 
0.20398016 4.501624   0.2095321 
0.4007523  4.641475   0.13894503
0.23093262 4.877238   0.18582554
1.7226667  5.716754   0.23127945
 1.5155144   5.536046   -0.08482006
 1.8461382  5.8348966 -0.0922728
1.3721933  5.343836   0.24190505
-0.4467049  12.739524   -0.08926439
-0.44577476 12.739637   -0.08969268
-0.44444704 12.738402   -0.09163417
-0.55772084 12.852333   -0.2433603 
 0.99654746 12.189952    0.01904533
9.8480093e-01 1.2410872e+01 1.2099942e-02
 1.0085175  12.479689   -0.01505124
9.0678507e-01 1.2553105e+01 5.7394500e-03
0.4248536 3.6502502 1.9322026
0.42479053 3.650531   1.9319199 
0.42567337 3.64994    1.9299507 
0.4275312 3.6504424 2.0307496
 2.8303711   6.2993646  -0.38167116
 2.4776864   6.2064486  -0.91927487
 3.006751   6.44204   -0.8963742
 2.3077095   6.0990386  -0.35498214
 2.0725417 13.404571  -0.5019847
 1.9015758 13.41504   -0.6810349
 2.1600707 13.433304  -0.7590197
 1.7889768  13.398655   -0.49946517
-0.1669786   3.659452   -0.28219402
-0.28268737  3.843823   -0.4994612 
-0.13316017  3.723042   -0.5147883 
-0.45128882  3.9066494  -0.32517904
 1.6029354 12.349064   3.0502045
 1.6028413 12.348847   3.0502796
 1.6042876 12.348111   3.0495322
 1.4560369 12.47623    3.105271 
 0.87084734 10.618226    0.09719333
 0.871159   10.617731    0.09664612
 0.8703648  10.618856    0.09666537
 0.7852846  10.787329    0.18556224
 0.8300243  8.149361  -1.9526166
 0.82524276  8.165505   -2.035149  
 0.81730723  8.161928   -2.0440366 
 0.5968402  8.210975  -1.8630112
 0.27514938  1.9014711  -0.28202227
 0.2747472   1.9058219  -0.28385228
 0.2740595  1.9049282 -0.2828   
 0.29529098  2.1349835  -0.286076  
 1.9346124 10.868884  -1.1366421
 1.9348781 10.869252  -1.136299 
 1.935029  10.870432  -1.1365367
 1.7473726 10.835552  -0.9946018
-0.07686724  3.4114957   0.30806258
-0.16484155  3.6688085   0.2989552 
-0.01113892  3.5938728   0.17356092
-0.21147044  3.8345087   0.2668609 
 0.5061087   1.1769428  -0.56545055
 0.50546163  1.1773429  -0.5658966 
 0.5049019  1.1759051 -0.5657647
 0.34791014  1.1386924  -0.47906333
 0.9351008 16.328913   0.5333215
 0.93374354 16.32785     0.5329999 
 0.9362889  16.327648    0.53131557
 0.9639395  16.372139    0.50109655
 1.1119481  18.064272   -0.08608066
 1.1131815  18.066196   -0.08787954
 1.1119549  18.065113   -0.08708762
 1.1253265  18.134832   -0.10202828
 2.558692  13.369524  -0.6996888
 2.39076   13.3582535 -0.8902784
 2.6974943  13.316669   -0.92139286
 2.338471   13.4025     -0.66397333
1.3779542 3.5344992 2.4065235
1.3768971 3.5353217 2.4057217
1.3759189 3.5355942 2.4019473
1.2836239 3.7442865 2.4506807
1.0749432 3.3096347 1.0812614
0.84513235 3.12154    0.8743964 
1.1196657  3.114368   0.77641046
0.73393404 3.3097823  1.1938407 
-0.06972591  0.7050602  -0.16938895
-0.07175975  0.722952   -0.17306277
-0.06922633  0.72524387 -0.17299454
-0.07200951  0.9205177  -0.18117179
 0.514698  14.848577   1.1947072
 0.5148772 14.849129   1.1949799
 0.5147912 14.84756    1.1937108
 0.33873874 14.963232    1.2647762 
-0.08985714  9.312482   -0.15254344
-0.08957189  9.31208    -0.15283644
-0.09074508  9.311868   -0.15290901
-0.2221183   9.458272   -0.09603634
2.126885 9.321027 1.7361  
2.1263556 9.321024  1.7362124
2.1266744 9.32094   1.7347002
1.9202172 9.229273  1.7292563
 0.7608998  12.975539   -0.05468984
 0.7340329  13.212428   -0.05009826
 0.847195  13.220197  -0.0881881
 0.74357724 13.425955   -0.01444134
 0.9513896 11.474585   0.9755816
 0.9512069 11.473409   0.9749229
 0.9512858  11.473306    0.97431064
 0.7827269 11.539801   1.0834975
0.70057523 8.202285   0.20997277
0.6631357  8.495083   0.21618669
0.7660654 8.47326   0.1257217
0.59644747 8.666086   0.22443806
-0.03139438  5.99297     0.13295726
-0.1605406   6.1160426   0.03560226
 0.01350909  5.990303   -0.04191807
-0.25268933  6.3076      0.27763814
 0.68070984  1.1671078  -2.0129743 
 0.4976245  1.2035328 -2.1513474
 0.7024581  1.113956  -2.2578394
 0.37067303  1.3250406  -1.951172  
0.14076845 6.6490517  0.9797834 
-0.11441313  6.644835    0.69096935
0.18839358 6.3154254  0.63496923
-0.18177155  6.901668    1.0632046 
-0.4564462  7.039671   1.4208169
-0.46870783  7.039272    1.4339672 
-0.43054956  7.0371575   1.3875315 
-0.67567104  7.1588182   1.4286441 
 0.8993636 15.64012   -1.4203806
 0.89822537 15.633274   -1.4330187 
 0.8966311 15.63495   -1.4341933
 0.8151296 15.810884  -1.2712055
 0.8163087   7.067738   -0.43459502
 0.59972334  7.348588   -0.7628443 
 0.92332494  7.3051715  -0.7677278 
 0.42320746  7.1217475  -0.44952515
 1.0223312  15.248247   -0.03065602
 0.9654269 15.563221  -0.0190643
 1.0910375 15.611413  -0.1081382
9.4363278e-01 1.5835641e+01 1.5025910e-02
3.2082343 9.02786   2.3807592
3.208349 9.027772 2.379594
3.2079306 9.030048  2.3791337
3.1207244 9.270097  2.3174658
 0.15427586  6.8546433  -0.19184475
-0.04833801  7.166738   -0.44231412
 0.20170027  7.1224313  -0.4256559 
-0.07572776  7.18878    -0.31438604
 4.6104665  6.1550193 -0.7207749
 4.6099405  6.1566243 -0.7218377
 4.613012   6.15483   -0.7209258
 4.357868    6.3532968  -0.71822953
1.2586005 3.5180142 3.1910613
1.2584238 3.5178008 3.1898713
1.2594852 3.5182302 3.1865652
1.2027315 3.7384984 3.2228887
-1.0537513  4.2470884 -0.5021817
-1.1790981  4.331504  -0.7107935
-0.938648    4.2294555  -0.74736345
-1.3385224  4.437288  -0.5546339
 3.2456923 11.218589  -1.015082 
 3.245597  11.219036  -1.0147079
 3.2464333 11.217944  -1.0170717
 3.0416725 11.251291  -0.914024 
 0.8638399   9.048829   -0.07723167
 0.8696929   9.133731   -0.08095869
 0.8706725   9.149254   -0.08664458
 0.8408685   9.371985   -0.06613473
 1.166972   19.640383   -0.06855127
 1.1671884  19.640177   -0.06956604
 1.1677432  19.640627   -0.06862003
 1.1394039  19.657787   -0.02262615
 1.2539153  5.4518356 -0.4808187
 1.0279253  5.33604   -0.7174048
 1.3429152  5.625998  -0.803137 
 0.96166855  5.2257314  -0.40256888
 1.5312922  16.716255    0.26387137
 1.5312978  16.715883    0.26363346
 1.5317422  16.714193    0.26237294
 1.3620546  16.619432    0.37002945
-1.3345867  10.09564    -0.57085633
-1.3346462  10.094991   -0.57123053
-1.3346398  10.094435   -0.57103807
-1.5134076 10.222733  -0.5302211
 1.9836811 17.341871   1.2187376
 1.7507912 17.19282    0.9226657
 2.017436 17.242285  0.930268
 1.6457757 17.152588   1.1858222
1.498199  8.760253  0.9113004
1.4973571  8.759854   0.91113454
1.4982411 8.760753  0.9101509
1.2960807 8.6929    1.0084174
-0.10369602  1.2990218  -1.3559936 
-0.10377707  1.2994566  -1.3557464 
-0.10395499  1.2979655  -1.3554718 
-0.08842847  1.3149924  -1.1872768 
-1.9777153  10.16817     0.14421546
-1.9782329 10.1698265  0.1446879
-1.9777441  10.17033     0.14359486
-2.1555948e+00  1.0285913e+01  5.5925995e-03
-0.29439008 15.315985    1.6794016 
-0.2940873 15.315686   1.6795866
-0.29421252 15.315331    1.680041  
-0.42393392 15.346672    1.8441373 
-1.659384   7.245214   1.6813521
-1.6605277  7.245027   1.6810234
-1.6523122  7.2462626  1.6773496
-1.6686956  7.2091775  1.6851406
-0.6876008 13.14431   -1.2998629
-0.68816644 13.1436615  -1.300521  
-0.68752605 13.142605   -1.300412  
-0.8860338 13.280231  -1.2862065
 0.73662144  9.9781685  -0.53347754
 0.736344   9.978515  -0.5332849
 0.7370012   9.978724   -0.53304046
 0.7182002   9.854407   -0.43347543
1.1724485  5.316974   0.44252992
1.0074046  5.1153383  0.18835792
1.2472583  5.3461485  0.20229052
0.92891365 5.022674   0.37279105
-1.7962469  4.253739  -0.0987231
-1.7962976   4.2532334  -0.09880292
-1.7962356   4.254444   -0.09754834
-1.9661556   4.3157125  -0.23871468
 0.78420573  4.9566917  -0.42623118
 0.54890954  4.93349    -0.639424  
 0.80317914  5.145612   -0.7181199 
 0.5245861   4.7941422  -0.32717723
 2.2214563 17.35118    1.1641558
 2.221051  17.35051    1.1630771
 2.2212777 17.349451   1.1620246
 2.024608  17.366508   1.1019312
2.1308296 8.793499  0.5547594
2.1301785 8.794775  0.5553535
2.1294708  8.797187   0.55796707
1.9603423  8.814772   0.58701426
 2.3695068 11.206154  -0.823194 
 2.3691113 11.206487  -0.8227986
 2.3695085  11.20623    -0.82345474
 2.1555207  11.069033   -0.73728985
 1.182519  12.213015   1.9703885
 1.1819415 12.213588   1.970653 
 1.1822581 12.213038   1.9700018
 1.003903  12.261124   2.0820434
0.39564782 2.89221    0.21832137
0.33554757 3.1458983  0.23686594
0.4960791 3.2602017 0.1654293
0.33941886 3.4980526  0.2448524 
2.7641013 9.113869  1.5632678
2.7627733 9.113704  1.5626628
2.7624762 9.11626   1.5642657
2.612732  9.286359  1.5103292
 0.61315465  5.5072284  -0.15271461
 0.58056784  5.786817   -0.1217398 
 0.6565674   5.8956056  -0.14193815
 0.5841873   6.1198215  -0.10392445
 1.0702833e+00  7.8569021e+00 -4.9425662e-04
 0.8354209   7.7246704  -0.11376698
 1.074035    7.944436   -0.17873049
0.8221097 7.8174543 0.1462647
 0.623683   15.107425   -0.21764748
 0.6236378 15.107687  -0.2181402
 0.62449414 15.105919   -0.21944346
 0.61864114 15.1527605  -0.25894147
-0.82656956  7.1674495   0.94907033
-0.970478    7.1107926   0.81034726
-0.6966795  7.02163    0.6954548
-1.044818   7.230856   1.0007304
 1.1023996  19.307457    0.43397555
 1.102282   19.307535    0.43352976
 1.1014823  19.307379    0.43595776
 0.9941228 19.427513   0.5296454
0.04147784 1.8672034  0.2658642 
0.03966216 1.9656253  0.27102917
0.06338736 2.0242963  0.265599  
0.03890242 2.2472334  0.26585144
-0.86632097 10.006872   -0.09712737
-0.86599267 10.007487   -0.09719733
-0.8658827  10.006967   -0.09743591
-1.0764166 10.151096  -0.0693446
 0.08747301 12.4466915  -0.3642434 
 0.08807878 12.445907   -0.36469722
 0.08807826 12.445445   -0.3652858 
-0.09387486 12.608762   -0.33567733
 1.7191386  10.571548   -0.26089007
 1.7190094  10.572473   -0.26075944
 1.7183236  10.571501   -0.26014882
 1.5478992  10.389344   -0.20572808
1.0974312  9.691414   0.13723445
1.0978116  9.691115   0.13705072
1.0961062  9.690261   0.13592638
0.97286415 9.586457   0.10330033
-0.15140113 15.097419    2.3766613 
-0.14987998 15.096078    2.3754606 
-0.14847283 15.0970335   2.3759882 
-0.29086298 15.2560625   2.4436796 
-2.5166783  10.269724   -0.15692335
-2.5168912  10.270943   -0.15628141
-2.5177305  10.271482   -0.15719554
-2.6633565 10.270351  -0.2534156
 0.41373542 17.519512   -0.162938  
 0.41445875 17.519426   -0.16343117
 0.41481608 17.51868    -0.163166  
 0.25778627 17.657288   -0.15369263
 0.42590308  7.6578636  -1.0177443 
 0.07029203  7.949239   -1.3957013 
 0.4508993  7.9010444 -1.3534814
 0.0144341  7.664755  -1.027261 
 0.12714924  8.154016   -2.9331787 
 0.12685895  8.151839   -2.934704  
 0.12805274  8.154253   -2.9347742 
 0.11449654  8.277293   -2.6520197 
-0.07762004  2.8791144   0.62879413
-0.0778606   2.8777838   0.62805253
-0.07668965  2.878828    0.6291665 
-0.06896909  2.9916492   0.749676  
 0.7501052  1.2319403 -1.7671987
 0.75071764  1.2321311  -1.767585  
 0.75109106  1.2313622  -1.7692851 
 0.59697187  1.2922575  -1.6561384 
1.1509104  8.355495   0.59518343
1.1500423 8.355442  0.5948946
1.1514256  8.355136   0.59300935
0.948951  8.265762  0.6664811
 1.698168 13.31975  -0.743523
 1.6984488  13.320203   -0.74323726
 1.6990016  13.320744   -0.74466014
 1.5197579  13.269831   -0.62059385
-2.6068552  4.224921  -0.7027896
-2.6070921  4.2245955 -0.7024953
-2.6068153  4.226261  -0.7008738
-2.5951822   4.2406936  -0.70300484
 1.0074269  16.457203    0.02054989
9.7440439e-01 1.6633650e+01 6.1928257e-03
 1.0046970e+00  1.6608997e+01 -1.1044871e-03
9.2604095e-01 1.6807430e+01 7.3765591e-04
 0.47505447  2.4237304  -0.14944878
 0.47346455  2.424117   -0.15028504
 0.47335067  2.4239173  -0.15025696
 0.4340165   2.5708206  -0.11394595
-0.13863334  1.4650623  -0.11501781
-0.13778274  1.4676723  -0.11658542
-0.13814464  1.4685464  -0.11554517
-0.11506444  1.7050347  -0.1195597 
 0.9172943  14.030145   -0.01649263
 8.8410664e-01  1.4297578e+01 -1.2141380e-02
 0.9660183  14.394515   -0.03767177
 8.3300495e-01  1.4550956e+01 -1.4520114e-02
 0.36150342  1.325127   -1.5710027 
 0.1670363  1.3031096 -1.737957 
 0.38162065  1.2769916  -1.8347846 
 0.07195701  1.2997115  -1.5468017 
 1.0381966 12.330004   3.10352  
 1.0379788 12.329773   3.1043267
 1.0376796 12.329848   3.103195 
 1.0372926 12.266059   3.1296742
 1.0182123 13.04036   -0.511889 
 1.0172179 13.040194  -0.5121327
 1.018066   13.040641   -0.51128095
 0.91831225 12.874155   -0.36939967
-1.4752283  13.125449   -0.99976873
-1.4750493 13.125501  -1.0010864
-1.4754663 13.126916  -0.9983568
-1.5471797 13.1792145 -1.1435168
-1.9458604 13.13569   -1.5967084
-1.9458956 13.135984  -1.5969734
-1.9451901 13.137106  -1.5980991
-1.9965043 13.18009   -1.6602846
 0.7067432  14.244459    0.57898366
 0.70736533 14.244704    0.57929724
 0.70702165 14.24392     0.5784851 
 0.5602096  14.357018    0.60350925
 0.80975384 11.0692      0.5901127 
 0.80968356 11.068022    0.5895033 
 0.8098142  11.06828     0.58981174
 0.6672381 11.146996   0.7014319
0.74205106 3.5166051  1.439353  
0.74045515 3.516594   1.4391254 
0.7409556 3.5163517 1.43737  
0.55091345 3.5480864  1.5277543 
 1.0336024 15.408817  -0.7095564
 1.0333145 15.410298  -0.7100913
 1.033197  15.409936  -0.7098833
 0.81995225 15.447477   -0.66175056
-0.5061345   3.8943107   0.30557382
-0.6321383  4.1055236 -0.0225309
-0.40682632  3.84729     0.06828636
-0.83705235  4.1134834   0.19530949
 0.44580463 11.945552   -0.1351877 
 0.445825   11.946011   -0.13579912
 0.44604602 11.946039   -0.13592461
 0.30987528 12.098422   -0.13265559
0.9903075 3.8340743 2.163623 
0.9894125 3.833991  2.1634965
0.99028003 3.8340123  2.1633496 
0.8025457 3.8589559 2.2574449
 2.8437278 10.962235  -0.7055928
 2.8426676 10.96257   -0.7063137
 2.843094  10.964132  -0.7075936
 2.6671767  11.056096   -0.61574596
 0.56151223  7.0088253  -0.20842911
 0.4008085   7.3204117  -0.16786891
 0.62940836  7.3878036  -0.26605013
 0.39754966  7.601014   -0.15260607
 3.5312583   6.417889   -0.27238512
 3.5485966  6.46471   -0.5521211
 3.834761   6.459482  -0.5359547
 3.1732225   6.4835386  -0.23928136
 0.39330432  8.475044   -3.3238218 
 0.392465   8.474396  -3.3236132
 0.39328617  8.471181   -3.3229358 
 0.3506163  8.480299  -3.0804675
 1.175619  11.888955   1.4430286
 1.1751069 11.889236   1.443055 
 1.1756755 11.889394   1.4416276
 0.98826456 11.9398      1.5425243 
 2.0638604 13.421257  -0.3734706
 2.062743  13.42155   -0.3733144
 2.062157   13.420985   -0.37264344
 1.8726612  13.364357   -0.27880722
 0.6775708 12.094806   2.0603127
 0.6775242 12.095051   2.0603929
 0.6781388 12.0953     2.058756 
 0.73163515 12.140711    2.179038  
2.311012  9.13441   2.1924188
2.3103695 9.134805  2.1921616
2.309111  9.136684  2.1922276
2.1800404 9.196348  2.0526197
-0.5737594 15.118429   2.686165 
-0.57192683 15.1179085   2.6860075 
-0.5706951 15.119438   2.684977 
-0.7279425 15.230152   2.7841473
 0.4021416   0.73016727 -2.5986593 
 0.4028338  0.7301385 -2.5974329
 0.40175056  0.7322784  -2.598076  
 0.34495315  0.93616605 -2.4948027 
0.44973838 3.1265812  0.8844614 
0.44906765 3.1259885  0.8838297 
0.44941533 3.126387   0.8824283 
0.2764805  3.1938977  0.99304056
 1.6460657 12.067356   1.8047365
 1.645482  12.067388   1.8047296
 1.6445153 12.066389   1.8033072
 1.4598433 12.148608   1.868984 
 0.47517183  4.1398387  -0.24103236
 0.44079673  4.3584933  -0.22887732
 0.53361773  4.4979405  -0.2439838 
 0.46353287  4.632093   -0.14726621
 0.29702917 14.586813    0.73253036
 0.29749975 14.587135    0.73241574
 0.2967783 14.587289   0.7329227
 0.15752421 14.740785    0.8507139 
-0.38522625 12.948499   -0.63329697
-0.3851546  12.94868    -0.63355315
-0.38440907 12.948143   -0.63480395
-0.5837845 13.066404  -0.6256362
 1.1989886 16.706768   0.7447987
 1.1985409  16.705843    0.74469274
 1.199912 16.704845  0.742948
 1.1425018 16.628609   0.6829511
 1.5770794 11.498278   0.7712353
 1.5765324 11.497832   0.7714408
 1.5750223 11.4972515  0.7711453
 1.392313  11.503237   0.8668375
 1.2153126  10.191548   -0.35172665
 1.2159302  10.191566   -0.35115626
 1.2155038  10.191368   -0.35109943
 1.07426    10.035696   -0.31776473
 1.4357173 12.436424   2.5852172
 1.4351467 12.43673    2.5857356
 1.4351245 12.436216   2.585771 
 1.2326206 12.49462    2.6523526
 0.29057974  6.381285   -0.09363367
 0.20705882  6.67051    -0.08873658
 0.3962268   6.705504   -0.16563042
 0.19696951  6.9178724  -0.10132097
 4.6657505   6.558338   -0.43537533
 4.666507   6.556387  -0.4347115
 4.6684365  6.5533547 -0.4348435
 4.3719816  6.6108527 -0.3967179
 0.10222568  3.2172387  -0.1915664 
 0.07722162  3.449884   -0.19266976
 0.170104    3.5280495  -0.21915577
 0.04411488  3.7360187  -0.17196982
0.66162574 5.0631237  0.04053032
0.63534176 5.3246217  0.05965272
0.7087021  5.444037   0.03000925
0.602371   5.646089   0.07725662
-0.07283674  9.407765    0.5001536 
-0.07204821  9.407456    0.4998714 
-0.07287876  9.407032    0.4999483 
-0.232941    9.536784    0.41933635
 2.481163   13.390578   -0.65833414
 2.4802065 13.391185  -0.6573736
 2.480599  13.390364  -0.6565793
 2.2681003 13.425928  -0.5608478
1.8788874 9.031176  1.0474391
1.8781426 9.032124  1.0475326
1.8782107 9.032765  1.0476985
1.6898278 9.004853  1.1694039
 2.0305433  17.042364    0.61575943
 2.0304592 17.040817   0.6144041
 2.0293312 17.045525   0.6152959
 1.8422976  17.115307    0.61284536
2.2251532  6.053551   0.38201064
 1.9882796   5.850401   -0.03239796
 2.3553889   6.153479   -0.03842738
1.8418294  5.755879   0.30046567
0.7279578  4.6055675  0.27392972
0.70688224 4.7364826  0.26134166
0.7641908  4.796328   0.17762077
0.5674336  4.687115   0.26354852
 0.05232971  9.236973   -0.60651046
 0.05284914  9.236826   -0.60668564
 0.05207536  9.236821   -0.6068736 
-0.09112439  9.367921   -0.5321456 
2.7735498 9.135294  2.5501435
2.7736797 9.136535  2.5510588
2.77357   9.1366625 2.5510447
2.6154459 9.214878  2.395402 
-1.4498087  10.413506   -0.23167843
-1.4495991  10.412795   -0.23162451
-1.4492981  10.412063   -0.23316154
-1.6784061  10.444108   -0.20238209
 1.1571215 12.204865   3.5499122
 1.1569078 12.204325   3.55062  
 1.1565236 12.203916   3.5522852
 1.1598648 12.203993   3.5259376
0.46501344 3.861721   0.18365641
0.41743377 4.1012607  0.20304944
0.57301205 4.2549524  0.11914129
0.40207425 4.4601603  0.21491727
-0.49890828  9.704656   -0.12210062
-0.4986072   9.704839   -0.12242196
-0.4987685   9.704556   -0.12193093
-0.6635749   9.840837   -0.08834338
-0.5749999   4.0320735  -0.29505724
-0.72924     4.161779   -0.57276905
-0.45747587  3.9144735  -0.57925445
-0.88492125  4.233525   -0.32813108
 0.7182545   5.97529    -0.05061311
 0.68518096  6.247767   -0.01267345
 0.75803506  6.385737   -0.0623538 
6.6120923e-01 6.5974078e+00 3.8818438e-03
0.46567833 9.079215   0.07573435
0.4540445  9.302935   0.07485343
0.5263907  9.403529   0.05033136
0.46291417 9.649534   0.05211803
 0.5137837  10.75896     0.38972974
 0.5135328 10.758605   0.3892901
 0.51455075 10.758782    0.3895113 
 0.46326816 10.907554    0.49497947
0.63161033 6.7816925  0.10449854
0.47018895 7.0522556  0.16969162
0.73251736 7.1676283  0.0318656 
0.47285494 7.404472   0.15476875
 0.23815262  4.6261554  -0.13262357
 0.12226808  4.9091716  -0.08963903
 0.36534548  5.003262   -0.17542124
 0.16324747  5.2219024  -0.07760294
-0.07402662  0.9920731   0.20742437
-0.07422315  0.99747974  0.20717877
-0.07418319  0.9980242   0.20618458
-0.07302235  1.2034576   0.18312474
0.31252486 5.838613   0.2082617 
0.25628108 6.074709   0.23272614
0.42077792 6.063521   0.13047801
0.20299582 6.3331943  0.25631592
0.5483855 3.652106  2.422659 
0.5480386 3.6521056 2.4225793
0.54829824 3.652329   2.4220917 
0.57543474 3.6574302  2.4927626 
-1.5558857   4.3563957  -0.74023247
-1.5564958   4.3546147  -0.74061084
-1.5553635   4.3540273  -0.74107176
-1.7511098   4.431277   -0.73870707
3.1711707 9.40064   2.656997 
3.1712081 9.401536  2.6568387
3.1716886 9.398591  2.6545446
2.936237 9.385874 2.531977
3.0214825 9.040747  1.9436017
3.0210805 9.040898  1.9416572
3.0195792 9.045523  1.9381325
2.914421  9.289995  1.8898032
 0.3062132   0.9872337  -0.15709321
 0.3062998   0.99066544 -0.15925047
 0.3064351   0.9925672  -0.15842347
 0.30075094  1.2094529  -0.16502951
 0.15819791  8.388539   -2.5393188 
 0.1582953  8.388469  -2.538962 
 0.15713362  8.388766   -2.5384989 
 0.07812794  8.305159   -2.2904966 
0.31931424 2.3212109  0.26977712
0.31930006 2.333931   0.27530482
0.32497013 2.3435907  0.26669574
0.2642756 2.498025  0.2930586
0.26803222 3.4861526  1.53077   
0.2681254 3.4864814 1.530217 
0.26973563 3.4847765  1.5279956 
0.2872744 3.5416973 1.6680707
-1.0119758 13.350016  -1.0377058
-1.0123463 13.349812  -1.0375679
-1.0124873 13.349006  -1.0385365
-1.2198508 13.375952  -1.0582366
 1.1184232  19.974815   -0.38097298
 1.1175811  19.974728   -0.38267502
 1.1170053  19.972706   -0.38244048
 1.1167488 19.932129  -0.2703335
 0.8547082  16.921082   -0.33475026
 0.85429245 16.92018    -0.33483127
 0.8547912  16.919186   -0.33451867
 0.74731135 17.078962   -0.269528  
 1.7054822  10.806799   -0.74425274
 1.7055082 10.8072815 -0.7439124
 1.7050644  10.806544   -0.74437594
 1.5497689  10.649181   -0.64554274
 0.42211467  8.225238   -1.9062008 
 0.35839948  8.371968   -2.0784597 
 0.39152348  8.347656   -2.1272368 
 0.17509373  8.235809   -1.8623071 
1.1668215 8.705594  1.2237364
1.167539  8.704897  1.2227838
1.1679753 8.705384  1.2228369
1.0479895 8.651872  1.2148226
 0.02935212  2.3250084  -0.25545344
 0.02779192  2.3376176  -0.25618795
 0.02773246  2.3399696  -0.25388575
 0.05156591  2.5968652  -0.24603716
 0.5112927   9.608501   -0.38928804
 0.51088566  9.608635   -0.38900316
 0.5119098  9.60777   -0.3896809
 0.51257175  9.62235    -0.35133567
 2.8239658 11.38865   -1.0495085
 2.8250706 11.387317  -1.0495627
 2.8252256 11.386359  -1.0504842
 2.5767915 11.302628  -0.9366725
 0.93452525 11.570527    0.10371425
 0.93077105 11.742057    0.09721657
 0.94059736 11.7906475   0.08675537
 0.90064764 12.046991    0.10771085
 0.49409124 13.929966    0.171155  
 0.49352878 13.930014    0.17102002
 0.49480778 13.929619    0.17178306
 0.39865068 14.108978    0.27034754
-0.592578   17.788689   -0.28322473
-0.591987  17.788198  -0.2847442
-0.59070396 17.791307   -0.2839249 
-0.5347711 17.807983  -0.2655292
 0.78150403  0.9037291  -2.2900193 
 0.7825351   0.90335894 -2.2906086 
 0.7828531  0.9036547 -2.2910705
 0.7052025  1.0885999 -2.1869974
0.87135875 9.944535   0.08600881
 0.8677139  10.167402    0.08043513
 0.9090081  10.215305    0.05889704
 0.8245762  10.435351    0.08765556
 1.0242136  16.017237    0.20669809
 1.0259672  16.024263    0.21505612
 1.0331385  16.013687    0.19068642
 0.97325087 16.109226    0.2370385 
 1.2773666  12.892981    0.03306517
 1.2766961  12.892249    0.03244426
 1.2762865  12.893736    0.03232744
 1.0933591e+00  1.2707730e+01 -6.9360323e-03
 0.82553893 10.921324   -0.15626162
 0.8273216  11.03906    -0.16248822
 0.8284453  11.050719   -0.16843005
 0.8253993  11.310832   -0.14182979
0.7901089 7.9065843 0.4913426
0.5879455 7.7805233 0.3432188
0.7864355 7.804745  0.3137632
0.54435205 7.90708    0.5242282 
 0.11480208 15.197162    1.5660342 
 0.11478728 15.197046    1.5663944 
 0.114789  15.196644   1.5666832
-0.07098972 15.291133    1.670627  
0.36102432 8.802941   0.1298883 
0.36101308 8.80317    0.13023823
0.3606382  8.802628   0.12855923
0.27281952 8.922384   0.09761235
-0.02874842  0.4217258   0.1378631 
-0.03011252  0.42135096  0.1379134 
-0.02860195  0.42181534  0.137724  
-0.03583172  0.622694    0.11866532
 0.34781715  1.3196313  -1.635649  
 0.34773958  1.3207786  -1.6351234 
 0.3478157  1.3211082 -1.6342424
 0.19395731  1.3260983  -1.5043019 
 0.7314226  14.683102    0.02987177
 0.7295824  14.693393    0.03146651
 0.7300346 14.693493   0.0308566
 0.70051    14.817508   -0.01935795
 0.5442406 11.509785   1.1108177
 0.5436706 11.509026   1.1100382
 0.54471314 11.508951    1.1093587 
 0.5451991 11.610837   1.2329669
 1.6255319 12.206095   3.3800182
 1.6181606 12.109337   3.3788652
 1.6427108 12.158104   3.3437767
 1.5373958 12.403438   3.4017339
-0.02975755  2.8436902   0.14738588
-0.04976226  3.0214517   0.17418936
0.06225096 3.1442533  0.12447184
-0.01239122  3.3842642   0.1688981 
 1.3558805  13.027267   -0.18520325
 1.2045431  12.992308   -0.35035196
 1.387007   13.127777   -0.40618286
 1.1027775  12.841154   -0.18035933
 0.21524332  3.723024   -0.21840979
 0.16870269  4.0221887  -0.21176098
 0.27719986  4.0458508  -0.24777734
 0.1683436   4.29046    -0.20895147
 1.8617765 18.57993   -0.7629493
 1.8607404 18.580353  -0.7628086
 1.8589553  18.5797     -0.76215464
 1.664856 18.505886 -0.593333
 0.30940387 12.494463   -0.9119007 
 0.31000823 12.494445   -0.91234803
 0.30927998 12.494873   -0.9131039 
 0.13256617 12.608223   -0.849784  
-0.27736527  9.526238   -0.5995421 
-0.2771055  9.525621  -0.5994077
-0.27856794  9.5254755  -0.5988822 
-0.43455046  9.646364   -0.5059584 
-0.95255536 15.306186    2.6965222 
-0.9540694 15.305523   2.6966372
-0.9528812 15.306268   2.698721 
-1.0117959 15.2564125  2.8259037
-1.5024929  4.456965  -0.3271081
-1.5029124  4.4557786 -0.3268997
-1.5019488   4.4557643  -0.32834795
-1.7203597   4.4807167  -0.34250754
-0.9262591  9.924571   0.3956665
-0.9257447   9.924012    0.39562303
-0.9252472  9.922929   0.3953   
-1.088712  10.046819   0.3058275
0.243276   2.7500198  0.33956054
0.24352676 2.7484381  0.33876395
0.245524   2.7491386  0.33619812
0.18607968 2.9326177  0.3930835 
 1.3575221 12.52536    3.3431277
 1.3576572 12.524951   3.3437853
 1.3581839 12.525059   3.3427038
 1.2184603 12.433153   3.3783202
1.1550082 3.851809  2.613653 
1.1548938 3.8510466 2.613398 
1.1562324 3.8513699 2.6124125
0.9748874 3.8952942 2.6928086
-2.1617177   4.2716627  -0.33945945
-2.1612353   4.271009   -0.33895373
-2.1622663   4.272295   -0.33846083
-2.2867594   4.293995   -0.44863996
 0.33652365  1.4187225  -0.18323895
 0.3381799  1.4506884 -0.1809928
 0.33741495  1.4524288  -0.18024912
 0.3629461   1.7158637  -0.17724733
 0.7927153   8.451967   -0.15146899
 0.7862619   8.651645   -0.16421238
 0.7861243   8.665506   -0.16610676
 0.7158734   8.855043   -0.12984386
-0.69008493  7.2243376   1.0687357 
-0.6915821  7.2237053  1.0693682
-0.6898508  7.2238073  1.0702738
-0.8832439  7.2780004  1.1596056
 1.3536415 11.646926   1.089546 
 1.352834  11.647496   1.0895361
 1.353142  11.6474085  1.0885993
 1.1690927 11.68505    1.1911035
 4.284434   6.590421  -0.6028063
 4.291113   6.5860615 -0.6045206
 4.290414   6.582608  -0.6034764
 3.9493616  6.6045732 -0.5403258
-0.639643  15.144714   1.9152664
-0.6395605 15.145487   1.9158151
-0.6391826 15.14591    1.9162617
-0.66502976 15.250537    2.103276  
 0.5113805 15.639254  -1.2931904
 0.51099634 15.637758   -1.2943894 
 0.51149917 15.639851   -1.2930255 
 0.5566238 15.639782  -1.0599741
 1.8149455 17.290068   1.1947323
 1.8150821 17.290081   1.1938146
 1.814225  17.289345   1.1930295
 1.6576984 17.188702   1.0759722
 0.40311307  1.2667469  -1.0437993 
 0.40282303  1.2669892  -1.0437268 
 0.403332   1.2671806 -1.0429282
 0.24181373  1.2535156  -0.94707716
0.3778913 4.8591065 0.2352107
0.33988616 5.111922   0.24299963
0.5110461 5.2324543 0.1778458
0.330194   5.4225636  0.22870253
 1.2411952  10.788216    0.12610349
 1.2414329 10.78801    0.1257906
 1.2413245 10.787384   0.1254028
 1.0965008 10.827541   0.2377427
0.9659057 3.5150416 3.5338535
0.9662803 3.514635  3.534502 
0.96566683 3.5151558  3.5346172 
0.9614978 3.5751278 3.475086 
0.3958265  3.3726792  0.25929037
0.33119762 3.6204152  0.27236986
0.4930217  3.7907412  0.18858886
0.32640886 3.987796   0.27399945
-2.482745   10.521219   -0.47331652
-2.484037   10.522264   -0.47398376
-2.4809902  10.516462   -0.47379893
-2.6410081  10.451882   -0.44004586
-0.08555514 14.726524    0.7249875 
-0.08553801 14.727393    0.7249805 
-0.08593585 14.726844    0.72464126
-0.14523713 14.870287    0.91567767
 4.6881585   6.1909757  -0.28040808
 4.68901     6.1878905  -0.28081474
 4.694081   6.184251  -0.2836267
 4.4423385  6.3567486 -0.2640709
 1.2658423  16.383526    0.22714445
 1.265888   16.383072    0.22742076
 1.2663491  16.38325     0.22522351
 1.1202748  16.349293    0.33204678
-0.02954691 12.446526    0.07991622
-0.02832824 12.445707    0.07962847
-0.0282239  12.446242    0.07924271
-2.0511614e-01  1.2605842e+01 -6.5863580e-03
0.5800955  6.297198   0.14525263
0.45122916 6.5619564  0.19412743
0.6711949  6.6771245  0.07183999
0.44478062 6.9205937  0.18037729
 3.3485641 11.148639  -1.3933266
 3.3485947 11.149902  -1.3927569
 3.3478377 11.149477  -1.3925496
 3.1663947 11.225329  -1.296577 
0.5419909  5.409459   0.24387857
0.5332052  5.659706   0.24485338
0.6014877  5.7239027  0.20378019
0.49671775 5.9514923  0.2627055 
-0.6643981  13.177714   -0.90669274
-0.66470796 13.177903   -0.9069465 
-0.6640896 13.177005  -0.9086408
-0.8761281 13.281972  -0.9026838
 0.4717161  8.277817  -0.1156219
 0.44748005  8.453404   -0.12598316
 0.51015735  8.464901   -0.14111845
 0.4137145   8.611008   -0.07469468
0.84447825 8.5199795  1.0923394 
0.84421927 8.5196905  1.0918863 
0.8453335 8.519741  1.0920738
0.80825853 8.451895   1.0185046 
-1.023366  13.070324  -1.4649752
-1.0254999 13.051623  -1.4836683
-1.0228825 13.048931  -1.4826977
-1.1760609 13.264904  -1.4887606
2.4923866 9.453131  1.8032379
2.492265  9.452707  1.8028238
2.492422  9.452717  1.8020372
2.270221  9.4014    1.8106952
 0.811518  15.72226   -1.0365161
 0.80959594 15.724098   -1.0362794 
 0.8105274 15.7237215 -1.0362327
 0.66278625 15.656761   -0.8969545 
-3.9814552e-04  1.2676863e+01 -7.4238902e-01
-2.4179509e-04  1.2676868e+01 -7.4281585e-01
 1.1402223e-04  1.2676845e+01 -7.4286032e-01
-0.1956028 12.816242  -0.7160109
-1.6910417 13.270263  -1.3312392
-1.6911942 13.270696  -1.330882 
-1.6915448 13.272318  -1.3315037
-1.8007859 13.2363405 -1.4213468
1.0781631 3.8827007 3.036279 
1.0783178 3.8822072 3.0365012
1.0791135 3.8830085 3.0355282
0.9158319 3.8232455 3.085127 
 0.62539446 15.370221   -0.5096059 
 0.62513673 15.371695   -0.5093146 
 0.627357  15.37163   -0.5090625
 0.5867995  15.36117    -0.48372275
 0.80081904  0.74425924 -2.6627657 
 0.80242944  0.74368787 -2.6626673 
 0.80246073  0.7441731  -2.6632643 
 0.7492369   0.92733645 -2.5852404 
 0.49314827  1.1048431  -2.5469496 
 0.4939434  1.1052591 -2.5465398
 0.49441263  1.1052363  -2.5457778 
 0.402172   1.1896871 -2.395478 
 1.7417206 12.112712   2.773638 
 1.7417729 12.11323    2.77305  
 1.7439412 12.112453   2.7707722
 1.6399763 12.306047   2.7983623
 2.2835724 11.032958  -1.1900728
 2.284022  11.033533  -1.1894268
 2.2845154 11.034167  -1.1899493
 2.092805  11.01026   -1.0844564
 1.0898135  17.548376   -0.03754617
 1.0965674  17.631777   -0.04402575
 1.095171   17.640497   -0.04728102
 1.0648156  17.767694   -0.05145003
1.745214   8.737805   0.59200436
1.7448055  8.738492   0.59274834
1.7450006 8.739123  0.5918988
1.5499067  8.68021    0.65380406
 1.1670934 14.227374   0.6588113
 1.1678506 14.226372   0.6588683
 1.1670793 14.22509    0.6570048
 0.9940412 14.2765045  0.703893 
1.8125014 9.188014  1.5505563
1.8122717 9.188426  1.5507206
1.8126167 9.187838  1.5495507
1.6332194 9.075864  1.5531223
0.25247955 0.69812906 0.10989499
0.25421876 0.7210902  0.11232271
0.25596133 0.7305105  0.10605849
0.2462395  0.97257257 0.12427921
 0.8363764   9.514163   -0.13411134
 0.8372863  9.514737  -0.1341658
 0.8374587  9.515129  -0.1342361
 0.79150605  9.608527   -0.12983145
 0.65915114 11.892557   -0.4947977 
 0.6595215 11.8914585 -0.4996535
 0.6601829  11.88937    -0.49745163
 0.5182086  11.992627   -0.44921905
 0.1190904   1.1255441  -0.46586537
 0.11883913  1.124889   -0.46587902
 0.11804879  1.1237745  -0.46469766
 0.03583001  1.1303141  -0.39510787
 0.9160971  12.703492   -0.19131926
 0.92362213 12.723218   -0.19848466
 0.923892   12.723172   -0.19990002
 0.89686936 12.729541   -0.16038346
 0.6730734  10.242299   -0.14081925
 0.67009115 10.406862   -0.14966524
 0.68299407 10.428079   -0.1453699 
 0.6714544  10.665414   -0.10671695
0.90124756 3.6992204  1.821034  
0.89981246 3.6994483  1.820986  
0.90036416 3.6993468  1.8208371 
0.7173386 3.735694  1.9156361
1.297141 3.582255 2.029075
1.2961946 3.5829723 2.0284142
1.2951239 3.5828357 2.0277174
1.1665343 3.729006  2.0664759
-2.2999225  10.170447   -0.52014315
-2.311682   10.108692   -0.53237355
-2.2808201  10.134704   -0.53073984
-2.5077412 10.316063  -0.5145589
 0.42027575  5.933243   -0.19578752
 0.32054538  6.2078457  -0.14857185
 0.52257407  6.3272166  -0.20485178
 0.32513013  6.554494   -0.1360635 
-1.8458906  10.452567   -0.20329104
-1.8456309  10.452331   -0.20291963
-1.8457276  10.451989   -0.20504938
-2.0958335  10.463164   -0.20656613
-0.08648495  1.992896   -0.14555071
-0.08588149  1.9949973  -0.14683914
-0.08603391  1.9957362  -0.14679138
-0.06134527  2.2084324  -0.13857716
0.12595543 9.096701   0.10340576
0.12604178 9.096335   0.10315623
0.12558383 9.096593   0.10250086
-2.4393797e-03  9.2435112e+00  1.1776542e-01
 0.6282471 14.870205   1.5522704
 0.6287503 14.868645   1.5515207
 0.6302023 14.867539   1.5477741
 0.4526897 14.989752   1.6041669
 0.8840707  16.910759    0.23737231
 0.88511086 16.911543    0.23757203
 0.8847839  16.909286    0.23717804
 0.79822856 17.038307    0.17954454
7.5681716e-01 1.1875668e+01 1.7450340e-03
 0.60464925 12.07471    -0.01710409
 0.77370346 12.071414   -0.12651597
5.8779359e-01 1.2339844e+01 1.3093324e-03
-1.3202773  7.113239   1.6055676
-1.3201869  7.112692   1.6059153
-1.3196309  7.114746   1.6071581
-1.4485943  7.208814   1.632669 
 0.76975024 15.779127   -1.754561  
 0.7699446 15.779673  -1.7533758
 0.768723  15.780833  -1.7521487
 0.7286716 15.830739  -1.5262914
 0.585691   8.431478  -2.4453874
 0.5855178  8.431517  -2.4456367
 0.58532774  8.432394   -2.4454904 
 0.4160051  8.435025  -2.2838361
-0.97007793 10.046748   -0.45063576
-0.96964514 10.046112   -0.45123264
-0.96954256 10.044995   -0.45173496
-1.1515086  10.16851    -0.40555504
-0.02333271  2.5968797  -0.20206362
-0.03169294  2.7828913  -0.19816981
 0.0226504   2.8721972  -0.22015066
 0.01583717  3.1314843  -0.20305909
-0.42360586 15.074192    1.4304196 
-0.423359  15.075049   1.4306229
-0.4226115 15.074465   1.4296576
-0.4478061 15.18772    1.6184213
-1.2582226  7.1152244  1.1307696
-1.2587898  7.115645   1.130787 
-1.2591757  7.1162353  1.1316413
-1.3660789  7.215219   1.2839459
 0.18131295 14.876493    1.0400968 
 0.18133532 14.876787    1.0403984 
 0.18100224 14.876527    1.0397415 
 0.02315746 14.997958    1.159752  
 0.83612937 19.172089    0.21852162
 0.83509594 19.172325    0.21897422
 0.8354402  19.172634    0.22003862
 0.83830297 19.306007    0.353041  
0.04146633 1.4418733  0.27541602
0.03932408 1.5343447  0.28435436
0.05645731 1.5738357  0.2798634 
0.0374751 1.8058703 0.2766235
0.43227175 1.7211149  0.02614484
0.4354724  1.7380732  0.02573089
0.43701267 1.7474737  0.01929074
0.42428964 1.9958066  0.04065075
1.5421346 8.950346  1.2273719
1.5418016 8.950418  1.2270864
1.5430211 8.95047   1.2262214
1.366986  8.875895  1.2956661
 0.732194   10.895954    0.16198081
 0.71800196 11.138046    0.17264062
 0.79922485 11.199157    0.13095774
 0.7314695  11.452583    0.17011622
 5.02091    6.355345  -0.5353194
 5.021813    6.3551116  -0.53569865
 5.0252256  6.3488226 -0.5378802
 4.800233    6.4893055  -0.51521534
 1.380602 18.374659 -0.434193
 1.3803176 18.374561  -0.4340224
 1.3818167  18.375254   -0.43289724
 1.2765787 18.22654   -0.2946673
 0.9192365 12.163964   2.806532 
 0.9186749 12.164062   2.805542 
 0.9177128 12.16513    2.8065941
 0.93168473 12.210368    2.8236737 
 0.5474873  8.169141  -3.4346838
 0.5464839  8.168377  -3.4357624
 0.54747933  8.168241   -3.4387727 
 0.52274245  8.372387   -3.2553241 
-2.290804    4.325988   -0.84005064
-2.2910433  4.3256917 -0.8394998
-2.2901917  4.326531  -0.838879 
-2.4038262  4.377274  -0.787948 
 0.7018327  14.497012    0.83276534
 0.7023351  14.4965725   0.83267295
 0.7010737 14.496801   0.833835 
 0.5450817 14.658767   0.931735 
0.57688814 7.262222   0.09049971
0.49699718 7.500048   0.11720582
0.6846144  7.565272   0.02394182
0.49875522 7.779164   0.20674069
3.077361  9.329067  2.2401934
3.0771523 9.329519  2.2404852
3.0777361 9.328403  2.2403722
2.881937  9.421006  2.2019565
 0.9420537 12.056845   1.7581167
 0.9424305 12.056673   1.7578009
 0.9426933 12.056626   1.756956 
 0.82036275 12.111269    1.884817  
 0.04854088  1.269987   -1.0298932 
 0.04778308  1.270765   -1.0296662 
 0.04726792  1.269335   -1.0292783 
-0.01207852  1.2668225  -0.9206357 
 0.48126486  8.982917   -0.13686568
 0.47893915  9.008883   -0.13951366
 0.47974303  9.00683    -0.14022647
 0.45905814  9.193159   -0.14348745
-0.344137 15.472158  2.068334
-0.3442493 15.471989   2.0685458
-0.34500393 15.472855    2.069576  
-0.5180482 15.440855   2.2114804
 0.85747284 19.514702    0.5793755 
 0.85597694 19.514587    0.5781365 
 0.85619146 19.515694    0.5806509 
 0.8394874 19.533823   0.6478833
0.46790102 3.3280287  1.1734111 
0.46656674 3.327862   1.1731917 
0.46768698 3.3284667  1.1713756 
0.31312323 3.3848448  1.2827272 
 1.2229998  13.961067    0.43555394
 1.223498  13.96053    0.4358329
 1.2223542  13.959605    0.43317774
 1.0721203 14.022933   0.4820794
 0.8164222  10.24079    -0.75253415
 0.81604856 10.240739   -0.75264925
 0.8174321 10.239991  -0.7523581
 0.7858902 10.089006  -0.591643 
-1.3180145 13.465436  -1.2451416
-1.3190835 13.465419  -1.2450421
-1.3186748 13.464081  -1.245954 
-1.5003444 13.38941   -1.2527312
2.340109  8.901662  0.8128788
2.338832   8.902061   0.81239915
2.3373897  8.904672   0.81420356
2.1515849 8.969179  0.8262496
 1.5370928 12.280478   2.2128718
 1.5364951 12.281064   2.2131898
 1.5360049 12.2802305  2.2125127
 1.3373358 12.366061   2.2996788
 1.0204369   9.841136   -0.16658145
 1.0207856   9.841088   -0.16645324
 1.0207862   9.840221   -0.16576043
 0.9242855   9.736876   -0.15623003
 0.3937208   2.9904294  -0.22221304
 0.36680025  3.267733   -0.20388785
 0.43504328  3.355648   -0.23092708
 0.3512245  3.5691    -0.1948314
0.81796587 8.87329    0.14831331
0.8205341  8.880616   0.14832442
0.8207922  8.883538   0.14266466
0.78264034 9.089      0.16931716
 0.600491  10.783478   0.0312038
 0.5980616  10.843917    0.04073134
 0.6053994  10.858475    0.04367954
 0.6384996  11.118276    0.05034625
 0.82259935 11.700705   -0.15513875
 0.8059289  11.93756    -0.15856272
 0.84574676 12.012694   -0.17541319
 0.77564347 12.235609   -0.15013598
1.2907338e+00 1.0005162e+01 2.4673371e-03
1.2908250e+00 1.0005706e+01 2.4941219e-03
1.2906382e+00 1.0005131e+01 2.9659001e-03
1.1416057e+00 9.8247690e+00 2.1462170e-03
 4.3740106   6.294351   -0.20258556
 4.3748918   6.2931623  -0.20126751
 4.375448   6.2916603 -0.2024428
 4.052459    6.416747   -0.17503937
0.52021635 2.642124   0.11261361
0.519785   2.6403182  0.11193107
0.52017736 2.6395898  0.11083376
0.49073833 2.8401515  0.1433537 
 0.71781397 13.645233    0.07204594
 0.717978   13.644745    0.07262166
 0.7176704  13.643974    0.07361975
 0.65766066 13.814401    0.17469174
-1.4891076  10.264412    0.08980761
-1.4887625  10.264551    0.08994737
-1.4894345  10.264059    0.08984853
-1.6892073 10.309393   0.029457 
-0.1705911  12.663966   -0.32607523
-0.1697652 12.663559  -0.3265877
-0.16917717 12.663491   -0.32618725
-0.3358559  12.809541   -0.33347985
 0.5939266  17.28638    -0.33119187
 0.5950501  17.286564   -0.33156478
 0.59538347 17.286112   -0.3315546 
 0.46670645 17.443378   -0.2806911 
0.06730086 3.082294   0.88494664
0.06703502 3.0815194  0.8843161 
0.06815792 3.0810685  0.88374895
0.03645322 3.1616244  0.9962242 
 0.7022834   9.907768   -0.16667578
 0.70931727 10.008587   -0.17153656
 0.7092413  10.011604   -0.16873561
 0.71264946 10.250855   -0.16417107
 0.3827213  11.959543    0.23908322
 0.38260302 11.959546    0.23871356
 0.38172007 11.959772    0.23724778
 0.25913286 12.105578    0.221331  
 0.09061597 17.737883   -0.03631626
 0.09169562 17.738453   -0.03606816
 0.09128108 17.737757   -0.03648125
-0.08857407 17.811546   -0.10499857
 1.9835386 10.98956   -0.7878368
 1.9832662 10.989919  -0.7875269
 1.9836314 10.989205  -0.7881359
 1.8008449 10.839872  -0.6932465
-0.4519368 15.371645   2.4856858
-0.45208257 15.372466    2.4863744 
-0.45335767 15.373351    2.4878545 
-0.65050304 15.379024    2.6062667 
 1.5419607  18.228384   -0.18187122
 1.54218    18.227228   -0.18151292
 1.543089   18.227879   -0.18176061
 1.3874178  18.100952   -0.13677646
0.43680242 2.9277973  0.61725307
0.43679893 2.9266534  0.61653334
0.438289   2.9267352  0.61364937
0.2713729  3.0122976  0.71631455
 0.6280603  17.25723     0.11582778
 0.62878984 17.257719    0.11513667
 0.6280376  17.256414    0.11542042
 0.49647647 17.402597    0.06025844
 2.2698865 17.394012   1.5317329
 2.2697484 17.395052   1.5312593
 2.2705204 17.392603   1.5293348
 2.0789487 17.370436   1.3763762
 1.4916884  10.339676   -0.18994443
 1.4921192 10.339638  -0.1897356
 1.4917306  10.339589   -0.18847293
 1.3451483  10.172477   -0.15096566
-9.4826110e-03  1.5078052e+01  1.2819377e+00
-9.3749724e-03  1.5078314e+01  1.2823021e+00
-9.340074e-03  1.507781e+01  1.281714e+00
-0.17123419 15.17272     1.4119657 
 0.9100201 11.680424   1.2319385
 0.9098222 11.680295   1.2313329
 0.91070276 11.680141    1.2301973 
 0.7665205 11.746463   1.3405025
-0.09364847 15.350252    1.7754091 
-0.22260813 15.306387    1.6682106 
-0.02109468 15.215753    1.5555935 
-0.3172896 15.396341   1.8216506
 0.1252197   9.082736   -0.25463292
 0.12592548  9.082681   -0.25514522
 0.1254281   9.082861   -0.25590885
-6.9868863e-03  9.2254686e+00 -2.5073752e-01
2.8317494 9.323921  1.8085095
2.830532  9.324576  1.8085841
2.8309014 9.325019  1.8087481
2.6270263 9.41804   1.7819207
 0.3881034  8.555649  -2.7080598
 0.3876906  8.55614   -2.707375 
 0.38720423  8.555276   -2.707018  
 0.2562785  8.467793  -2.4942782
 1.1124432 12.4756775  2.8173437
 1.1120743 12.474868   2.8175356
 1.111785  12.474944   2.8167415
 1.0107809 12.369267   2.8772545
0.12848854 3.922932   0.10355709
0.07467857 4.213139   0.10094838
0.24777862 4.2761445  0.03222982
0.08988214 4.536204   0.08167006
 0.28613633  8.432854   -2.993981  
 0.2861006  8.4322195 -2.9940562
 0.28634417  8.431839   -2.9942808 
 0.22987443  8.416187   -2.7603579 
 0.22676016  0.93772155 -2.3774579 
 0.2274816  0.9381988 -2.377037 
 0.22697411  0.939521   -2.3766725 
 0.19044718  1.0815084  -2.2205555 
2.5163357 9.292966  1.4481698
2.5152006 9.293195  1.4481819
2.5151238 9.294361  1.4479412
2.294733  9.331513  1.4635925
-1.2067375  10.199087   -0.27547222
-1.2064003 10.198916  -0.2758765
-1.2066305  10.197852   -0.27714553
-1.4109273  10.322072   -0.25425422
 0.9238204 12.274161   2.1786172
 0.9239029 12.273862   2.1782916
 0.92385256 12.273531    2.1774206 
 0.83455455 12.257096    2.310781  
 1.4224908 12.497716   3.710421 
 1.4233806 12.497393   3.7104561
 1.4232783 12.4983225  3.7089784
 1.3091252 12.405236   3.6548908
 1.7147557 17.037544   0.5368414
 1.7145649 17.036594   0.5366112
 1.7157598  17.036259    0.53449154
 1.5180672 16.953392   0.5827671
1.929408   8.689237   0.32743648
1.9292005 8.691253  0.3285776
1.9286649 8.692881  0.3302842
1.773955 8.676121 0.375043
-0.05825077 15.34375     1.8938683 
-0.05815708 15.344068    1.8943815 
-0.05862893 15.343804    1.8951074 
-0.2569977 15.412885   1.9942147
 1.386552  12.5734215  2.9764054
 1.3867004 12.572317   2.9767165
 1.386941  12.572683   2.9762547
 1.2044283 12.523595   3.0459483
-1.6892767 10.165523  -0.5467211
-1.6896365  10.165345   -0.54684836
-1.6897161  10.1649275  -0.54675215
-1.8715665  10.284794   -0.52313656
3.1552606 9.144773  2.8479512
3.1552932 9.145701  2.8489635
3.1556983 9.143736  2.8470743
3.004277  9.233128  2.6767287
 0.5926099  9.323753  -0.2134926
 0.5931264   9.325778   -0.21460274
 0.59403837  9.325287   -0.21493056
 0.6050606   9.499636   -0.21910533
-1.4502643  4.3248243 -0.0312011
-1.4500026   4.3243017  -0.03050019
-1.4492853   4.3239775  -0.03109759
-1.6336336   4.373663   -0.15749355
 0.09673323  8.149464   -1.6970626 
 0.01682767  8.174113   -1.8565516 
 0.08548929  8.188254   -1.9087945 
-0.01477918  8.030816   -1.6056154 
 2.969009  11.150529  -1.3556565
 2.9682682 11.151046  -1.3548547
 2.9690042 11.152125  -1.3547294
 2.7870347 11.206234  -1.2719301
 1.1107192 15.17659   -0.5068642
 1.1113863  15.17719    -0.50723034
 1.1099107 15.179177  -0.5063188
 0.9064597  15.222739   -0.48022982
 2.526712   10.886498   -0.47493604
 2.5250182  10.88748    -0.47494808
 2.5249777  10.888553   -0.47522604
 2.326737   10.912515   -0.39631146
-2.746977   10.387065   -0.34086898
-2.7483675  10.387846   -0.34009147
-2.748008   10.388536   -0.33913717
-2.8276708  10.311386   -0.37121812
-0.04978122  2.2573519   0.18300925
-0.04880898  2.2573745   0.18273336
-0.04862003  2.261924    0.1833621 
-0.0398507   2.4929302   0.18988642
0.6390102 3.7881794 2.1513395
0.63863105 3.7874227  2.1510332 
0.6391555 3.7867103 2.1506262
0.5532436 3.7449772 2.2626264
 1.2955271 12.058351   1.6816795
 1.2951326 12.058876   1.6819704
 1.2954574 12.058197   1.681315 
 1.1099603 12.111339   1.7847453
 0.692447   1.2789    -0.9168769
 0.6921115   1.2783934  -0.91749203
 0.69195616  1.2774771  -0.91796714
 0.52077043  1.248165   -0.83158493
 0.31254017  1.3295285  -2.1692786 
 0.31243527  1.3299491  -2.169458  
 0.3121196  1.3306733 -2.1686454
 0.2087188  1.331063  -1.9925171
 0.4151132   5.15088    -0.23621236
 0.36295718  5.419581   -0.22478247
 0.4874132   5.53127    -0.24113284
 0.37278253  5.7208157  -0.16377357
 0.4629897   2.0550501  -0.07820572
 0.46239933  2.055477   -0.07929272
 0.46160713  2.0565224  -0.07832272
 0.46841496  2.297973   -0.07102003
-0.13199124  1.7394446   0.0416379 
-0.13119139  1.7406329   0.04046058
-0.13257474  1.7412294   0.04097292
-0.10274845  1.974108    0.03035302
 0.15898567  0.4159356  -0.11271963
 0.1589152   0.41544762 -0.11296234
 0.1593753   0.4171696  -0.11184032
 0.1708815   0.6582891  -0.12524651
 1.559901 12.059349  3.696481
 1.5595818 12.056942   3.6949997
 1.5622869 12.061168   3.692851 
 1.5084908 12.297514   3.6898713
 0.5433474 11.729178   0.0996462
 0.542724   11.729097    0.09957394
 0.5414613  11.728894    0.09802929
 0.43938547 11.8796215   0.09741937
 1.4714144  10.7065935  -0.92725194
 1.4716622  10.706818   -0.92723083
 1.4719521  10.706432   -0.92748815
 1.3316797 10.557722  -0.7810637
-0.7019577   9.877754    0.13617887
-0.7018398   9.877692    0.13593732
-0.7019529   9.877607    0.13641962
-0.89350474 10.000768    0.14427462
 0.05297665 14.530125    0.526425  
 0.05281058 14.53068     0.526701  
 0.0522131 14.5307255  0.5275182
-1.0280307e-02  1.4695256e+01  6.9943154e-01
 0.19604214 17.624977   -0.35785615
 0.19668542 17.625486   -0.35794234
 0.19778486 17.624609   -0.35946614
 0.0289102  17.759512   -0.30819666
-1.776307   4.5216465 -0.4582326
-1.7766829  4.5207024 -0.4579324
-1.7761195  4.5209656 -0.4586683
-2.0003326  4.5053735 -0.4634051
 0.26464185 12.395641   -0.6141966 
 0.26508635 12.395194   -0.6151595 
 0.26559645 12.395116   -0.6154074 
 0.0940945  12.539755   -0.61337805
 0.76702154  8.190562   -2.376852  
 0.7672475  8.186713  -2.3877335
 0.76438713  8.18881    -2.3909316 
 0.65237504  8.34988    -2.2307007 
-2.0665674 13.263099  -1.8511492
-2.068034  13.2640295 -1.8511072
-2.0665553 13.264441  -1.8518614
-2.0839288 13.234278  -1.8378167
 1.361246   16.930044    0.88608664
 1.3618193  16.928843    0.88555294
 1.3616421  16.928036    0.88382846
 1.3101951  16.878387    0.82394004
-0.7372817  13.102419   -0.57078254
-0.73662066 13.102155   -0.5709957 
-0.73572844 13.101724   -0.572188  
-0.9122261 13.163459  -0.6669799
1.1995090e+00 1.8668499e+01 1.7130015e-02
1.1999557e+00 1.8668802e+01 1.8558141e-02
 1.1971781  18.670362    0.02188105
 1.1529081  18.858387    0.10494658
 0.40089306 17.464779    0.13881221
 0.40195465 17.465097    0.13841596
 0.4011753  17.464447    0.13885324
 0.2677511 17.602827   0.0533198
 2.089821   17.25552     0.90346676
 2.0896633 17.254253   0.9021647
 2.090004  17.25555    0.9026086
 1.900657  17.274723   0.8875247
 0.2634096  2.4269028 -0.3114694
 0.26549473  2.5749612  -0.31814578
 0.26953638  2.6045537  -0.3276469 
 0.29291713  2.8725398  -0.3209343 
 0.45496026 14.161834    0.36618513
 0.45533642 14.162097    0.3664624 
 0.453977   14.162568    0.36621225
 0.3336339  14.329056    0.45752138
 0.89826673 14.951695   -0.2523817 
 0.89871264 14.9511795  -0.25239658
 0.89817613 14.95158    -0.25196168
 0.76396996 15.032913   -0.26514304
 1.811631   13.30536    -0.18514882
 1.8109636  13.306244   -0.18458469
 1.8103226  13.304779   -0.18531229
 1.6017723  13.176163   -0.13213849
1.2595941 3.706677  2.8678434
1.2592496 3.7060015 2.8672073
1.2597148 3.7051015 2.8647575
1.1354836 3.8447576 2.9256468
 0.5982126  10.520557    0.18947992
 0.5978285  10.520275    0.18966421
 0.6003508  10.520493    0.19151701
 0.57511544 10.683384    0.26682994
 1.6284328  11.340039    0.51302326
 1.6280091 11.339887   0.513327 
 1.626223  11.339274   0.5128925
 1.4441204 11.322216   0.5935911
-1.0253901  7.251762   0.9896757
-1.0269015  7.2518544  0.9898214
-1.0267159  7.2525373  0.9914588
-1.1778263  7.2866836  1.1346383
 0.711445  15.870262  -1.4514399
 0.71085536 15.87175    -1.4506661 
 0.7102382 15.869856  -1.4507629
 0.6319931 15.77845   -1.2194489
 0.6076636  1.2979667 -1.4823699
 0.60764635  1.2974718  -1.4827445 
 0.608113   1.2979943 -1.4827379
 0.4434228  1.3078392 -1.3677523
 0.08526907  1.2548609  -1.8559843 
 0.08573927  1.2555252  -1.8557711 
 0.08542608  1.2551991  -1.8550063 
 0.04662287  1.2937647  -1.6700511 
-0.06686731  2.661579    0.4061032 
-0.06689972  2.6597242   0.40537202
-0.06756402  2.6614013   0.40740973
-0.0710946   2.8035817   0.49591118
 0.9475906  11.315007   -0.04171929
 0.94700986 11.437252   -0.04851915
 0.9454629  11.43584    -0.05092172
 0.89745456 11.6546755  -0.05575433
 0.0059203  1.0172265 -0.1421575
 0.00621308  1.0192326  -0.14392874
 0.0065735   1.020775   -0.14297067
 0.00970706  1.2502979  -0.14649807
 1.5520403  10.582369   -0.51181847
 1.552177  10.582862  -0.5115875
 1.5518211 10.582283  -0.5109449
 1.4244891  10.424404   -0.42795742
0.5772904 3.6142747 1.6725069
0.5766198 3.6140332 1.6720554
0.57723254 3.613968   1.671879  
0.44298166 3.6306891  1.7727393 
0.9345509  9.4397745  0.16704687
0.93538576 9.439186   0.16737573
0.93436164 9.440497   0.16529527
0.8613775  9.494923   0.14390753
-2.3609214  4.372406  -0.5507295
-2.3611462  4.37115   -0.5508118
-2.3616288  4.372726  -0.5492139
-2.433121   4.330269  -0.5881796
0.841083  3.8525572 2.4234626
0.84031945 3.8524692  2.4234495 
0.84088844 3.8526547  2.423839  
0.6919738 3.8101125 2.519976 
 2.5727787 11.254452  -1.138696 
 2.5729973 11.254402  -1.1385026
 2.5728056 11.255281  -1.1389822
 2.363501  11.183593  -1.0461724
0.8723612  8.37514    0.69321567
0.87089586 8.372969   0.69424444
0.87245125 8.364796   0.6880188 
0.73374254 8.282516   0.73004115
1.0886419 8.530263  0.9192522
1.0886698 8.52954   0.918456 
1.0895969  8.52974    0.91784483
0.9228921 8.45688   0.9655562
 0.9926675  14.656455   -0.10087115
 0.9938276  14.657369   -0.10163224
 0.99240196 14.659331   -0.10139866
 0.89207137 14.734178   -0.10666139
 1.0999181 11.132642   0.5722774
 1.0999798 11.132431   0.5715287
 1.1002413 11.13179    0.571651 
 0.9475882 11.16278    0.6496738
-0.36630386 13.002023   -0.9573704 
-0.3665286  13.002086   -0.95771545
-0.36624548 13.000942   -0.9587501 
-0.5726453  13.121669   -0.92841035
-1.485121   7.281202   1.4259917
-1.4866844  7.281547   1.4253212
-1.4861019  7.282459   1.4289837
-1.5598694  7.259807   1.5274978
-1.5481727 13.165486  -1.699232 
-1.5490173 13.16633   -1.6985145
-1.5485133 13.165693  -1.7005528
-1.7269945 13.29284   -1.7053744
1.939106  9.15918   1.8989209
1.9387746 9.15941   1.899899 
1.938438  9.160207  1.8991189
1.7956908 9.126074  1.788194 
2.3655505 9.411571  2.0669796
2.3655632 9.411156  2.0668907
2.3652647 9.411352  2.0659668
2.1762404 9.311732  2.00058  
 1.6933668 12.185885   3.0706677
 1.6833401 12.083289   3.0710976
 1.7045455 12.127181   3.0373557
 1.5973247 12.380522   3.0977566
-1.8582658   4.29103    -0.79520714
-1.8587946  4.2898326 -0.7954882
-1.8582739   4.2894745  -0.79586047
-2.035558   4.3917475 -0.7970771
1.1769674 3.749268  3.354012 
1.1775697 3.7498338 3.3539135
1.1777226 3.7494555 3.3522482
1.0491052 3.786692  3.3566582
 2.6510267 11.175562  -0.6354036
 2.6506658 11.175726  -0.6354283
 2.6508424 11.174613  -0.6354822
 2.4451325  11.081205   -0.55573285
 1.9954674  10.809392   -0.37019157
 1.9947077  10.810641   -0.36969116
 1.9951559  10.808952   -0.36919856
 1.8093302 10.669338  -0.3390186
 1.6673232  13.349425   -0.45341554
 1.6666197  13.350042   -0.45298028
 1.6665441  13.348911   -0.45302492
 1.4885907  13.21519    -0.35411716
0.8065659  2.7206397  0.11200208
0.81079704 2.7300227  0.10908881
0.80984855 2.7255988  0.1015994 
0.6503541  2.739791   0.12463675
 0.23797348  1.3062502  -1.0629996 
 0.06489755  1.3095827  -1.2423629 
 0.25996703  1.301577   -1.3107485 
-0.02728343  1.2949525  -1.0518854 
 0.28113753 12.228999   -0.33768958
 0.28164786 12.228232   -0.33855736
 0.28152132 12.22785    -0.33878604
 0.13757113 12.364781   -0.3200922 
0.7098922 3.5529118 2.8804262
0.70954084 3.5518527  2.8801103 
0.70831835 3.553765   2.8803594 
0.7265323 3.5990775 2.8908238
 1.9792198 13.35885   -0.8157859
 1.9786999 13.359048  -0.8153818
 1.9794965 13.359055  -0.8154321
 1.8143278 13.376714  -0.7185688
 0.12623169  1.5933229  -0.2776563 
 0.12486632  1.6229428  -0.27966967
 0.12469953  1.623501   -0.27806586
 0.14608309  1.8692157  -0.2774096 
 0.5836854  8.358935  -3.1341472
 0.58274204  8.358609   -3.1348505 
 0.58438194  8.357794   -3.1361122 
 0.5219857  8.477126  -2.9694242
 0.6318951   0.94437706 -2.7869434 
 0.6337457   0.94385546 -2.7860386 
 0.6340798  0.9414974 -2.7855577
 0.5398907  1.0360788 -2.6205204
 1.2677251  16.58477     0.43619794
 1.2675682 16.584158   0.4359014
 1.269349   16.583008    0.43459997
 1.1484147  16.543966    0.52450246
1.9202198 8.91735   0.7850423
1.9199454  8.917996   0.78525025
1.9195772 8.918212  0.7853708
1.735671  8.88589   0.8785806
-1.0666891  10.088616    0.15934779
-1.0663943  10.089054    0.15930668
-1.06598    10.088179    0.15932083
-1.27158    10.203924    0.13243017
 3.0649705 11.044364  -0.8688097
 3.0636306  11.043958   -0.86921436
 3.0649445 11.044398  -0.8705871
 2.8901455 11.143022  -0.7759442
-0.15958804  1.2328173   0.04807032
-0.1592405   1.2339232   0.04782658
-0.1603477   1.2336836   0.04718831
-0.14893226  1.4386079   0.03478374
 1.1946293  19.124664    0.23550922
 1.1947721  19.124607    0.23527996
 1.1944506  19.123886    0.23671895
 1.0902314 19.25877    0.3418541
 1.686354 11.919896  1.563266
 1.6857026 11.92001    1.5630984
 1.6843758 11.920017   1.562139 
 1.512325  12.011009   1.6130558
 0.7401912  17.076246   -0.07069709
 0.74099636 17.07547    -0.07103051
 0.74098873 17.074263   -0.07083695
 0.6055464  17.242859   -0.06776944
 0.93531674 11.263618    0.76204467
 0.93490267 11.262663    0.7612622 
 0.93465877 11.263709    0.7618156 
 0.7747764 11.333643   0.8638487
 1.0769632 10.265512  -0.5874396
 1.0776622 10.265377  -0.5872841
 1.0771408 10.265492  -0.5864939
 0.97086453 10.116203   -0.49061355
 1.1142582 12.372153   2.374939 
 1.1136456 12.372411   2.3753104
 1.1137732 12.372651   2.3743389
 0.9518175 12.367823   2.4757743
 1.3338201 13.13684   -0.3925558
 1.3334082  13.137381   -0.39217502
 1.3333895  13.13596    -0.39299288
 1.1761726  12.960845   -0.28007835
0.502159  8.725279  0.3623789
0.50377065 8.725532   0.36208078
0.5025394 8.724876  0.3606729
0.43892002 8.853515   0.3524609 
-0.68376166  9.871368   -0.2643697 
-0.68344706  9.8714485  -0.26451603
-0.68353283  9.87119    -0.2644877 
-0.87829673 10.010526   -0.23254524
 0.77928054 14.030818    0.4103122 
 0.78013504 14.031009    0.41051662
 0.7802382  14.030797    0.40992853
 0.6722286  14.175809    0.47051904
 0.7990432   9.741723   -0.30929005
 0.79911387  9.742168   -0.30881277
 0.7990841  9.741841  -0.308577 
 0.7611553  9.717308  -0.2869772
 0.53542763 11.009178    0.59591085
 0.5348937 11.008359   0.5957444
 0.5348323  11.008323    0.59561163
 0.48062545 11.153891    0.7246705 
 0.9797676  13.556529    0.11881892
 0.9802739  13.557115    0.11955734
 0.97813505 13.554579    0.12011944
 0.8881698 13.677565   0.2070404
 0.25625333  1.1909406  -0.70112395
 0.2562909   1.191199   -0.70110536
 0.25620738  1.1902918  -0.7004344 
 0.09374936  1.12047    -0.5993979 
 1.3337094  17.905537   -0.02679177
 1.3343158  17.905146   -0.02711246
 1.3335401  17.905996   -0.02737937
 1.2293805  17.778599   -0.04191217
 0.34958497 15.063031    1.4952347 
 0.3499384 15.063255   1.4956304
 0.34935796 15.06211     1.495801  
 0.16630785 15.163893    1.568443  
 1.3351344  10.407451   -0.49930853
 1.3358341  10.407707   -0.49896455
 1.3357115  10.407702   -0.49825835
 1.2072344  10.2588215  -0.42792588
0.6378656  9.070703   0.23544697
0.6375415  9.072095   0.23520203
0.63751435 9.070568   0.23327716
0.62315965 9.229508   0.20605677
-0.52899826 12.929514   -0.3956817 
-0.52830064 12.929023   -0.3960328 
-0.527529   12.928765   -0.39726612
-0.70256025 13.045141   -0.4734467 
 1.5375276 12.29704    3.5562963
 1.5378469 12.297484   3.5566628
 1.5395724 12.29698    3.5570223
 1.4407476 12.412253   3.5825388
 4.3639555  6.3615613 -0.7488375
 4.364155   6.3617625 -0.7505263
 4.3659973   6.3599663  -0.74833924
 4.057435   6.480397  -0.7289707
-0.0234985 15.221689   2.162878 
-0.02282946 15.222128    2.1630387 
-0.02203032 15.221641    2.1624014 
-0.20392655 15.337834    2.2351544 
-0.34599224 17.913057   -0.25313494
-0.3458892 17.912455  -0.2537634
-0.34462306 17.91313    -0.2534314 
-0.39038214 17.868437   -0.24351153
 0.24972895  2.1756659  -0.22041625
 0.25055134  2.1765313  -0.22194244
 0.2503545   2.1778262  -0.21977435
 0.25752604  2.3866537  -0.22181575
-0.8815463  7.202592   1.3954362
-0.8819073  7.2030864  1.3956746
-0.8824718  7.2028947  1.3973402
-1.0708807  7.265267   1.4445773
-0.2754803   9.516533   -0.12849675
-0.27512643  9.51594    -0.12899451
-0.27590114  9.515613   -0.12869588
-0.43457294  9.661797   -0.09861503
0.8201294 3.7407894 3.0537112
0.8197958 3.7406554 3.0543704
0.81901866 3.7412846  3.0544262 
0.7996816 3.6502194 3.0803251
2.2672243 9.2671    1.3313413
2.2669399 9.266908  1.3311236
2.2670968 9.267627  1.3301861
2.0370512 9.23286   1.3879616
 0.76460147 10.728846   -0.15878785
 0.7689432  10.769893   -0.16210903
 0.7692628  10.776561   -0.16145836
 0.77469546 11.046959   -0.14155999
