-0.16357389 17.670326   -0.21990842
 0.03495999  0.00269013 -0.06329139
3.4154377 9.073126  3.056503 
 0.4105656  8.183652  -3.7775776
-1.8212426  7.1305904  1.7094105
 2.900155  13.31381   -0.9564438
1.1353447 3.497536  3.9052935
-2.3078048 13.100801  -2.030773 
 5.2826743  6.0983777 -0.5474253
-2.7342782   4.178638   -0.91175497
-1.124735 15.111162  3.098198
0.5243805  9.864059   0.07655175
 0.92891693  4.9691625  -0.13663678
 1.4317698 12.300293   3.970098 
-3.0381124 10.064094  -0.3633316
 2.522251 17.314356  1.731073
 0.15621547 14.317813    0.32218635
 0.67974013  0.7609764  -3.0223703 
1.1339883e+00 2.0318287e+01 2.0248964e-03
 0.6525547 15.702282  -2.0971065
-0.073608    2.5899444   0.11100481
 0.8908564  7.6374755 -1.1905799
 1.6976645 11.80417    1.3043245
 3.7916496 11.059296  -1.487112 
 0.5131258  12.183103   -0.70348346
2.87533   6.4053955 0.0209763
1.2459444 3.5243843 1.6576893
2.3623781 9.128797  1.0838554
-0.4667994  6.6473026  0.4392547
 1.3253243  16.19687    -0.12391841
 1.743556  18.369028  -0.4093469
-1.1308185  4.2974005 -0.0240358
 2.2801692  10.7896     -0.29892665
 0.5680437  1.2755564 -1.2472781
-1.3122165 10.071478   0.3074526
0.6381228 8.239491  0.8718896
-1.0354432  13.109459   -0.64520866
 0.2677906 15.026202   1.9515927
 0.85704875 12.350681    2.4934726 
 0.31331724 11.211002    0.78279126
 1.5339007  13.179699   -0.19638103
-0.01239892  8.145971   -2.1661549 
 0.72431964  6.7103887  -0.18065518
-1.0749834  7.378603   1.3070214
 1.9076862  5.903687  -0.7154806
0.29944217 1.2865007  0.2034291 
 1.1942078  14.88463    -0.28497922
 1.6047016  17.145817    0.82650036
 0.7576054 19.529787   0.9417248
 4.1366653  6.5437765 -0.212221 
 0.5144295   3.6792068  -0.11821291
0.03976874 3.2825794  1.1560035 
 1.2022295  10.451495   -0.78528786
0.77627146 3.823555   2.794534  
2.7594025 9.513808  2.151525 
1.6177063  8.5370655  0.28450134
-0.63814545  9.7518015  -0.59655184
 0.3599614   8.812041   -0.41116032
 1.0868956 14.484075   0.9378999
 1.3917221  11.163046    0.43811667
 2.6791897 11.019279  -1.3500938
-2.0156984  4.5003757 -0.659811 
 0.5177745  15.5453205  -0.84214944
0.50008696 6.028035   0.645339  
 0.13259228  1.0797573  -2.0971024 
 0.18414557 12.214968    0.3306539 
-1.9816667  10.29314    -0.51713896
 9.3742925e-01  1.7278257e+01 -8.7200683e-03
 0.6570972 11.8641815  1.5553303
-0.04075271  7.6482625  -0.8466805 
-0.24779321 14.971738    1.0278625 
 1.5333648 10.162763   0.1853732
-0.20211117  1.4040022  -0.7065196 
 0.9526901  18.847784    0.06107605
-0.6579001 15.41526    2.2257946
1.5039912 8.957774  1.5900422
-1.3458164 13.341139  -1.5715016
-0.1568417 12.824273  -1.0708317
 1.7780416 12.047173   2.3009098
 0.64809036 11.440508   -0.09511667
 0.67017037  8.348727   -2.7968547 
0.30045092 9.059011   0.52538097
 0.44406867  7.9064007  -0.12086337
-0.45542532  9.693865    0.38378656
0.80105937 2.6519663  0.39166954
 0.9174006  13.816479    0.28957188
 0.14881846  5.395568   -0.04288069
0.22833398 4.5272646  0.20024608
1.7124456 5.715173  0.0816292
-0.445889   12.739502   -0.08965777
9.8657101e-01 1.2410652e+01 1.1421276e-02
0.4252728 3.6505156 1.9322195
 2.767577   6.458196  -0.7518136
 2.138001  13.389437  -0.7239251
-0.24695298  3.7981064  -0.47772062
 1.6027924 12.348529   3.050034 
 0.8705492  10.618083    0.09656577
 0.82517904  8.166526   -2.0382216 
 0.27443096  1.9056876  -0.2834156 
 1.9350977 10.869187  -1.1366144
-0.1558908   3.6903636   0.29422572
 0.5050993  1.1771232 -0.5653328
 0.93400854 16.328457    0.53268576
 1.1135927  18.066397   -0.08793511
 2.7335792 13.201891  -0.9609987
1.3771816 3.5362365 2.4061058
1.0773139 3.2619376 0.9782802
-0.07104547  0.7234725  -0.17287414
 0.51476264 14.849082    1.195245  
-0.08988726  9.3123865  -0.15294504
2.126504  9.321255  1.7363536
 0.73629016 13.213371   -0.05202196
 0.9516387  11.47365     0.97502744
0.6734233  8.507268   0.21027108
-0.14978488  6.047827    0.04676603
 0.65885043  1.1250802  -2.1948535 
0.05110468 6.57169    0.893553  
-0.4672146  7.037418   1.4342631
 0.89747477 15.634678   -1.4321741 
 0.8823859   7.2030315  -0.69969213
 0.9925596  15.583659   -0.03209083
3.208686  9.028286  2.3799207
-0.02503664  7.1283045  -0.3441704 
 4.609631   6.15595   -0.7216172
1.2584615 3.5182247 3.1897657
-1.0989106   4.330223   -0.70738316
 3.2454457 11.218784  -1.0151676
 0.86968255  9.133502   -0.08126982
 1.1668984  19.640285   -0.06882039
 1.261064    5.5062156  -0.77447283
 1.5311855  16.716066    0.26368174
-1.334882  10.09522   -0.5710206
 1.9291326 17.364725   1.1632977
1.4979888  8.759992   0.91111636
-0.1042634  1.2992463 -1.3553511
-1.978296   10.169863    0.14433303
-0.29424447 15.315261    1.6795875 
-1.660079   7.2450476  1.6811795
-0.6879175 13.143896  -1.3004563
 0.7365056  9.978542  -0.5329811
1.1923299  5.2203393  0.38710526
-1.7961076  4.253284  -0.0987028
 0.7235308  5.1271973 -0.7039679
 2.2207983 17.350153   1.1631445
2.1301415 8.794821  0.5553181
 2.3692055 11.206108  -0.823298 
 1.1820215 12.213366   1.970516 
0.37888265 3.172303   0.22980887
2.7631643 9.114288  1.5631233
 0.60258687  5.804515   -0.13567048
 1.0583161   7.9800944  -0.10836396
 0.62351394 15.107859   -0.21752515
-0.9554155   6.989422    0.87049615
 1.1023669 19.307585   0.4334064
0.03956673 1.9652418  0.27065518
-0.8660171  10.0072975  -0.09714241
 0.08790234 12.445941   -0.3644961 
 1.7192622  10.572038   -0.26125914
1.0974888  9.6908245  0.13699047
-0.15035626 15.09615     2.3756297 
-2.517419   10.271166   -0.15662192
 0.41466394 17.5194     -0.16323522
 0.21432826  7.9723754  -1.2840892 
 0.12661943  8.152552   -2.934093  
-0.0782376   2.8777878   0.62860125
 0.7498233  1.2320014 -1.7670215
1.1508538  8.355265   0.59453315
 1.6981081 13.31993   -0.7433273
-2.6071496   4.224775   -0.70192796
9.7497106e-01 1.6633999e+01 5.3912252e-03
 0.4738299   2.4240668  -0.15018198
-0.13781857  1.467436   -0.11597041
 0.88937366 14.295481   -0.0171295 
 0.21904984  1.298223   -1.7774235 
 1.0377384 12.329734   3.1041183
 1.0182974 13.040457  -0.5118536
-1.4748765 13.125762  -1.0014452
-1.9453958 13.135984  -1.5969439
 0.70710546 14.244754    0.57920235
 0.80976486 11.068167    0.5897718 
0.7406566 3.5162728 1.4390692
 1.0333095 15.409092  -0.709465 
-0.6001931   3.9800787   0.24861862
 0.4456043  11.946085   -0.13547851
0.98977596 3.8341696  2.163507  
 2.842601   10.962824   -0.70628065
 0.49395964  7.374441   -0.21351631
 3.703515   6.4220705 -0.5043692
 0.39309105  8.474454   -3.32317   
 1.1752653 11.88896    1.4427902
 2.0625942  13.421109   -0.37306732
 0.6778243 12.095031   2.0599897
2.3109038 9.135266  2.1923165
-0.57199115 15.118076    2.6852663 
 0.4018646  0.7304491 -2.5979078
0.44882113 3.1262715  0.8841422 
 1.6454844 12.067264   1.8046672
 0.46359205  4.375626   -0.22880271
 0.29717955 14.587163    0.7325847 
-0.3850175 12.948651  -0.6334294
 1.198613  16.706259   0.7446697
 1.5762442 11.497635   0.77135  
 1.2154192  10.191475   -0.35134506
 1.4351046 12.436629   2.5855076
 0.23280922  6.6908846  -0.09221085
 4.664043    6.5566854  -0.43516654
 0.08326117  3.4544373  -0.19510329
0.65689766 5.340183   0.04631314
-0.07194789  9.4080105   0.4994847 
 2.4807112 13.391182  -0.6583981
1.8782588 9.0319605 1.0472463
 2.0303137  17.04098     0.61465776
2.1343565 5.9488688 0.2497254
0.745435   4.7711124  0.26491708
 0.05207928  9.236785   -0.6066835 
2.7731798 9.137136  2.5511236
-1.4496682  10.412621   -0.23180991
 1.1566957 12.204701   3.5503392
0.44862935 4.102864   0.189461  
-0.49905705  9.705096   -0.12213781
-0.61775064  4.069663   -0.51465756
 0.7105169  6.2617903 -0.0298536
0.4559618  9.3026705  0.07273576
 0.51346296 10.759059    0.3894265 
0.56385523 7.0304728  0.12653723
 0.17374147  4.9307194  -0.12030691
-0.07453913  0.9977058   0.20722277
0.2814723  6.0784388  0.22607926
0.54835194 3.652482   2.4228415 
-1.5565449  4.3548    -0.7405212
3.1699932 9.401194  2.65691  
3.021651  9.040665  1.9426522
 0.30647463  0.99105096 -0.15858728
 0.15802437  8.388659   -2.5389924 
0.31956854 2.3333933  0.274626  
0.2687433 3.4863179 1.5305154
-1.0123636 13.3497715 -1.0378946
 1.1178544  19.975155   -0.38130912
 0.8542236 16.919943  -0.334591 
 1.7060598 10.806962  -0.7445972
 0.3654411  8.359377  -2.0792353
1.1675098 8.705228  1.2229264
 0.02793803  2.3374887  -0.25507778
 0.5111604   9.608893   -0.38893315
 2.824838  11.386934  -1.0498502
 0.9300477  11.741439    0.09762174
 0.49369827 13.930216    0.17079659
-0.5919398  17.788353   -0.28451672
 0.78158087  0.903318   -2.289998  
 0.86918    10.167716    0.07903828
 1.0266211 16.024567   0.2149446
 1.2770206  12.892406    0.03260702
 0.8276199  11.039296   -0.16272062
0.6806264  7.9798784  0.51072514
 0.11505859 15.196932    1.5663289 
0.36061168 8.803234   0.13012725
-0.03038028  0.42211467  0.1382081 
 0.34696284  1.3205911  -1.6347369 
 0.7293694  14.693243    0.03158295
 0.5438166 11.509512   1.1104276
 1.618302 12.110256  3.38012 
-0.042305    3.0144627   0.17078078
 1.3366265 13.147981  -0.3821893
 0.18795161  4.050627   -0.21791558
 1.8591741  18.579987   -0.76074314
 0.3095145  12.494221   -0.91213596
-0.27750295  9.525514   -0.59940904
-0.9530654 15.306132   2.6958587
-1.5027883   4.4555135  -0.32744363
-0.9258445  9.924245   0.3955716
0.24361464 2.7484803  0.33902812
 1.3577068 12.52474    3.3438392
1.1552207 3.8513558 2.613469 
-2.1612532   4.2708936  -0.33879083
 0.33781826  1.4504929  -0.18052405
 0.7875794   8.652844   -0.16617435
-0.69246364  7.222925    1.0696067 
 1.3528876 11.647143   1.0894984
 4.287845   6.585703  -0.6050536
-0.63959825 15.145482    1.9154152 
 0.5099717 15.638248  -1.2934605
 1.8143045 17.289692   1.193968 
 0.4022309  1.2669685 -1.0431551
0.36437637 5.122171   0.2306493 
 1.2411782  10.788094    0.12601574
0.9654852 3.5152137 3.5343714
0.3741296 3.6260884 0.260251 
-2.484377   10.520019   -0.47501364
-0.08563557 14.726915    0.7250854 
 4.689755    6.186507   -0.28185865
 1.2662346  16.383043    0.22736745
-0.028301   12.445917    0.07978167
0.5271081  6.5967546  0.16103864
 3.3478937 11.149579  -1.3930278
0.5343491  5.663917   0.24197708
-0.6643977 13.177855  -0.90709  
 0.44899294  8.453475   -0.12706831
0.8438982 8.519512  1.0917304
-1.0252721 13.052675  -1.4837806
2.4923582 9.452806  1.8024939
 0.80981284 15.723275   -1.0355582 
-4.4404110e-04  1.2676632e+01 -7.4241900e-01
-1.6911676 13.270891  -1.3310988
1.0782535 3.8824265 3.036215 
 0.62488776 15.371558   -0.50894004
 0.80092347  0.7440345  -2.6627254 
 0.49330384  1.1047169  -2.5460324 
 1.7422998 12.113465   2.7728376
 2.2840436 11.033238  -1.1896018
 1.0957905  17.631142   -0.04367836
1.7449057  8.737996   0.59211975
 1.167098  14.226857   0.6591716
1.8125322 9.188411  1.5504372
0.2542026  0.7213664  0.11229607
 0.83689654  9.514774   -0.13408788
 0.6591978 11.891611  -0.498651 
 0.11877017  1.1252275  -0.465727  
 0.9241105  12.723255   -0.19896284
 0.6699407  10.407333   -0.14946692
0.9003354 3.6995208 1.8208635
1.2963322 3.583507  2.028579 
-2.3107252 10.108527  -0.5332318
 0.36658248  6.177206   -0.16152035
-1.845956   10.452055   -0.20320322
-0.0857297   1.994866   -0.14621845
0.1260512  9.096684   0.10302144
 0.6285722 14.868687   1.5519122
 0.8848531  16.91161     0.23737606
 0.66515523 12.14411    -0.01348307
-1.3205109  7.1128936  1.6062269
 0.7692714 15.779925  -1.7533237
 0.58459455  8.431649   -2.4454892 
-0.96971655 10.046095   -0.45109576
-0.03073525  2.7874227  -0.20009106
-0.4235469 15.074503   1.4305066
-1.2593592  7.1155214  1.1315918
 0.18121535 14.876573    1.0403445 
 0.8359259  19.172651    0.21872681
0.0392211  1.5340332  0.28397933
0.43490577 1.737923   0.02604658
1.5423619 8.950275  1.2268537
 0.7188891  11.1391945   0.17119658
 5.0218954  6.354445  -0.5347656
 1.3812265  18.374718   -0.43361434
 0.9180825 12.164219   2.8059883
 0.54725707  8.168958   -3.4363413 
-2.2912736   4.325766   -0.83958405
 0.7023053  14.49717     0.83325565
0.5493142  7.5244856  0.10593522
3.077182  9.329762  2.2401834
 0.94258416 12.0564575   1.7576956 
 0.04695781  1.2703608  -1.0293055 
 0.4794307   9.0088825  -0.13958377
-0.34411258 15.471619    2.0685666 
 0.8574842 19.514853   0.5785461
0.467005  3.3278348 1.1731143
 1.2227837  13.96103     0.43618655
 0.81683916 10.240832   -0.75219005
-1.318995  13.46452   -1.2449166
2.33895  8.902345 0.812647
 1.5364796 12.280788   2.212865 
 1.0205866   9.841187   -0.16627747
 0.38434973  3.2869086  -0.21123822
0.8203192  8.880389   0.14823958
 0.59804785 10.843825    0.04138537
 0.80727166 11.938184   -0.15919946
1.2906281e+00 1.0005379e+01 2.7474267e-03
 4.3722363  6.2937546 -0.2017665
0.52008873 2.6404078  0.11198743
 0.7175324  13.645041    0.07289193
-1.489003   10.264753    0.08961907
-0.17010936 12.663768   -0.32604465
 0.5946384  17.286386   -0.33143237
0.06692124 3.0817657  0.8846468 
 0.7090893 10.008294  -0.1714704
 0.38241032 11.959902    0.23869322
 0.09146935 17.738127   -0.03657144
 1.9838785 10.989434  -0.7880376
-0.4526977 15.371941   2.48585  
 1.5426632  18.227808   -0.18158439
0.43637866 2.9269998  0.6172705 
 0.62855273 17.257574    0.11533175
 2.2689745 17.394081   1.5311761
 1.4915951  10.339311   -0.18966766
-9.4186030e-03  1.5078010e+01  1.2822448e+00
 0.910171  11.680332   1.2312151
-0.19195598 15.2073145   1.7171957 
 0.1255116  9.082792  -0.2550219
2.8308527 9.324822  1.8087133
 0.3866635  8.555733  -2.7072248
 1.1120288 12.474701   2.817512 
0.09413297 4.246726   0.09241125
 0.2861954  8.432047  -2.9936986
 0.22660811  0.93817914 -2.3765318 
2.5152488 9.293483  1.4481201
-1.2068243  10.198996   -0.27604288
 0.9239447 12.273669   2.178383 
 1.4236305 12.497416   3.7101529
 1.7140903  17.036774    0.53660995
1.9288529  8.690889   0.32805228
-0.05812772 15.343692    1.8941039 
 1.3869995 12.572521   2.9767725
-1.6900287 10.165668  -0.5466557
3.1541183 9.146094  2.8488433
 0.5930525   9.325923   -0.21456477
-1.4504467   4.3241034  -0.03062734
 0.0160922  8.169368  -1.8588413
 2.968401  11.150542  -1.3552419
 1.1108427  15.176649   -0.50683016
 2.5253983  10.887335   -0.47515067
-2.7489474 10.388254  -0.3402132
-0.0490118   2.2570014   0.18257768
0.6392004 3.787491  2.1512606
 1.295238  12.058509   1.6818165
 0.69173825  1.2784706  -0.9167616 
 0.311721   1.3293377 -2.169153 
 0.3943144   5.4408727  -0.23529644
 0.46236354  2.0552895  -0.07896167
-0.13166505  1.7402502   0.04045661
 0.15876126  0.41651142 -0.11301663
 1.5594121 12.05812    3.6953182
 0.54247427 11.7293005   0.09963928
 1.4722167 10.706679  -0.927626 
-0.70181775  9.877669    0.1358191 
 0.05283594 14.530619    0.5267792 
 0.19700864 17.625288   -0.3581291 
-1.7767886   4.5205345  -0.45815858
 0.26474476 12.3950405  -0.61471385
 0.7661403  8.188072  -2.3884368
-2.0673842 13.263573  -1.851631 
 1.3614328  16.928932    0.88544214
-0.7362976 13.102328  -0.5713098
 1.1997739  18.668938    0.01875741
 0.4018027  17.465117    0.13856511
 2.0893416 17.25426    0.9023215
 0.266805    2.57794    -0.31972843
 0.45549512 14.1623125   0.3661273 
 0.89865863 14.950943   -0.2524795 
 1.8107384  13.30594    -0.18446103
1.2592455 3.7061942 2.8670378
 0.59767187 10.520721    0.18972489
 1.6276368  11.339942    0.51335555
-1.0265033  7.2513433  0.9907147
 0.7098637 15.870931  -1.4493822
 0.60709697  1.297606   -1.4820664 
 0.08482365  1.255263   -1.8553015 
-0.06718844  2.659803    0.40553328
 0.9470447  11.436635   -0.04873427
 0.00615618  1.0193259  -0.14338589
 1.552112  10.582678  -0.5121207
0.57720155 3.6140306  1.6719964 
0.9352371  9.439178   0.16725898
-2.3615518   4.371173   -0.55036014
0.8408073 3.8525841 2.4235637
 2.5726345 11.254153  -1.1385785
0.87127846 8.3727045  0.69365656
1.0889177 8.52965   0.9185097
 0.99314415 14.657598   -0.10145476
 1.0998744 11.13216    0.5713369
-0.3662054  13.00214    -0.95755905
-1.4866608  7.2813735  1.4264127
-1.5491107 13.166539  -1.698591 
1.9392558 9.159783  1.8995737
2.365182 9.411145 2.066926
 1.6846377 12.082666   3.0740728
-1.8589292  4.2900257 -0.795476 
1.1772704 3.749467  3.353218 
 2.6507473  11.175144   -0.63592833
 1.9950364  10.810039   -0.36963257
 1.6672562  13.349653   -0.45299566
0.8109803  2.7296796  0.10933881
 0.06545294  1.2791305  -1.2179451 
 0.28147617 12.228485   -0.3383674 
0.71002215 3.5527885  2.8796842 
 1.9786826  13.358946   -0.81557447
 0.12465069  1.6230055  -0.27906892
 0.5836126  8.35887   -3.135309 
 0.63248616  0.9429105  -2.785614  
 1.2680634  16.584202    0.43551135
1.9198403 8.917499  0.7848119
-1.0665272  10.089044    0.15935963
 3.064033  11.0436    -0.8691322
-0.15978089  1.2339189   0.04795478
 1.1949743  19.124617    0.23542593
 1.685551  11.920102   1.5630599
 0.74066347 17.075191   -0.0705993 
 0.93506294 11.262933    0.7617505 
 1.0773121 10.265371  -0.5876209
 1.1137398 12.372343   2.3752177
 1.3340484  13.137431   -0.39214993
0.5032342  8.725542   0.36124325
-0.6837291  9.87133   -0.2644221
 0.7798979  14.031102    0.41043347
 0.79892266  9.74224    -0.3087665 
 0.5350258  11.008591    0.59542346
 0.9793746  13.557507    0.11989707
 0.25548834  1.1909356  -0.7009385 
 1.333837   17.905544   -0.02666404
 0.34993905 15.063113    1.4952946 
 1.3354164 10.407656  -0.4991065
0.6379618  9.071755   0.23481186
-0.52822524 12.929296   -0.39615333
 1.5375434 12.296949   3.5564647
 4.361994    6.362345   -0.75027126
-0.02359305 15.221485    2.1627786 
-0.34619352 17.911951   -0.2533874 
 0.25031644  2.1763902  -0.22155902
-0.8834633  7.202787   1.396053 
-0.2753237  9.516057  -0.1288313
0.8197107 3.7406094 3.0540872
2.266729  9.26705   1.3308791
 0.7688543  10.769652   -0.16200554
