-0.17316383 17.633913   -0.2145905 
0.0086633  0.63020205 0.12198508
-0.04671414  0.07219631  0.05987541
0.7441957  4.7712407  0.26586497
 0.05848088  0.7295323  -0.19413868
 0.8860686   7.1778183  -0.70989585
 0.8230345  13.829143    0.06996977
 0.3662319   6.1769423  -0.16160458
 0.05964539  0.7300253  -0.1948774 
0.47731844 2.6867087  0.14059848
 0.46392146  2.3380082  -0.14023617
 0.06461028  0.73383456 -0.196633  
-1.3337148  7.224735   1.5758991
 0.7108546  11.032081   -0.06083845
 0.36572418  1.3579726  -0.04189105
 0.586687    9.374395   -0.10533223
 0.49326792  7.3744397  -0.21355842
 0.06358659  0.73617035 -0.19888379
0.65663713 5.3403983  0.04619069
 0.0331808   0.7368131  -0.18158253
-2.4675794   4.3371005  -0.81906277
 0.05899712  0.7312035  -0.20187643
 1.9275291 16.67946    1.1983838
 0.06639809  0.7315483  -0.19615054
 9.372808e-01  1.727814e+01 -8.801917e-03
 0.2579369  8.367325  -2.1815915
-1.1331234   4.296453   -0.02276674
 0.38520318  2.7228205  -0.1470901 
 0.05980229  0.7281388  -0.19452915
 0.09424218  1.7102172  -0.25799   
 0.148377    5.395071   -0.04277669
 0.35849428  8.777204   -0.28095394
 0.39392167  5.440836   -0.23575808
 0.04405049  0.6806644  -0.16047917
 0.23249206  6.69009    -0.09227805
 0.0633898   0.73354805 -0.19605564
 0.08008184  0.7308158  -0.1821017 
 0.06523048  0.72751206 -0.19417818
 0.3371824   4.1325054  -0.26270536
 0.7361844   9.978577   -0.53310096
0.28121355 3.3246665  1.4752655 
-1.4497626  10.413124   -0.23179282
0.5267932  6.5966926  0.16133252
 0.173105    4.9305873  -0.12026256
1.1351546 3.4986544 3.9063752
2.8895283  6.1755505  0.07270449
 0.05829126  0.732878   -0.19990577
2.213572  9.146371  1.6791705
-0.21748582  1.4445353  -0.70617163
 0.03564063  2.3515463  -0.08858751
 0.06658723  0.7318408  -0.19603291
1.2529428 3.6438477 2.3867457
 0.2815434  12.394188   -0.66153926
 0.25025392  2.1766045  -0.22157423
0.0459043  3.1548307  0.21146116
1.2214197 3.5183039 1.7175889
 0.6782048   0.75535434 -3.033824  
 1.3957269  10.092211   -0.01287933
 0.05940033  0.7302781  -0.19523579
 1.197519  12.1696     3.1322649
 0.82203585 13.2249      0.03757952
0.30505756 2.8223202  0.36705607
 0.06577437  0.73102355 -0.19446942
0.5762225  8.534624   0.20940083
 0.7103965   6.2615523  -0.02966173
 0.05861983  0.72536784 -0.19530168
 0.06008444  0.7288938  -0.1952139 
 0.08317179  3.4542902  -0.19479984
 0.06147995  0.729514   -0.19500582
0.8011856  2.651808   0.39152867
 0.05922569  0.7285456  -0.19727603
 0.41914412 14.496619    0.8971779 
0.3744033  3.625767   0.26076174
-0.15687434  3.6896374   0.29553032
 0.04761515 12.43959     0.02204708
-0.16647142  1.221496    0.08915459
-0.14386033  1.7430868  -0.15751784
 2.7808633  6.1438336 -0.7860676
 0.06487734  0.7294613  -0.19522452
-0.24630854  3.7965548  -0.47660875
1.2050061  5.2312903  0.39711678
0.7842988  8.99126    0.05449282
 0.06025202  0.7306991  -0.19433334
 0.44337645  7.908049   -0.12149567
 0.6406805  1.0749904 -2.6118124
-0.04501399  0.0951686   0.08620252
1.3348397 8.8787775 1.1048421
 0.18888411  4.0499535  -0.21778406
0.11529457 9.297023   0.43332136
 1.0567447   7.976729   -0.11883213
 0.06227843  0.731647   -0.19497885
 0.05160088  1.6084024  -1.9020692 
 0.06101916  0.7292452  -0.19485427
0.68305284 7.962034   0.5315051 
 0.05986213  0.72753125 -0.19332668
 1.2644166 13.419108  -0.4276253
 0.06560596  0.73419505 -0.19803348
0.8688867 8.374855  0.6947054
 0.0597965   0.73308593 -0.20050474
 0.06079613  0.73063487 -0.195509  
 0.06148488  0.7286229  -0.19428326
-0.46975327  7.037631    1.4349029 
-0.03330502  0.8699448  -0.21887027
 0.8585778  12.140299    0.04649594
 4.772474   6.1289573 -0.508275 
0.08240574 2.5200622  0.38278514
 0.06658737  0.7300659  -0.19509076
-3.0015461  4.16072   -1.1217157
 0.06174371  0.7294319  -0.19532399
 0.05951729  0.7297422  -0.19573146
 0.06572021  0.7305363  -0.19670632
-0.5443001   9.943416    0.32127023
1.7302054  5.6738305  0.09231785
 0.02023262  2.233136   -0.18861122
 1.2686613  5.57484   -0.8503143
0.56409836 7.030178   0.12685642
-0.15243751  1.3643113  -0.12538883
 0.37438568  1.9204427  -0.16167066
-0.96110827  6.9630547   0.8830749 
 0.19840112  7.863558   -1.3305098 
 0.06069014  0.72839564 -0.19478911
-0.04291934  9.369202   -0.47325432
 0.05940615  0.7283103  -0.19473068
 0.38590512  3.2867887  -0.21032774
 0.7380213  1.3469907 -2.3569102
 0.4833769  11.143107    0.76566285
-1.8252167   4.4397707  -0.32929456
0.49968633 6.025164   0.64715636
 0.7539758 15.505732  -1.0302641
 0.66601235  1.5037488  -1.2505684 
0.50323445 3.7185867  2.280524  
 0.7222444   5.123521   -0.73316216
0.631713   9.99458    0.05789195
 0.9268558   4.9686813  -0.13548058
0.25545844 1.4979813  0.24218659
 0.0606702   0.7277338  -0.19296513
-0.04662666  7.5900354  -0.86210513
 0.82303375  8.166585   -2.0395377 
 1.7125154  18.471865   -0.69858414
 0.42757002  1.7993715  -0.08309843
 0.8958781  12.730604   -0.01522851
 0.05869689  0.72938496 -0.19444038
-0.01678991  2.614779   -0.05710495
 1.1128589  18.066332   -0.08757794
 0.06499306  0.72945875 -0.19370705
-1.4799778 13.317522  -1.5399427
 0.59414303 15.864592   -1.9872844 
 0.06807538  0.73608506 -0.19778784
-0.089407    2.203775   -0.02093238
 0.06031897  0.7295226  -0.19452043
 0.90108025 14.884025   -0.08840603
0.10368978 1.5915217  0.2655502 
-0.06602415  1.1056079   0.20464201
0.25320935 2.0102513  0.25703532
 1.7351677 10.841511  -0.8881075
 0.05969124  0.7293887  -0.19431345
 0.07038776  0.701298   -0.19306736
9.7477055e-01 1.6634132e+01 5.1823668e-03
 0.06043134  0.72926044 -0.19392437
 0.5768454  8.396045  -0.16679  
3.0312312 9.163702  2.5414803
 0.05825134  0.7296855  -0.19455054
 0.0629575   0.7296282  -0.19513734
 0.06137494  0.7309263  -0.19545509
-0.5932989  4.115244  -0.5253388
 0.72613615  6.7100916  -0.1800055 
 0.6648991  10.503324    0.02398456
 0.06131544  0.72931814 -0.19404879
 0.46712533  4.374799   -0.22767049
 2.1946692  13.754132   -0.81996316
 0.05968026  0.72895396 -0.195041  
 0.24968296  1.2354077  -0.30312502
 0.72522306 11.626902    0.05198395
 0.40295845  8.292658   -3.4439058 
 0.8895566  14.2956505  -0.01728577
 0.9388112  15.386647    0.03455678
 0.6406302 11.790079   1.3783412
 0.06361533  0.73149145 -0.19616312
1.1335127e+00 2.0319088e+01 1.8328913e-03
 3.7265155  6.3800683 -0.5192791
-0.4979249  6.5366497  0.4280368
 0.06044248  0.73084944 -0.19510297
0.5500114  7.5239253  0.10632643
1.4684812  8.413443   0.23258622
0.3610421  1.1499815  0.11501811
 0.058951    0.72792727 -0.1931035 
0.81281114 9.611612   0.11496443
 0.05859952  0.7327578  -0.19827734
 0.05896921  0.728751   -0.19497474
 0.05987386  0.7303861  -0.19459312
-2.4842677  10.5239     -0.47499096
 1.202055  10.45113   -0.7851601
 0.15847546  0.70482564 -0.16570787
 1.3063172 11.66862    1.0113093
 0.06026397  0.7280513  -0.19356348
-1.0903409  4.3258524 -0.7136482
 0.51688975  3.6789143  -0.11774065
 0.05954649  0.7296287  -0.19413327
0.4481915  4.102413   0.18966468
 0.60534674  1.4259292  -0.70996505
 2.0855465  10.71688    -0.32240486
 0.06032418  0.73014605 -0.19515358
-0.15114851  6.047284    0.04737292
 0.05965344  0.7298081  -0.19561401
-0.02311224  0.07286958  0.07610352
1.9027869 8.866173  0.8585456
 1.207908   10.9843      0.23480715
 3.3072128 13.8814125 -1.2000945
 0.06233985  0.73006433 -0.19481891
 0.06168314  0.7280183  -0.19456072
0.9837829 3.725682  3.1353848
-0.02721962  7.1269646  -0.34285772
0.22833776 4.526988   0.20066436
-0.0775192  1.5633821 -1.2313896
-1.7444899  4.388157  -0.8343573
0.29922223 1.2867204  0.2036486 
 1.1869196 12.129488   2.008979 
0.36327034 5.1220407  0.23140113
 0.05926884  0.72937995 -0.19495352
 0.06221599  0.72976935 -0.19449036
 1.7061467  13.304325   -0.09203921
0.5340438  5.6637683  0.24232544
-0.5845535   4.0301113   0.26868927
-0.6704127   9.938554   -0.51249254
 0.98587024 19.094446    0.22827174
2.155697  5.826303  0.2648294
 2.723986  11.066319  -1.0599796
 0.06052897  0.7288018  -0.19372928
0.09395105 4.246819   0.09247581
-0.07153861  0.7235082  -0.1727839 
0.07501223 2.9363618  0.886439  
 0.9562981  7.667448  -1.2142842
-0.48784798 13.0633135  -0.84005284
-2.2096224  7.2322674  2.0513005
 3.6081378 11.080437  -1.4829336
0.0430545  6.494843   0.91795295
 0.06047489  0.7334841  -0.19530293
0.3785858  3.172209   0.23015027
-0.20966306 15.008835    1.7735885 
 0.60268915  5.804512   -0.13578817
 0.05584393  0.7371941  -0.19684044
 0.2206159   0.65154105 -0.01282303
 0.02670901  3.0724986  -0.07480696
 0.05910537  0.7295989  -0.19495018
-0.09770073  1.8542742   0.13381323
 1.0671891  16.095129    0.13594393
 0.05915595  0.7292175  -0.19552003
 0.31222025  1.3298707  -2.1696758 
 0.06549088  0.73018366 -0.19245511
1.0850625 3.2491586 0.9722093
 1.9059088   5.806786   -0.77083266
 0.6453358  1.429048  -1.7860664
 0.06243403  0.7362464  -0.20373444
 0.05860645  0.7299421  -0.19503495
 0.05968178  0.7282671  -0.19454354
0.2813482  6.0781064  0.22624539
