-0.17316383 17.633913   -0.2145905 
 0.03204457 -0.00026846 -0.06239575
3.4163094 9.072677  3.0565956
 0.40983167  8.183236   -3.7774124 
-2.2096224  7.2322674  2.0513005
 2.8985085  13.280212   -0.95019543
1.1351546 3.4986544 3.9063752
-2.307818  13.1005125 -2.0309627
 5.2819695  6.09889   -0.5482871
-3.0015461  4.16072   -1.1217157
-1.1253948 15.11047    3.0992823
0.5240526  9.863991   0.07679947
 0.9268558   4.9686813  -0.13548058
 1.4325076 12.300434   3.9702687
-3.0397737 10.06331   -0.36336  
 2.522808  17.314024   1.7311662
 0.15568186 14.31796     0.32223862
 0.6782048   0.75535434 -3.033824  
1.1335127e+00 2.0319088e+01 1.8328913e-03
 0.6526777 15.701687  -2.0976403
-0.07403161  2.5900798   0.11115989
 0.9562981  7.667448  -1.2142842
 1.6977763 11.804369   1.3039962
 3.7892158 11.057319  -1.4870396
 0.5130875  12.182904   -0.70345074
2.8895283  6.1755505  0.07270449
1.2463186 3.5240355 1.6580696
2.362282 9.129008 1.083663
-0.4979249  6.5366497  0.4280368
 1.3258399  16.196651   -0.12412173
 1.744182   18.368994   -0.40960777
-1.1331234   4.296453   -0.02276674
 2.279798   10.789336   -0.29900217
 0.66601235  1.5037488  -1.2505684 
-1.3122549  10.07159     0.30746165
0.6383679 8.239243  0.8722146
-1.0354834  13.109443   -0.64519686
 0.2676888 15.026266   1.9516597
 0.85689265 12.350603    2.4936929 
 0.31393376 11.211477    0.7828451 
 1.5336219  13.1797085  -0.19638354
-0.01248537  8.146224   -2.1672983 
 0.72613615  6.7100916  -0.1800055 
-1.0739098  7.382389   1.3073013
 1.9059088   5.806786   -0.77083266
0.29922223 1.2867204  0.2036486 
 1.1946347  14.884265   -0.28502697
 1.6054289 17.14584    0.8262624
 0.7563519 19.530008   0.9422254
 4.1438427   6.5437555  -0.21492812
 0.51688975  3.6789143  -0.11774065
0.03967913 3.2827005  1.1561569 
 1.202055  10.45113   -0.7851601
0.77615803 3.8238106  2.7943335 
2.759795  9.513875  2.1511753
1.6184322  8.536965   0.28515503
-0.6380259  9.751844  -0.5966148
 0.35978973  8.812031   -0.4111482 
 1.0884397 14.485791   0.9374416
 1.3920617  11.163203    0.43818867
 2.6789703 11.018887  -1.350152 
-2.016147   4.5007463 -0.6596079
 0.5179709 15.5452175 -0.8424063
0.49968633 6.025164   0.64715636
 0.13316607  1.0797601  -2.0979445 
 0.18418297 12.215223    0.3305686 
-1.981601  10.293449  -0.5173915
 9.372808e-01  1.727814e+01 -8.801917e-03
 0.6565347 11.864164   1.5555794
-0.04662666  7.5900354  -0.86210513
-0.24774641 14.971828    1.0275096 
 1.5335029 10.162961   0.1853196
-0.21748582  1.4445353  -0.70617163
 0.95218456 18.847277    0.06095682
-0.6573096 15.415599   2.225559 
1.5035409 8.95773   1.5904531
-1.3459071 13.341588  -1.5718786
-0.15687548 12.824402   -1.0708616 
 1.7778275 12.047364   2.3006032
 0.6483951  11.440638   -0.09547684
 0.6696958  8.34881   -2.7968013
0.30049717 9.05903    0.52543646
 0.44337645  7.908049   -0.12149567
-0.45558164  9.693769    0.3840196 
0.8011856  2.651808   0.39152867
 0.917547   13.816309    0.28956306
 0.148377    5.395071   -0.04277669
0.22833776 4.526988   0.20066436
1.7302054  5.6738305  0.09231785
-0.44589347 12.739349   -0.08977182
9.86893415e-01 1.24105835e+01 1.14057604e-02
0.42500857 3.6504815  1.9322761 
 2.7808633  6.1438336 -0.7860676
 2.1946692  13.754132   -0.81996316
-0.24630854  3.7965548  -0.47660875
 1.6027402 12.348208   3.0501103
 0.8704333  10.6181755   0.09648022
 0.82303375  8.166585   -2.0395377 
 0.27463076  1.9059631  -0.2836868 
 1.9353467 10.868702  -1.136712 
-0.15687434  3.6896374   0.29553032
 0.50547373  1.1771795  -0.5654406 
 0.93448275 16.328371    0.5324954 
 1.1128589  18.066332   -0.08757794
 3.3072128 13.8814125 -1.2000945
1.3772936 3.5361552 2.4062083
1.0850625 3.2491586 0.9722093
-0.07153861  0.7235082  -0.1727839 
 0.5147084 14.849231   1.1952593
-0.08983973  9.312484   -0.15324038
2.1263342 9.321223  1.7363887
 0.73519814 13.213159   -0.05183454
 0.95143086 11.473709    0.97514576
0.673485   8.5073185  0.21011922
-0.15114851  6.047284    0.04737292
 0.7380213  1.3469907 -2.3569102
0.0430545  6.494843   0.91795295
-0.46975327  7.037631    1.4349029 
 0.89726007 15.633578   -1.4327142 
 0.8860686   7.1778183  -0.70989585
 0.9926444  15.583215   -0.03269007
3.208574  9.028275  2.3797784
-0.02721962  7.1269646  -0.34285772
 4.610957   6.154669  -0.7200523
1.2580011 3.517655  3.189834 
-1.0903409  4.3258524 -0.7136482
 3.2455566 11.219239  -1.014999 
 0.8702281   9.133512   -0.08149889
 1.1672205  19.6406     -0.06837156
 1.2686613  5.57484   -0.8503143
 1.5315168 16.716228   0.263524 
-1.3349042  10.095275   -0.57131374
 1.9275291 16.67946    1.1983838
1.4980417  8.760193   0.91113603
-0.10442656  1.2993534  -1.3554423 
-1.9790719  10.169947    0.14422196
-0.2940002 15.315285   1.6793292
-1.6593348  7.245507   1.680962 
-0.68801653 13.144278   -1.3005179 
 0.7361844   9.978577   -0.53310096
1.2050061  5.2312903  0.39711678
-1.7967615   4.253451   -0.09835985
 0.7222444   5.123521   -0.73316216
 2.2201157 17.350468   1.1633915
2.1299129 8.794755  0.5552794
 2.369016   11.206393   -0.82295734
 1.1817644 12.213267   1.9701838
0.3785858  3.172209   0.23015027
2.7629936 9.114246  1.5631332
 0.60268915  5.804512   -0.13578817
 1.0567447   7.976729   -0.11883213
 0.62347233 15.107787   -0.21802475
-0.96110827  6.9630547   0.8830749 
 1.1025656  19.307611    0.43353266
0.03921573 1.9656974  0.27103627
-0.86607003 10.007436   -0.09740728
 0.08808205 12.446081   -0.3647532 
 1.7185645  10.572281   -0.26110414
1.0974519  9.690932   0.13702334
-0.150333  15.096087   2.3757193
-2.517588   10.27137    -0.15673213
 0.41458642 17.51959    -0.1633743 
 0.19840112  7.863558   -1.3305098 
 0.12720528  8.151763   -2.934715  
-0.07804797  2.8779814   0.6284023 
 0.7504615  1.2322932 -1.7674162
1.1508478 8.35541   0.5947262
 1.698089  13.319998  -0.7431884
-2.6069696   4.224501   -0.70184994
9.7477055e-01 1.6634132e+01 5.1823668e-03
 0.47568524  2.4249187  -0.14980644
-0.13827552  1.4676031  -0.11597884
 0.8895566  14.2956505  -0.01728577
 0.05160088  1.6084024  -1.9020692 
 1.0379746 12.32957    3.1040416
 1.0180775  13.040374   -0.51187825
-1.4755291 13.125688  -1.0013996
-1.945713  13.135834  -1.5971845
 0.7070471  14.24472     0.57936263
 0.81004864 11.068151    0.5898769 
0.74051136 3.5166147  1.4390227 
 1.0333993 15.40939   -0.7097619
-0.5845535   4.0301113   0.26868927
 0.44561505 11.945967   -0.13563526
0.989763  3.8342788 2.1636047
 2.8423767 10.962484  -0.7062435
 0.49326792  7.3744397  -0.21355842
 3.7265155  6.3800683 -0.5192791
 0.39252472  8.474681   -3.323483  
 1.174999  11.888966   1.4426173
 2.0623505 13.421713  -0.3729609
 0.6773458 12.09469    2.0602868
2.3105557 9.135137  2.192182 
-0.5718609 15.118278   2.6853204
 0.40237424  0.72992957 -2.5980692 
0.44856265 3.1266332  0.8841521 
 1.6453861 12.067421   1.8042092
 0.46712533  4.374799   -0.22767049
 0.29694834 14.587314    0.73238045
-0.38521665 12.948772   -0.6336091 
 1.1987823  16.706158    0.74470484
 1.5764197 11.49789    0.7711941
 1.2152584 10.191413  -0.3514439
 1.4348519 12.436615   2.5855658
 0.23249206  6.69009    -0.09227805
 4.663676    6.5587635  -0.43632394
 0.08317179  3.4542902  -0.19479984
0.65663713 5.3403983  0.04619069
-0.07222778  9.408021    0.5003343 
 2.4803293 13.391372  -0.6587216
1.8781844 9.032129  1.0472883
 2.030378  17.040976   0.6146225
2.155697  5.826303  0.2648294
0.7441957  4.7712407  0.26586497
 0.05216905  9.236826   -0.60691714
2.7728074 9.13675   2.5510583
-1.4497626  10.413124   -0.23179282
 1.1569003 12.204478   3.550152 
0.4481915  4.102413   0.18966468
-0.49909386  9.705025   -0.12218167
-0.5932989  4.115244  -0.5253388
 0.7103965   6.2615523  -0.02966173
0.45597523 9.302575   0.07257118
 0.51356256 10.759209    0.38937175
0.56409836 7.030178   0.12685642
 0.173105    4.9305873  -0.12026256
-0.07505909  0.9981729   0.20753804
0.2813482  6.0781064  0.22624539
0.5480612 3.6520357 2.4227762
-1.5567318  4.3552237 -0.7404899
3.1711502 9.400713  2.6569989
3.0214396 9.040539  1.9425815
 0.30667263  0.99135756 -0.15878804
 0.15768357  8.388717   -2.538929  
0.31937236 2.3336768  0.27485922
0.26824504 3.4862065  1.5305657 
-1.0124307 13.350049  -1.0378215
 1.1181093  19.975115   -0.38108435
 0.85424525 16.920042   -0.33484423
 1.7055509 10.806915  -0.7443584
 0.36353946  8.386704   -2.0611641 
1.167475  8.70551   1.2228472
 0.02750526  2.3374217  -0.25518605
 0.51115143  9.6088705  -0.3892055 
 2.8244317 11.389635  -1.048321 
 0.93039906 11.741529    0.09761117
 0.4932933  13.930118    0.17087847
-0.5924235 17.788223  -0.2841031
 0.78293866  0.90316784 -2.290906  
 0.86913615 10.167995    0.07903182
 1.0267994  16.02442     0.21513629
 1.2764715  12.892509    0.03311173
 0.8277962  11.03913    -0.16269101
0.68305284 7.962034   0.5315051 
 0.114769  15.197056   1.5661879
0.360679   8.802963   0.13015589
-0.03015164  0.42150217  0.13832611
 0.34747916  1.3208166  -1.635229  
 0.7287548  14.693379    0.03184855
 0.5438933 11.509913   1.1106046
 1.6185665 12.082618   3.3886926
-0.0422098   3.013907    0.17154846
 1.2644166 13.419108  -0.4276253
 0.18888411  4.0499535  -0.21778406
 1.8607271  18.579962   -0.76156515
 0.30949533 12.494108   -0.91196805
-0.27741355  9.525593   -0.5996767 
-0.9528333 15.306132   2.69619  
-1.5032746   4.455809   -0.32701942
-0.92598015  9.924309    0.3958026 
0.24336499 2.748387   0.33905563
 1.3580204 12.524707   3.3438363
1.1552852 3.8513    2.6135645
-2.161667    4.2709794  -0.33864033
 0.33806252  1.4507573  -0.18063635
 0.78791296  8.652722   -0.16631892
-0.6916244  7.2235236  1.0689057
 1.3528358 11.647112   1.0894327
 4.2885427   6.587847   -0.60594004
-0.63933027 15.145251    1.9153532 
 0.5101638 15.637814  -1.2938331
 1.8146274 17.28981    1.1938151
 0.40274042  1.2669475  -1.0431464 
0.36327034 5.1220407  0.23140113
 1.2412767  10.788133    0.12583451
0.9657426 3.5151315 3.534598 
0.3744033  3.625767   0.26076174
-2.4842677  10.5239     -0.47499096
-0.08575001 14.727089    0.7248243 
 4.6919565   6.1860485  -0.28034437
 1.2660654  16.382986    0.22721094
-0.028538   12.445922    0.08010628
0.5267932  6.5966926  0.16133252
 3.3482964 11.149722  -1.3931643
0.5340438  5.6637683  0.24232544
-0.66450095 13.178239   -0.9073428 
 0.44867626  8.453651   -0.12715809
0.84425527 8.51977    1.0916812 
-1.0257183 13.052405  -1.4839698
2.4925094 9.452912  1.8022519
 0.81013846 15.723556   -1.0359346 
-5.011200e-04  1.267674e+01 -7.424954e-01
-1.6916082 13.271196  -1.331232 
1.0783998 3.8826814 3.0362506
 0.6249263  15.371676   -0.50908947
 0.80157894  0.7437952  -2.6633005 
 0.49359837  1.1049033  -2.546779  
 1.7423062 12.113727   2.7726004
 2.2838316 11.033349  -1.1896331
 1.0959028  17.631147   -0.04411647
1.7448418  8.738229   0.59205735
 1.1671253 14.226791   0.6592282
1.8122302 9.188409  1.5507064
0.25418046 0.721334   0.11256336
 0.8370974   9.514635   -0.13434672
 0.6590541  11.891839   -0.49877197
 0.11862009  1.1250935  -0.46572834
 0.9237149  12.723092   -0.19881323
 0.6701463  10.407472   -0.14978406
0.9000883 3.6996045 1.8207906
1.2963415 3.5835724 2.0287657
-2.3114178  10.108319   -0.53312796
 0.3662319   6.1769423  -0.16160458
-1.8453163  10.452466   -0.20344678
-0.08618508  1.995007   -0.14634039
0.1260652  9.096574   0.10311743
 0.6284244 14.869025   1.5518873
 0.88505733 16.911758    0.23723699
6.7325586e-01 1.2210029e+01 2.7926001e-03
-1.3197228  7.1136065  1.6064562
 0.76908535 15.78002    -1.7539228 
 0.5847822  8.432023  -2.4453068
-0.96982753 10.04633    -0.45127627
-0.03048047  2.786676   -0.20007287
-0.42330366 15.074342    1.4304382 
-1.2587656  7.1159315  1.1311367
 0.18116835 14.876503    1.0401741 
 0.83543086 19.172535    0.21867287
0.03882957 1.53458    0.28447223
0.4352935 1.7382137 0.0258334
1.542327  8.950542  1.2269359
 0.7192362  11.139275    0.17120379
 5.023527   6.355195  -0.5358115
 1.3815286  18.374344   -0.43392652
 0.9183053 12.163882   2.8059413
 0.54672575  8.168721   -3.4360614 
-2.2917676   4.3259234  -0.83926815
 0.70239747 14.4973545   0.8331559 
0.5500114  7.5239253  0.10632643
3.0774536 9.329503  2.2399564
 0.94223636 12.056338    1.757687  
 0.04687341  1.2702649  -1.0295742 
 0.47935665  9.008705   -0.13963208
-0.3439935 15.472164   2.0685606
 0.8571456 19.515327   0.578642 
0.46661487 3.3279464  1.1732178 
 1.2232909  13.961043    0.43603483
 0.8166518  10.24092    -0.75252104
-1.3184651 13.465047  -1.2453218
2.3385348 8.902239  0.8125224
 1.5361329 12.280777   2.212594 
 1.020412    9.84105    -0.16644509
 0.38590512  3.2867887  -0.21032774
0.82056653 8.880369   0.14816612
 0.5983122  10.843974    0.04121462
 0.80726385 11.938157   -0.15945056
1.2905402e+00 1.0005471e+01 2.6112599e-03
 4.376866   6.293491  -0.2021959
0.5203772  2.6403418  0.11170153
 0.7170748  13.645017    0.07291205
-1.4892961  10.264948    0.08965038
-0.17011015 12.663885   -0.3262425 
 0.5944513 17.286549  -0.3317065
0.0668899 3.0816998 0.8845319
 0.7090299  10.008116   -0.17149192
 0.38265523 11.959973    0.23877779
 0.09098528 17.7383     -0.03637443
 1.9832742  10.989701   -0.78762746
-0.45231625 15.3726845   2.4861991 
 1.5426377  18.227545   -0.18138885
0.43640834 2.9273217  0.61718005
 0.62866503 17.25729     0.11539614
 2.2692578 17.394411   1.5310225
 1.4916229  10.339467   -0.18985572
-9.3293898e-03  1.5077986e+01  1.2818135e+00
 0.9098913 11.680307   1.2313665
-0.20966306 15.008835    1.7735885 
 0.12554172  9.082627   -0.25514418
2.831062  9.324697  1.8084594
 0.38688514  8.556022   -2.7075465 
 1.1123445 12.474415   2.8174672
0.09395105 4.246819   0.09247581
 0.28605613  8.432385   -2.9941387 
 0.22716606  0.93799144 -2.377282  
2.5150638 9.29344   1.4480191
-1.2067688  10.199292   -0.27648726
 0.9236086 12.273507   2.1784513
 1.4235806 12.497892   3.7107527
 1.714531 17.036915  0.536466
1.9288033  8.690589   0.32810247
-0.0584906 15.343969   1.894297 
 1.3870875 12.572808   2.976705 
-1.689889  10.165653  -0.5469833
3.1551495 9.145591  2.848711 
 0.59323955  9.325776   -0.21471825
-1.4504899   4.3241663  -0.03067564
 0.01602501  8.181989   -1.8522013 
 2.9683857 11.1508465 -1.3553466
 1.1106473  15.176794   -0.50696295
 2.5252705  10.887003   -0.47509795
-2.7488785  10.388613   -0.33983308
-0.04932474  2.2572083   0.18280482
0.6389521 3.7874637 2.1511943
 1.2951171 12.058552   1.6813523
 0.6923532  1.2787048 -0.9169307
 0.31222025  1.3298707  -2.1696758 
 0.39392167  5.440836   -0.23575808
 0.46264106  2.0554934  -0.07924298
-0.13210541  1.7405701   0.04078411
 0.15906504  0.4159309  -0.11261496
 1.558229  12.056644   3.6952672
 0.542627   11.729371    0.09949204
 1.4718999  10.706635   -0.92743266
-0.7017342   9.877659    0.13554016
 0.05233578 14.530744    0.52694154
 0.19713989 17.625673   -0.35840866
-1.7771845   4.520966   -0.45776087
 0.2648355  12.395153   -0.61475474
 0.76574695  8.186591   -2.3895035 
-2.0674396 13.264072  -1.8517394
 1.3617038 16.928896   0.885444 
-0.7366359 13.10253   -0.5711433
 1.1990777  18.668753    0.01873115
 0.40140623 17.464907    0.13870387
 2.0890102 17.25438    0.9026543
 0.2718021  2.578263  -0.3187611
 0.45519698 14.1623955   0.36622712
 0.8984631 14.950861  -0.2524437
 1.8104805  13.306151   -0.18442257
1.2594333 3.705949  2.8671007
 0.5975761 10.520953   0.1896897
 1.627823 11.340243  0.513356
-1.0267035  7.252      0.9903982
 0.71034443 15.871783   -1.4500493 
 0.6078845  1.2978637 -1.4821799
 0.08499286  1.255494   -1.856031  
-0.06733263  2.6600456   0.4057258 
 0.9473223  11.43685    -0.04875571
 0.00583905  1.0194821  -0.14338169
 1.551589  10.582744  -0.5119516
0.5764888 3.613973  1.6723415
0.9354068  9.439331   0.16720186
-2.361204    4.3714604  -0.55034304
0.8406751 3.8525918 2.4236777
 2.5724707 11.254331  -1.1386601
0.8688867 8.374855  0.6947054
1.0887794  8.529959   0.91858864
 0.9929488  14.657443   -0.10145061
 1.0999093  11.132492    0.57150286
-0.36635262 13.002444   -0.95769006
-1.4853157  7.2823997  1.4263539
-1.5497242 13.16642   -1.6982852
1.9386867 9.159694  1.8997751
2.365234  9.411304  2.0669255
 1.6846399 12.065234   3.079094 
-1.8591443   4.2902946  -0.79541236
1.1779021 3.7499373 3.3536642
 2.6508691 11.175626  -0.6355867
 1.9948364 10.8099    -0.369567 
 1.6669683  13.349706   -0.45284224
0.812993   2.7298217  0.10905798
-0.0775192  1.5633821 -1.2313896
 0.28139967 12.2284355  -0.33860558
0.7099437 3.5522733 2.8795285
 1.9782952  13.358486   -0.81531394
 0.12440194  1.623313   -0.2791202 
 0.58289725  8.358987   -3.1352758 
 0.6335254  0.9444736 -2.7894409
 1.2678562 16.584133   0.4357108
1.9197628 8.917777  0.7847417
-1.0662653  10.089199    0.15916917
 3.0636573  11.043716   -0.86907697
-0.16005018  1.2343231   0.04791426
 1.1950755  19.124586    0.23559138
 1.685721  11.920239   1.5627944
 0.74078196 17.075134   -0.07081559
 0.93521494 11.263112    0.7618107 
 1.0770323 10.265163  -0.5876171
 1.113409  12.372069   2.3752975
 1.333868   13.137258   -0.39239433
0.50337696 8.725354   0.36122003
-0.6839468  9.871285  -0.2644884
 0.7795924  14.0310755   0.41053423
 0.79883105  9.742165   -0.30898175
 0.53514475 11.008639    0.5954959 
 0.9790214  13.557185    0.12018171
 0.2558043   1.1908993  -0.70103514
 1.333368   17.905375   -0.02651927
 0.34985504 15.06326     1.4952474 
 1.3352511  10.407582   -0.49922246
0.63766366 9.071741   0.2349066 
-0.528644   12.929204   -0.39590156
 1.5379428 12.29682    3.5561078
 4.363945   6.361879  -0.7492623
-0.02331881 15.22142     2.1628735 
-0.34619558 17.912487   -0.25332856
 0.25025392  2.1766045  -0.22157423
-0.8823619  7.2033105  1.3955718
-0.27545074  9.516194   -0.12886515
0.81983006 3.7408116  3.0542412 
2.2665825 9.267141  1.3307903
 0.7690161  10.7697735  -0.16224788
