 0.5391501  14.045626    0.10258776
-0.25965485 -1.4089919  -2.949749  
1.8635718 5.137847  2.3198898
-1.2078948  7.4192657 -2.8438787
 2.1601799 -1.2444463  2.500342 
 3.385009   9.916127  -0.5844081
-2.6958895  3.41593    2.1698728
-1.9513165  2.8300993 -2.4892533
-1.0288917  8.728145   1.425007 
 2.242509   1.4885865 -0.5163782
 1.8045162  5.2958364 -1.5224682
-0.15442322 11.078517   -2.1036615 
-0.391075    0.98590016  3.750016  
-2.9672835   0.38378263 -0.36141258
-2.6055014   6.063443   -0.19493169
1.9434892 9.058444  2.369422 
 1.7497699  8.249324  -2.5281217
-0.23603144  4.1506133   0.58530825
 0.7803621  11.141347    0.74340504
-0.81010973  6.6343665   3.2664943 
-0.0015414   0.1378071   0.01070077
 0.20396096  7.315308   -0.52887636
-2.0590112  9.500314  -1.228663 
1.2200643 2.432133  2.3968017
3.0714016 3.4684613 0.780582 
2.8907135 7.9223876 0.5571859
 1.8264911 11.978604  -1.0282544
0.83816683 7.1161857  1.6988741 
 0.30421415  9.561891   -0.6357706 
-0.8085638  2.4174502  1.6990377
 0.16947679  3.167151   -1.2147105 
-0.2895544  5.2345915 -1.3639185
-1.1566802 10.787227   1.3490546
0.8115498  0.24869248 2.0521753 
 0.8148725  -0.04164857 -1.9096304 
-1.7706048   3.679162   -0.70392984
1.3408238  5.205857   0.39466137
-0.36051238 12.499098   -0.5045851 
-0.82841885  5.9583554   0.4990005 
-1.0905414  4.353677   2.2414215
-1.6356612  1.2981923 -1.3024216
 2.5679133 11.092482   0.9147968
2.5896165  0.02418881 1.3209598 
0.7359743 9.190087  1.0725335
 2.4067032  6.5987353 -0.520888 
-1.6373014   1.5157052   0.48199585
 2.028889   8.897803  -0.8038865
-1.3365206  7.936945  -0.9210726
 2.2939253   3.8360393  -0.69826704
-1.7332993  6.1782246 -1.6514227
 0.16953044  1.9836868  -0.02627001
 0.6292135  5.1379833 -2.76174  
0.27269796 5.5643587  2.0499232 
1.459069  3.8142257 0.9943268
-2.0269835   4.228311    0.83225745
 0.22591704  7.725191   -2.1238515 
-0.9063913  7.1102076  1.6361527
 0.9615539  1.8539414 -1.6705788
-0.8281284   0.15771481 -2.032845  
 1.720151  10.380038  -1.1983236
 1.041721 12.593601  1.238519
-1.1173956   9.955418    0.04885736
1.1997532  7.8971267  0.47418833
-0.35758913 11.070766   -0.5480351 
-0.25183386  8.410584    0.26818746
-0.72823495  9.898771   -1.5841428 
0.54466367 9.232536   2.4678576 
 1.5740623  10.110561    0.17085284
 1.1166694  6.6814094 -1.3577869
-1.1215463  1.9553236  2.9646528
-0.90587187 11.584507    0.51532453
 1.6576746 13.092416  -0.2595323
 0.39256033  9.019269   -1.8654479 
 0.6004963  4.689142  -0.3664428
-1.6097018  8.718082   0.0996733
0.35415548 1.818537   3.1603093 
0.7109498 2.5226624 0.9658485
1.9931647 9.381779  1.1501935
 0.58157927  6.0488544  -0.35995394
 2.4286268   0.88340706 -1.5192943 
-0.03616147 10.84805     1.8730141 
1.0008165 0.80231   0.2477102
-0.6338444  3.204823  -0.3564371
2.0851011 8.192022  1.4968858
 0.77309585 11.83037    -0.39611682
2.318629  5.5141473 1.277661 
-0.01449504  6.8503213   0.7092245 
-0.81954885  3.2964182  -2.5186656 
-2.1235466  8.261733   1.2100474
0.12897807 7.1394086  2.7638106 
-0.97586566  5.9819922  -0.76435626
-0.23709415 10.580524    0.6126972 
1.7557899  6.519027   0.45834732
 0.22480018 13.386607    0.8734956 
0.11338092 0.87114024 0.8849663 
 0.96688026 11.185455   -1.3845075 
 0.06803793 12.027117    0.6214546 
 1.0440544  8.641221  -0.3381041
 1.6488451  11.2893305   0.01648745
 0.7666488 10.661641  -0.351531 
 1.7600415  -0.31931823  1.9684376 
 1.271355    1.9140153  -0.01275759
0.08136586 5.1595006  0.89683056
-1.0669328   4.294677   -0.10680103
-0.51137674  0.41437817 -1.0533041 
-0.69638556  1.498922   -0.85618013
 1.1730212   3.6364431  -0.48931646
-1.8770435  6.348066   0.533838 
 2.7683222  10.256084    0.28147656
1.1288146 5.2869663 1.4813945
1.9098024  0.60647595 0.69951296
 0.77323276  5.122113   -1.6599197 
-0.81086576  7.694571   -1.9182303 
-0.22299244  4.3404465   1.6626756 
 3.4051013   3.3128295  -0.19168672
-2.8473382  5.6687207 -1.1270763
 0.54747254 13.618118   -0.73448944
 2.1527362   8.077698   -0.19858482
 0.73180306  0.25470546 -0.9767825 
 0.27701157  3.5156558  -0.02015427
 2.9619608  6.350943  -1.321282 
 0.6090158  13.097501    0.06430961
-1.6617037  3.3100212 -1.6637769
-0.5546274  2.5533779  0.7437841
 2.0908067  6.738091  -1.5026538
-0.04756799  2.1688788   2.2591603 
-2.6041439  1.0317132  0.2566659
 0.6585005 12.092569  -1.3087183
-1.0608917  4.2382255  1.2095442
 1.4588852   4.9826846  -0.66103184
-0.10818893  8.619277    1.2366353 
-0.03288482  9.543388    0.24514796
-1.9258212  3.9276571  2.3492148
-0.7316202 -0.6454491 -2.6598132
 1.1502646  12.2814      0.36411184
 0.47932446  1.9714572  -0.9064755 
 1.4266245   6.4266796  -0.41799492
1.165788   0.49016455 1.1720772 
 0.94555026  7.626579   -1.5575283 
 1.2659265  8.680359  -1.8813227
-0.9438609 10.537034   2.1978853
-2.5001085   0.62274647 -1.1035575 
 2.5376873 10.222732  -0.6909329
0.07854853 1.0639597  0.01743689
-0.25789726  5.724289   -0.26713374
1.2317952 8.790371  2.8558266
0.10693659 9.366051   1.6785805 
-1.1790893  6.9567165  2.5266316
 1.1801845 -0.2084382  2.707176 
-0.7931264  1.562675   0.2679012
-0.40429616  7.6296206  -1.1503288 
-1.2413578  7.2213883  0.8425424
1.2356786 9.110175  0.3671262
 0.3849668  8.791924  -1.0251576
-0.53735095  9.760498   -0.7513128 
 0.7048065 10.298905   0.5464541
 1.5574145  1.5985173 -1.0928036
2.1132703  3.7081563  0.45069516
 1.8106349  1.3235402 -1.901348 
 1.2491196  13.740044    0.27920267
2.2488804 3.8963492 1.2834079
-1.447       9.794023   -0.72500074
-1.7638361  6.0651217 -0.2656022
 1.4751929 11.399896   1.1418632
 0.03108246  5.422059   -2.1116621 
0.16340598 0.7015437  1.6808193 
1.0336967 5.3416643 2.3022256
-1.8613024   4.4549437   0.04468056
0.79283863 6.7224827  0.6292975 
 2.059258   8.722178  -1.6702918
 0.28308886 11.347957    0.03986083
 1.3103008   7.8815093  -0.43584555
-0.39099428 11.301361   -1.3620738 
-0.18950742  7.049687    1.9998764 
-0.8303141  8.59911   -0.2567535
-2.4191973  3.859701   1.5668882
0.6870923  5.0211473  0.37886205
 1.1276386 10.062757  -0.7224562
-0.94846725  6.218962   -1.7230343 
0.49940023 8.118324   0.19343385
1.1333116 9.130481  1.9605947
-1.3319763  2.3936725  2.2817202
-2.1285336  5.9245386 -0.9919013
-0.991386    8.5668955   0.53516006
-0.09125759  4.8656754  -0.718722  
 0.06637506  9.808754   -1.3241717 
0.46978745 8.972986   0.17314386
-0.5290793  1.5565311  3.2225668
-0.28950804  7.6237836  -2.6685877 
 2.6639857   3.6032655  -0.05760974
2.150561  8.01159   0.5678315
 0.84886676  9.839273   -0.01671837
 1.3209608  5.047299  -2.5083878
-0.6884664  7.582124  -0.4664074
 2.3545487  11.386378    0.26864472
 2.1493845 10.322138   0.6744514
0.13407046 6.624169   0.02768485
 0.17104313 10.259907    0.05459383
-0.6722665  11.604199   -0.15937012
-0.36721027  5.950488   -1.2382787 
 1.3097442  8.760178  -1.0079702
 1.2899266 11.835264  -1.563527 
0.9537377 6.095006  0.3049151
 0.3874399 10.698945   1.3040723
-1.7309726  4.0695295  1.5465438
1.4819313 8.079712  1.104973 
2.7480557 7.908608  1.2504631
-1.3499068   4.2781796   0.53398883
-2.3009102   0.83489573 -0.34378573
 2.4295661  -0.46325997  1.8267334 
1.6973689 5.340435  1.017997 
-1.4705764  7.825915  -2.0910604
 0.37723947  5.4501715  -0.06605128
-1.4307007  9.682439  -1.4476664
 2.991997   3.742886  -0.6631732
0.05552045 9.203736   0.918561  
-0.4141691  11.54534     0.56166047
-0.43263912 10.686866    1.2558551 
 1.6369396  -0.68798774  2.5628653 
0.25723657 6.991454   1.3766708 
-1.5139301  8.504758   1.0133191
-1.0374455 10.866039   0.6897288
 0.39504224 12.45872     1.0208776 
-1.4429181  2.62192    1.6180485
0.15771282 4.200385   1.1258545 
-0.5274385  6.8956547  2.7190728
 1.8881167 10.2162    -0.5400891
 1.4238756  11.93908    -0.31617993
 0.38301128  7.497921   -1.14089   
2.2992785  6.732876   0.11794396
 1.6972035  6.5998054 -0.9926904
1.3793303 9.237667  1.3360251
0.18466444 2.641293   0.04090454
-0.09581738  5.6277905   0.35485426
-0.7119728  2.099404   2.4814503
0.6775208  0.25687242 2.6874337 
-0.56212175  6.898931    0.36341062
0.6144693 2.215743  2.4709525
0.6351872 7.275989  2.384031 
 0.16900827 11.03164    -0.9122688 
0.9058096 2.1355245 3.096914 
 0.7651179  6.370529  -0.9271831
 0.36291462 11.116219   -1.566957  
-0.3539967  3.173741  -2.0862982
 0.3207415   8.570918   -0.28167897
0.770609  5.2075534 0.9654134
0.00476553 2.3018498  1.647369  
2.8155131e+00 8.1850605e+00 1.1377435e-03
1.8108542 5.291813  1.6238161
3.6713078  2.9769857  0.25269425
 0.7892677   4.9460287  -0.88777936
-0.68611664  4.372944    1.7069544 
-0.19326055  1.8623008   2.8180852 
-1.3972355  7.216517   1.9769044
0.22623669 4.113687   0.02461945
-1.3652799   6.0943255   0.18331455
 0.3012141  5.090888  -1.2890232
-1.3855315  3.030158  -2.460134 
-0.116359   -0.73827815 -2.6196125 
0.23357311 5.3503113  1.4412438 
1.840995  9.260995  1.8205601
 0.64313704  7.621528   -0.09655768
0.11984033 8.328938   0.72101605
 1.9982686  11.261233    0.72096395
-1.3457986   3.5487804  -0.31258687
 1.120362   11.108688    0.15416826
-0.3615368  10.491115    0.06086668
 2.039154   -0.09684923  1.4108546 
-0.9392048  7.7763367 -1.2962226
 2.8822973  10.098627   -0.25262088
 1.269791  11.927076  -0.8627829
 0.4626781  12.10213     0.22263129
-1.4871647  6.042724  -1.1635334
 1.3179638  5.1460834 -1.7946239
-0.60149115  8.594283    0.9674184 
 0.73846525  7.301771   -0.7011868 
 2.3436732  10.203499   -0.08108138
-1.482297   7.9944024 -1.5566828
0.7463015  7.8456435  0.79655623
1.5891315  7.970594   0.03860006
2.3325512 5.3282037 1.8158022
-0.4852234   9.720931   -0.02676445
 0.04954699 10.786617   -0.29767054
-0.55863506  4.1746497   0.08127563
-1.0182183 11.39708    0.288288 
-0.3058581   7.34889    -0.14378121
 2.0667405 -0.7766619  2.223278 
-0.7462648  7.066993   1.0292044
 0.8189138  8.874574  -2.1785557
 0.820313  10.964356  -0.9052587
-0.489013   4.2462225  1.1940404
3.1820102  7.688868   0.95289004
 1.0788779  4.681148  -2.8171506
 0.7577298  7.8326693 -2.156418 
-1.3705431  7.287041   1.4177359
-2.2194412  1.2755432  0.5483413
-0.27821139 11.830181   -0.17379771
0.60935384 9.238346   1.9362545 
-0.085233   5.763704  -0.8241062
 0.7219139  8.821392  -1.4354824
-0.9844597   9.823804   -0.46791273
 1.308761  5.094194 -1.156691
1.4137537 5.161467  2.6202002
-0.14940071  8.332794   -0.25342175
1.4031678  6.3489685  0.10991473
-0.28211203  7.6574006  -2.018463  
-2.2223299  6.261712   0.150504 
 0.5163154  5.2094984 -2.104319 
1.7329044 9.271973  0.7143248
 1.6636624  8.472248  -2.1040804
2.6065862 3.6044598 0.5818478
 0.2696788 10.494403   0.7517173
 1.5339125  8.7547865 -0.4606213
-1.0182331   5.9728966  -0.18047947
-0.09913442 11.498325   -0.27188703
0.29642504 4.8373055  0.01813353
 0.36982924  7.6331253  -1.6437829 
-0.7451737  7.3948526 -2.3098037
1.8688626 5.350245  0.4700279
0.31842533 4.0707965  0.5193135 
 2.2502513   6.5706954  -0.99843097
-1.6682062  3.531047  -1.1729206
 1.2659379  11.240835    0.66389906
 2.2568808 10.397595  -1.0661665
-2.5255668   4.2698417   0.84406656
-0.8601527  7.029511   2.1273367
-0.2421743   7.4901576  -0.70044816
1.4788709 5.2219934 1.987621 
 0.07326079 11.495949    0.49138227
-1.7861403  8.529862   0.6024733
 2.7933147   6.536519   -0.81998867
 1.3548377 11.981261  -1.2571219
-1.3612242  4.168239   1.8482296
-0.55624413  4.4524994   2.1788814 
-1.635412   2.5184786 -2.330134 
 0.4916697   9.412174   -0.21409856
-2.2391534  0.8925465 -1.4120303
-0.6551592 10.701845   1.6849502
 1.0409602 12.338253   1.6494323
 1.9474669   6.5583687  -0.37577748
1.2783262  9.191643   0.85359555
0.78922486 9.142211   0.54174876
0.7977354 5.3753057 1.8853666
1.2288718  0.04317746 1.9541225 
-2.0377407  3.0859146 -2.1009195
 0.08547327 -1.139223   -2.7584388 
-0.53041613  5.8644996  -0.6251633 
-2.6271794   0.43031847 -0.6849497 
-1.0389475   9.7691     -0.95801103
1.1120319 8.997794  2.4514275
 0.28103176  7.183913   -0.08484627
-1.4953804   4.345702    0.54334956
 1.3588694  8.493331  -2.4550025
 0.72432685 11.261761    0.0860246 
0.38150045 0.47554404 2.4036872 
-0.20126286  7.0117145   1.4416963 
 0.7586471  12.3079195   0.60780567
 0.03628775  1.5440565  -0.00379636
 0.80896896 11.947753   -0.8718488 
 0.39877027 10.888572    1.7290931 
 0.82961637  8.705641   -0.7389787 
 0.10158192  4.65429    -0.35433203
-2.2220752   4.399743    0.45403987
3.001833   3.4044313  0.33265674
 1.2161224  10.010835   -0.22982827
 0.03704209  9.554599   -0.20589903
0.6986844 6.9588604 1.2654711
 1.3807458  12.545874    0.93971235
 1.0489576   4.7562976  -0.33677512
-0.4401431  2.260988   2.0512812
-2.3251553  3.666616   2.2418668
 1.494105   10.195363   -0.63161534
 0.13382629  7.7835107  -2.6512835 
-1.4592121  4.2371783  2.4726787
 0.70885015 10.964754    0.2702894 
-1.5915307  6.0079336 -0.6774538
 1.4697776  -0.35351574  2.3182359 
0.3652535 7.079545  1.799977 
-0.59999603 10.700046    0.841896  
 1.714111   8.779432  -1.1923922
 1.5745503 10.1461525  0.6137005
-1.2425596   8.753059   -0.27423277
-2.2530208  4.0747166  1.1764916
-1.8068914  4.0579147  1.62049  
 0.9452028  5.0875783 -2.2867079
-2.2990246  5.9758945 -0.4963088
1.1501632 5.200185  0.7076698
1.9168549 8.062899  1.0508218
-0.48256862  5.7886977   0.22674899
 0.6469801 11.205005  -1.8865533
-2.7342818  5.802173  -0.7256192
-2.2786784  1.1563195 -0.0426864
1.0609258  7.781194   0.07652207
2.003136   3.7973409  0.93686557
 0.7662925 12.224463  -0.3525277
-1.2711438  7.6094255 -2.458393 
-0.82663107 11.479362    0.67743254
 1.5941417  5.201944  -2.1223917
 0.15710196  5.6116223  -0.50015324
2.400392 8.077571 0.152807
-1.5082688  3.352455  -0.8266685
 1.230597  10.001146   0.4030049
 1.1759994  6.488329  -0.9266915
-1.4173194  9.933499  -0.3225962
-0.78799784  4.2703843   1.537492  
0.26571232 2.0482242  2.6495337 
1.724744  8.001182  0.5447301
0.27067322 9.358269   2.165519  
0.5114403  6.18097    0.03888562
1.1979368  5.093463   0.20227516
1.6271268 8.816402  2.700989 
 2.074345   10.216618    0.27006787
-0.46049896 11.268285   -0.9092848 
1.4649533 9.054521  2.2251244
 0.18835048  3.112929   -0.09917587
-0.12533519  9.68503    -0.69601923
-0.8057286  7.487404  -2.733431 
-2.0538867  6.027915  -1.4222074
-2.4714296  5.8321176 -1.2269666
 1.0498428  6.264749  -0.3198242
-1.6442562  4.205866   1.0073513
-2.6587777   0.78252494 -0.07481778
-0.09963083 10.63304     1.0038087 
1.896798   6.5624766  0.06733675
0.30572137 6.7139597  0.47950184
-0.3499682 10.767245   2.1351066
-0.10777462 11.152099   -1.6966231 
 1.5162134  6.772447  -1.4273624
-1.3604678  3.1519027 -2.0676715
-0.30427453  6.9850917   1.0434653 
0.65486246 5.5033226  2.2917602 
 1.0247477  11.018748   -0.23606814
0.927304  2.3885074 2.1110563
1.1320126 3.757869  0.7530265
 3.099694   10.095916   -0.81905854
 1.1267418  8.75612   -1.4322505
-0.9922022   4.2543335   0.34120494
 1.7551173  8.460569  -2.1461418
 0.2184982   8.185523   -0.09286031
-0.49394512  9.8033905  -1.1527591 
 1.6778296  11.550403   -0.15668157
 1.9521654  8.143289  -0.5448275
2.5835886  7.926779   0.82145834
2.2408195 5.1503043 2.167231 
 0.02396395 10.731502    1.4775187 
-0.2960562  7.007808   2.40853  
1.0007637 2.3044293 2.709314 
-0.9031558  2.2847228  2.1806777
-0.62471426  4.2041783   0.6683965 
-1.7061776  4.0379972  2.0047116
-1.6735853  9.630582  -1.1343608
0.2555011 9.075856  0.4940196
 0.32845992  5.304956   -2.5613523 
-0.5794361  1.2526957  3.5210302
-0.75649846  5.993076   -1.0960108 
 1.6732075  8.693206  -1.5789213
 2.0654476 11.294042   1.1111641
 0.30968     5.8275137  -0.08188333
-0.15056099  1.4975077   3.3253598 
 0.01699106  7.6120076  -1.467597  
-0.2063727  11.49841     0.21391973
-1.1945802  2.47178    1.8812478
-1.0536468  6.242565  -1.3429315
-0.74557     8.546624    0.12254548
-1.3578296   8.591881    0.39885622
-1.5121546   4.4036183  -0.12342644
2.8088744 3.6690469 0.9888623
-0.66840446  8.593473    1.3687549 
0.38757086 9.234152   1.2401569 
 1.6948501 11.279617   0.4024186
0.6867164  7.6961803  0.28042346
0.22875565 5.03437    0.5627416 
0.23479149 7.1492977  2.3934827 
 0.71179295 12.420992    1.3382057 
 3.0879853  10.139193    0.06883883
-0.27676472  6.7616935   0.15080991
-0.33059907  2.055639    2.489234  
 0.32934582 10.84509    -0.54969907
 1.3951964 11.199269  -0.2528765
-1.7006934  2.9716115 -1.5801113
0.6062264 5.3448505 1.5582086
1.0730336  7.9672537  0.94703174
 0.11062308  5.2860475  -1.7670543 
 0.85764074  9.917056   -0.49864542
0.89226013 8.996281   2.759764  
-2.933767    0.21096903 -0.71354747
 0.4700515 11.054708  -1.1391753
-0.12148664  4.086407    0.1692724 
-0.6459247   9.73122    -0.05104096
-0.32027695 -1.0801636  -2.77207   
 0.2613386  4.954695  -0.9401091
-1.339845    6.021783   -0.36957377
1.0090606 9.194078  1.6112791
-0.65812266  5.8662667  -0.27287775
3.213997  3.1780324 0.1281222
-0.54005235  9.750171    0.34093198
 2.9224207   3.5943763  -0.32521397
-1.4023949  3.3847504 -1.4074306
-0.5266055  6.799303   3.0756621
-2.010879   3.6580017 -1.1272317
0.28225416 5.1799593  0.95572484
0.8965001 6.8415213 0.9617013
-1.0849729  9.811865  -1.5693563
-1.4129494  4.177362   1.2917354
-0.36888438  9.953404   -1.6324203 
1.9909762 4.980196  2.5224488
-0.35738775 12.921704   -0.55660176
 2.457303   11.238998    0.58747476
0.9504491  9.020038   0.15659937
-2.679042   3.6066055  1.8578001
-0.5986686   9.763743   -0.37139565
-0.8617472   7.668991   -0.95680773
