 0.56054676 14.10938     0.138906  
-0.25707   -1.4061165 -2.9485655
1.8777657 5.307177  2.4100604
-1.2078283  7.419327  -2.8434596
 2.1593087 -1.2435673  2.501109 
 3.3847394   9.915579   -0.58443135
-2.6964116  3.416037   2.1699915
-1.9509792  2.8296213 -2.4890244
-1.0285406  8.728698   1.4256053
 2.3141217   1.5307884  -0.54530025
 1.805465   5.2960453 -1.5231246
-0.15519625 11.078537   -2.1031847 
-0.39309573  0.9842546   3.7489374 
-2.9660242   0.38355863 -0.36106563
-2.6059043   6.0629115  -0.19476727
1.9434426 9.058569  2.3695984
 1.7496477  8.249097  -2.5281687
-0.2361443  4.1506534  0.5850217
 0.78021663 11.14166     0.7432175 
-0.81001604  6.633564    3.267163  
-0.01972048  0.10857983  0.00518129
 0.20370367  7.315214   -0.5288346 
-2.0589457  9.500673  -1.2287402
1.2205621 2.4328268 2.3975198
3.070872   3.4683135  0.78126144
2.8908935 7.9224405 0.5572337
 1.8253955 11.978507  -1.0287155
0.8379159 7.116239  1.6988444
 0.30394033  9.561842   -0.63586676
-0.80927557  2.4177115   1.7001667 
 0.18568096  3.1618068  -1.2496328 
-0.29000464  5.2346196  -1.3642983 
-1.1579701 10.787097   1.3491302
0.81088746 0.24816321 2.052963  
 0.86543036 -0.04317014 -1.9630767 
-1.7706484  3.6792164 -0.7038211
1.3706837  5.426173   0.40353298
-0.39015228 12.514099   -0.5141126 
-0.82864714  5.957953    0.49912053
-1.0906717  4.3538556  2.241609 
-1.6810153  1.2741525 -1.3288398
 2.5679286  11.092557    0.91486317
2.5913532  0.01994675 1.3215742 
0.7358771 9.190444  1.0727361
 2.4068036   6.598581   -0.52059394
-1.6701133   1.5310031   0.48160344
 2.0277374  8.897384  -0.8045725
-1.3368223  7.937197  -0.9213532
 2.3108108  3.8321652 -0.701578 
-1.7333597  6.1784787 -1.6512192
 0.16855949  1.9814999  -0.02566502
 0.6290872  5.1380434 -2.762269 
0.27290553 5.5647545  2.0501485 
1.4581805  3.8137496  0.99501646
-2.0273938  4.228068   0.8322077
 0.22531322  7.7253985  -2.123671  
-0.9070405  7.1103935  1.6365861
 0.96521133  1.8277125  -1.6988302 
-0.87278235  0.12351944 -2.0740907 
 1.7193005 10.379928  -1.1981604
 1.0403092 12.59464    1.2400435
-1.1168869   9.955689    0.04880791
1.1991066  7.897339   0.47471222
-0.35776424 11.070798   -0.5479395 
-0.25183004  8.410539    0.26804647
-0.7280759  9.899401  -1.5840671
0.54433596 9.232922   2.4680016 
 1.5738038  10.110677    0.17123502
 1.1164391  6.681523  -1.3578994
-1.1219414  1.9556832  2.964802 
-1.0359662 11.89322    0.534233 
 1.7471886 13.1179905 -0.2797203
 0.3924031  9.0194645 -1.8656298
 0.6005931  4.688341  -0.3666509
-1.6103754   8.71856     0.09986112
0.35364643 1.8183343  3.1609054 
0.74367857 2.5240984  0.9607737 
1.9932106 9.3824415 1.1500632
 0.5809196   6.0486083  -0.35978368
 2.4458287  0.8233025 -1.5587746
-0.03604232 10.848472    1.8728621 
0.99859875 0.7754119  0.236718  
-0.6678953   3.185358   -0.35238108
2.0849197 8.192473  1.4973679
 0.7729395  11.830361   -0.39638847
2.3195417 5.51501   1.280449 
-0.01503174  6.8503666   0.70918614
-0.8286367  3.2919686 -2.5279932
-2.127768   8.260123   1.2120048
0.12910528 7.1395984  2.7637146 
-0.9762962   5.9820247  -0.76418793
-0.23740128 10.580605    0.61329937
1.7562433  6.5188026  0.45830637
 0.21953171 13.386468    0.94464034
0.11159936 0.91393536 0.91127604
 0.966243  11.185887  -1.3844041
 0.06765148 12.026937    0.62188053
 1.0441282  8.641084  -0.3382188
 1.6484298  11.2892475   0.01631826
 0.7670949  10.661272   -0.35188103
 1.7591349  -0.31970283  1.9684205 
 1.2698903   1.9017797  -0.00506528
0.08107543 5.1593213  0.89678967
-1.0671582   4.2947416  -0.10705127
-0.5640874   0.37886184 -1.0617805 
-0.70712477  1.4724957  -0.8858165 
 1.1674869  3.7721875 -0.4966972
-1.8786466  6.3475456  0.5349116
 2.76877    10.255954    0.28156403
1.1286991 5.2869205 1.4814624
1.9371068  0.57284075 0.6991064 
 0.7721557  5.1220546 -1.6596622
-0.81216866  7.6944246  -1.9178811 
-0.22351675  4.3403606   1.6631197 
 3.4041936   3.3131278  -0.19192803
-2.8476872  5.6692348 -1.1264018
 0.56196886 13.646669   -0.7817887 
 2.1526263   8.077667   -0.19873893
 0.7212883   0.24956778 -0.99193174
 0.2794422   3.5132623  -0.02066313
 2.9693544  6.3481007 -1.3234669
 0.62659824 13.103111    0.06489343
-1.6620991  3.3097904 -1.6633639
-0.56526613  2.6793013   0.7736274 
 2.0904684  6.7382674 -1.5021987
-0.04869181  2.169018    2.260079  
-2.603314    1.031091    0.25747687
 0.65651643 12.092565   -1.3109001 
-1.0611435  4.238082   1.2095199
 1.4589959   4.9829617  -0.66091764
-0.10835585  8.619364    1.2369763 
-0.03298243  9.5432005   0.24534129
-1.9259294  3.9277418  2.3495169
-0.7329082 -0.6474577 -2.6637373
 1.1509786  12.28147     0.36481264
 0.46949643  1.9828497  -0.91136396
 1.4259152   6.4271903  -0.41766626
1.1611376  0.46327114 1.1825881 
 0.94464576  7.626557   -1.5580451 
 1.265528   8.680575  -1.8811376
-0.9440625 10.535752   2.1987815
-2.499056    0.62156695 -1.1041098 
 2.5373309  10.222766   -0.69097626
0.08269276 1.0498164  0.01696633
-0.25809816  5.7240605  -0.26701912
1.2318702 8.790175  2.8555133
0.10622374 9.366078   1.6787014 
-1.1796979  6.9562006  2.5268521
 1.1796526  -0.20804352  2.707031  
-0.81717163  1.541276    0.27566585
-0.40514565  7.629774   -1.1497592 
-1.2424461  7.221016   0.8430464
1.2358782  9.110452   0.36722413
 0.384602   8.792272  -1.0249895
-0.53785866  9.760602   -0.75094813
 0.70640785 10.301487    0.5512254 
 1.5345228  1.5466402 -1.1142346
2.1150577  3.7069206  0.45036662
 1.821404   1.2787491 -1.9301654
 1.3297739  13.781069    0.30051878
2.2493615 3.8963592 1.2840657
-1.4473188  9.794414  -0.7251541
-1.7639936  6.0651226 -0.2660657
 1.474819  11.400105   1.1422683
 0.0309936  5.4215446 -2.1122391
0.15553865 0.69434434 1.7112216 
1.0333412 5.3416553 2.3024628
-1.8618898   4.455039    0.04484093
0.793013   6.722404   0.62948114
 2.0587127  8.722299  -1.6702757
 0.28315195 11.347675    0.04014109
 1.3096824   7.8815413  -0.43617484
-0.39160627 11.301528   -1.3619747 
-0.18944679  7.0494685   1.9998238 
-0.83054245  8.599072   -0.25688535
-2.4202063  3.8597262  1.5677484
0.68674827 5.02114    0.37893414
 1.1268433  10.062554   -0.72217286
-0.94818455  6.2192025  -1.7228539 
0.4995168  8.118016   0.19322714
1.1329308 9.130748  1.9607601
-1.3320785  2.3949714  2.2820663
-2.1293316   5.9245806  -0.99206287
-0.99181074  8.567188    0.5352365 
-0.09113915  4.864928   -0.7188026 
 0.06545251  9.80896    -1.3238878 
0.4698113  8.9730625  0.17337015
-0.5291804  1.5567142  3.2234905
-0.2898536  7.6237946 -2.6686401
 2.6639962   3.6030872  -0.05765465
2.15034    8.011462   0.56791764
 0.84869623  9.8392     -0.01652227
 1.3212796  5.0474234 -2.5091045
-0.6887014   7.5819902  -0.46590656
 2.3544211 11.38668    0.2687719
 2.1484005 10.322319   0.6746838
0.13372795 6.6244     0.02846679
 0.170667   10.259836    0.05471085
-0.67254424 11.604473   -0.1594357 
-0.3677933  5.950665  -1.2377241
 1.3097082  8.760383  -1.0079839
 1.289144  11.834974  -1.5639297
0.95364225 6.094496   0.30509165
 0.38672358 10.698782    1.3044225 
-1.7323523  4.067181   1.5481585
1.4818072 8.079861  1.1048895
2.748558  7.9087405 1.2507093
-1.350473    4.2782197   0.53365535
-2.3015122  0.8342822 -0.3428014
 2.4292316  -0.46275675  1.8262267 
1.6968025 5.3406415 1.0178736
-1.4711429  7.825793  -2.0913563
 0.3776581   5.4498825  -0.06645899
-1.4310832  9.682637  -1.4473238
 2.9913661   3.742394   -0.66379535
0.05549638 9.204076   0.91847026
-0.4141949  11.545499    0.56195104
-0.43300816 10.686634    1.2559536 
 1.6360322 -0.6876769  2.5626075
0.25759995 6.9914055  1.3763577 
-1.5145795  8.504904   1.0136508
-1.038218   10.865776    0.68962634
 0.39488214 12.458626    1.0216198 
-1.4444853  2.6225698  1.619569 
0.15733518 4.2007008  1.126119  
-0.526737  6.895307  2.719045
 1.8873947  10.216148   -0.54004014
 1.423636  11.938896  -0.3161176
 0.382529   7.49812   -1.1407305
2.2993505  6.7329845  0.11834694
 1.6966832  6.6001787 -0.9925186
1.3790592 9.237869  1.3360293
0.1973407 2.6346824 0.034533 
-0.0958      5.6274753   0.35491738
-0.71205074  2.0994802   2.481771  
0.6776216 0.2583259 2.6883125
-0.5621427   6.898927    0.36306778
0.6141293 2.2155898 2.471515 
0.63488024 7.275959   2.3842993 
 0.16876826 11.031735   -0.91200066
0.9062753 2.1361146 3.0972254
 0.7649026   6.370052   -0.92749345
 0.36223137 11.116446   -1.5668572 
-0.381      3.1223173 -2.1174936
 0.32002294  8.571209   -0.28180218
0.7703003 5.2076774 0.9656546
-0.01282878  2.2888377   1.6526474 
2.8158345e+00 8.1852922e+00 1.5468400e-03
1.8112563 5.2917104 1.623728 
3.6710413 2.9772398 0.2519901
 0.7888911  4.9461565 -0.8876142
-0.78534967  4.6185575   1.7834722 
-0.19373643  1.8621278   2.8185306 
-1.3975089  7.21682    1.977315 
0.22597346 4.11377    0.02454761
-1.3653394   6.094595    0.18308678
 0.30035552  5.0910673  -1.2886096 
-1.3859816  3.029688  -2.460491 
-0.13712747 -0.67602676 -2.691838  
0.2333026 5.3504586 1.4412129
1.8410339 9.261529  1.8209214
 0.6432598   7.6212406  -0.09670059
0.1196153 8.329078  0.7215955
 1.9980234 11.261505   0.7212388
-1.3486367  3.5479827 -0.3138618
 1.1197203  11.108617    0.15450941
-0.36199984 10.490961    0.0607154 
 2.0379012  -0.09784387  1.4101433 
-0.9402154  7.776159  -1.2959416
 2.8825045  10.098361   -0.25278017
 1.2689072 11.92707   -0.8626588
 0.46225232 12.101826    0.2232941 
-1.4878485  6.0424237 -1.1633877
 1.3178513  5.1459813 -1.7947805
-0.601167   8.594372   0.9674502
 0.73844063  7.302053   -0.7012205 
 2.3428457  10.203397   -0.08092356
-1.482579   7.9944105 -1.5567484
0.74652743 7.845763   0.79676837
1.5885509  7.970882   0.03862873
2.3332098 5.328257  1.8159039
-0.4850644   9.720754   -0.02678907
 0.04951515 10.786634   -0.29806703
-0.5587454   4.174523    0.08112475
-1.0187335  11.39653     0.28848493
-0.30591494  7.349161   -0.1436684 
 2.0654416 -0.7761661  2.2232764
-0.74635386  7.067191    1.0291743 
 0.8190877  8.874555  -2.1786313
 0.81986105 10.964323   -0.90513784
-0.48905867  4.2463803   1.1941564 
3.1822088 7.6888776 0.953109 
 1.0753608  4.670017  -2.812403 
 0.7563688  7.8327146 -2.15621  
-1.3712524  7.2875166  1.4181807
-2.2186916   1.2751067   0.54970336
-0.3286523  12.01917    -0.20056844
0.6087908 9.23855   1.9364934
-0.08557011  5.763574   -0.8238953 
 0.72127116  8.821532   -1.4352789 
-0.98472244  9.823851   -0.46806866
 1.3086826  5.094142  -1.1564103
1.4139563 5.16141   2.619985 
-0.14928903  8.332513   -0.25345165
1.4030855  6.348859   0.11003634
-0.28285056  7.6574435  -2.0184054 
-2.2224185   6.2618346   0.15067361
 0.5152855  5.2095013 -2.104028 
1.7328106 9.272374  0.7142493
 1.6231    8.837674 -2.223495
2.6061184 3.6042008 0.5825334
 0.26920694 10.494396    0.75218314
 1.5340624   8.754826   -0.46035895
-1.0181035   5.972949   -0.18070504
-0.09946982 11.498294   -0.27162504
0.29636425 4.8375015  0.01829274
 0.3691877  7.6332045 -1.6436325
-0.75664085  7.3715754  -2.3060267 
1.8682489  5.3508096  0.47038972
0.31791803 4.0709987  0.5192973 
 2.2501447  6.5707226 -0.9982353
-1.6682857  3.5309713 -1.1727376
 1.2657126 11.241223   0.6641831
 2.2566004 10.397768  -1.0663096
-2.5255616   4.2699437   0.84433556
-0.8608741  7.029251   2.1276789
-0.24277964  7.490146   -0.6997969 
1.478408  5.221673  1.9877754
 0.07333894 11.495975    0.49137366
-1.7862539  8.529599   0.6024502
 2.7935011  6.5357823 -0.8203781
 1.3519301 12.268057  -1.3451319
-1.3613489  4.1680994  1.8486   
-0.5563941  4.4524865  2.179336 
-1.6441102  2.4902265 -2.3264813
 0.49162585  9.4118185  -0.21430635
-2.2393718  0.8909248 -1.4128525
-0.6557847 10.7016945  1.6852365
 1.0418174 12.338505   1.6502897
 1.9471655   6.558774   -0.37550244
1.278188  9.191782  0.8535112
0.7889407 9.142581  0.5415567
0.7974762 5.375209  1.8856297
1.2281936  0.04296181 1.9548028 
-2.0390117  3.088827  -2.1006725
 0.08677604 -1.1394432  -2.7583268 
-0.5306325   5.8645067  -0.62523776
-2.627039    0.42960325 -0.684229  
-1.0396433  9.769386  -0.9577354
1.1116077 8.997798  2.4515166
 0.28079534  7.183815   -0.08507866
-1.6631773  4.625602   0.5679821
 1.3594285  8.493187  -2.4552827
 0.7384254  11.430803    0.08366868
0.38084006 0.4762613  2.4047036 
-0.2010149  7.011759   1.4415944
 0.75838363 12.308029    0.60840183
 0.04013298  1.539242   -0.00281689
 0.80850935 11.947927   -0.8717386 
 0.3981781 10.888723   1.7294499
 0.82948846  8.705902   -0.7387731 
 0.10177755  4.6536665  -0.35435712
-2.222377   4.4000483  0.4542725
3.0014222  3.4043343  0.33268803
 1.2154653  10.0108795  -0.22966672
 0.03660343  9.554674   -0.20598415
0.6990827 6.9590106 1.265068 
 1.380821 12.545975  0.940134
 1.0492642  4.7554092 -0.3369805
-0.44087082  2.2613246   2.0519934 
-2.3256316  3.6667652  2.2425754
 1.4711564 10.364552  -0.640534 
 0.1336208  7.7837276 -2.651833 
-1.4592605  4.23751    2.4736314
 0.7085938  10.964888    0.27070922
-1.5919546   6.007654   -0.67769134
 1.4688997 -0.3537167  2.3182318
0.36554122 7.0792184  1.7996609 
-0.60051185 10.700132    0.84209055
 1.714153   8.779547  -1.1922684
 1.574621   10.146171    0.61386114
-1.2424465   8.75348    -0.27395985
-2.253883   4.0746117  1.1769623
-2.0118043  4.365807   1.7089775
 0.94451284  5.0878     -2.2867255 
-2.2995028  5.976038  -0.4963066
1.1500643  5.2000594  0.70746356
1.9164952 8.06283   1.0509038
-0.48273194  5.7884927   0.22671707
 0.64701945 11.205828   -1.8867441 
-2.7346585  5.8025713 -0.7253256
-2.2896545   1.1538041  -0.04445533
1.0604115  7.7811427  0.07674742
2.002562   3.7971516  0.93787897
 0.770014 12.265885 -0.378265
-1.2714587  7.6089935 -2.458778 
-0.82660824 11.479018    0.6774589 
 1.5949945  5.201756  -2.1232476
 0.15732454  5.611201   -0.5000248 
2.4006286  8.077796   0.15275459
-1.5224321   3.331717   -0.82079625
 1.2306957  10.00099     0.40350994
 1.1756996   6.4885616  -0.92672503
-1.4173574  9.934072  -0.3229031
-0.7878324  4.2698045  1.5376203
0.2649564 2.0481126 2.6502626
1.7246372  8.00136    0.54497385
0.2703855 9.358357  2.1657548
0.5109895  6.180918   0.03865441
1.1981716  5.093148   0.20245537
1.627233  8.816255  2.7007234
 2.0735111 10.216572   0.270555 
-0.4608532  11.268451   -0.90861326
1.4645842 9.054934  2.225412 
 0.19859317  3.1061783  -0.10152096
-0.12576771  9.685239   -0.69572264
-0.80622417  7.4873257  -2.7329085 
-2.0541632  6.0277267 -1.4223489
-2.4718888  5.832251  -1.2265015
 1.0493176  6.264765  -0.3197582
-1.645205   4.2049036  1.007734 
-2.658372    0.78220963 -0.07437806
-0.09983659 10.633005    1.0043617 
1.8967344  6.562474   0.06749845
0.3052333  6.7138114  0.47949183
-0.34981656 10.7673      2.135196  
-0.10894548 11.152516   -1.6965934 
 1.5161588  6.7724967 -1.4273853
-1.3618252  3.151711  -2.0675356
-0.3040118  6.9852457  1.0435257
0.65472215 5.5035815  2.2919025 
 1.0248519 11.018619  -0.236061 
0.9275986 2.3878453 2.1116421
1.1264217 3.7428038 0.7634191
 3.0996056  10.095231   -0.81910914
 1.1262853  8.756268  -1.4320048
-0.9922488   4.254328    0.34075814
 1.7553093  8.460554  -2.1462657
 0.21852417  8.185478   -0.09288426
-0.49439663  9.803435   -1.1526809 
 1.6861637  11.675156   -0.15428412
 1.951551  8.143185 -0.544842
2.5836098 7.9267063 0.8214255
2.2412333 5.150465  2.167037 
 0.02419078 10.731318    1.4774843 
-0.29576287  7.0072      2.4084678 
1.0009956 2.3046868 2.7093883
-0.90350854  2.2848928   2.1813066 
-0.62433994  4.2041903   0.6677514 
-1.7061692  4.037979   2.005294 
-1.6741207  9.630808  -1.1344512
0.25541827 9.0760765  0.49406075
 0.3283997  5.3052692 -2.5614965
-0.5798128  1.2530472  3.522305 
-0.75672233  5.992764   -1.0960335 
 1.6730115  8.693538  -1.5788643
 2.0654612 11.294398   1.1113364
 0.31302592  5.8414073  -0.08067966
-0.1511142  1.4975933  3.3263347
 0.01643296  7.612018   -1.4675822 
-0.20636854 11.498465    0.21376069
-1.1944604  2.4726508  1.8818094
-1.0578969  6.2663817 -1.3494658
-0.7453645   8.546703    0.12211488
-1.3583328   8.591878    0.39881223
-1.5123061   4.4037623  -0.12349924
2.8086479 3.668905  0.9895604
-0.6676437  8.592895   1.3689282
0.38728744 9.234406   1.2401401 
 1.6942992 11.279561   0.4025874
0.6866849  7.6963034  0.28072134
0.22825035 5.034504   0.56324047
0.23493442 7.1490364  2.3934615 
 0.71142507 12.421013    1.3390903 
 3.0886033  10.139333    0.06869029
-0.27682972  6.7615423   0.150662  
-0.3308913  2.0556796  2.4897158
 0.32909116 10.84496    -0.5497012 
 1.3949865  11.199348   -0.25294477
-1.7169557  2.9442239 -1.5735488
0.6060958 5.344868  1.5585623
1.0732543  7.9674907  0.94696903
 0.10973921  5.2861547  -1.766784  
 0.857888    9.916697   -0.49890476
0.89200515 8.996366   2.7596488 
-2.9335096  0.2103721 -0.7129959
 0.46961936 11.054817   -1.1391282 
-0.12119153  4.0858603   0.16910478
-0.7257366  10.009297   -0.05754756
-0.31816876 -1.0788195  -2.772818  
 0.2609915  4.9543552 -0.9401907
-1.3395675  6.0218563 -0.3700751
1.0089409 9.193888  1.6112413
-0.65802425  5.866252   -0.27294755
3.2135794  3.1741514  0.12775719
-0.53994095  9.75014     0.3411157 
 2.9220822   3.5941358  -0.32550502
-1.4038165  3.3846931 -1.4064771
-0.5263902  6.7989545  3.0758178
-2.010859   3.657922  -1.1271296
0.24671942 5.473667   0.9923948 
0.89645976 6.8416615  0.9618434 
-1.0849562  9.812386  -1.5689865
-1.413574   4.176301   1.2923217
-0.36890355  9.954134   -1.6324887 
1.9900103 4.9777117 2.5241253
-0.4009667  12.873834   -0.58169514
 2.4577024  11.239227    0.58744335
0.9505111  9.02004    0.15673593
-2.6794796  3.606854   1.8583893
-0.59886897  9.763697   -0.3712144 
-0.86236215  7.668799   -0.9565417 
