 0.56054676 14.10938     0.138906  
 0.86543036 -0.04317014 -1.9630767 
2.0577965 5.681243  1.1398364
0.02612183 1.48473    0.00254259
1.5413482 8.026619  1.2353213
-7.4378967e-01  4.3961606e+00  2.2277795e-03
 0.02499216  1.4679186  -0.00315386
 0.02476342  1.4874145  -0.00223984
-0.20312673  5.905524   -0.77178925
 2.2493012e-02  1.4733180e+00 -8.7543577e-04
-0.00356533  0.12893456  0.00316866
 2.3141217   1.5307884  -0.54530025
 0.18568096  3.1618068  -1.2496328 
-0.00363362  0.1284081   0.00289379
 0.33908874  9.646329   -0.19712496
 0.6662722  7.4278393 -1.0579169
-0.01972048  0.10857983  0.00518129
0.07341701 0.8790356  0.00790577
 0.02730174  1.4942136  -0.00412728
-0.0047187   0.12954386  0.00519013
-0.6676437  8.592895   1.3689282
1.9371068  0.57284075 0.6991064 
 0.04871632  1.4910653  -0.00295593
0.18303779 2.4439116  0.02168093
 1.2698903   1.9017797  -0.00506528
2.8423704e-02 1.4828285e+00 1.0481812e-03
 0.0232138   1.478286   -0.00265332
2.8303549e-02 1.4779943e+00 8.2467869e-04
-0.00257221  0.12442286 -0.01379266
 1.784873   6.507869  -0.8089263
 2.9530086e-02  1.4881674e+00 -4.0379912e-04
 0.0231104   1.4840866  -0.00193767
 0.02565376  1.4855672  -0.0070967 
-0.00109827  0.1292172   0.0018801 
0.03056321 1.4804245  0.00217399
 1.7930446  9.013851  -0.9564267
-0.00330862  0.12906265  0.00312432
 0.28079534  7.183815   -0.08507866
2.4041623e-02 1.4834790e+00 9.8784268e-04
 0.3468933  7.6965375 -1.9969299
-0.21606311  9.968668   -1.2460293 
 0.7384254  11.430803    0.08366868
-2.278736   6.0206246 -0.8383493
 0.02411384  1.4834781  -0.0027774 
 2.3798130e-02  1.4814866e+00 -1.1667274e-03
 0.84796613 11.200805   -1.1266727 
 0.7985668   8.683893   -0.14026986
0.05130498 1.4998606  0.00429255
 0.21015286  2.9846604  -0.03853239
 2.8202504e-02  1.4889408e+00 -8.4728375e-04
 2.1868072e-02  1.4802061e+00 -1.4644880e-03
0.14484413 2.5621758  0.17486894
0.02902556 1.4863452  0.00337655
-0.00336216  0.12948416  0.00416812
 3.6289111e-02  1.4877548e+00 -6.4216182e-04
0.29490915 9.538943   1.4696456 
 2.7483225e-02  1.4872944e+00 -1.4305469e-03
1.0604115  7.7811427  0.07674742
0.08269276 1.0498164  0.01696633
-0.00365804  0.12850411  0.00426501
 0.02549146  1.4882491  -0.00466401
-0.75664085  7.3715754  -2.3060267 
 0.03040929  1.4910424  -0.00331724
-0.01282878  2.2888377   1.6526474 
 0.81257826  6.407278   -0.97585666
3.2260820e-02 1.4930602e+00 1.1635534e-03
 2.5310099e-02  1.4784572e+00 -1.3137423e-03
 0.62522584 10.394435    0.30420524
0.7889407 9.142581  0.5415567
3.0042075e-02 1.4857931e+00 7.4736401e-04
0.29185736 3.6175232  0.00456665
-0.3192889   8.354243   -0.13685346
0.12616475 0.9748144  0.05141111
-0.86236215  7.668799   -0.9565417 
 0.02704399  1.482907   -0.0030606 
 0.06765148 12.026937    0.62188053
 0.02848208  1.5057347  -0.00186008
 0.0308262   1.4874244  -0.00212906
 3.5651192e-02  1.4925728e+00 -1.1318065e-03
0.99859875 0.7754119  0.236718  
 1.1674869  3.7721875 -0.4966972
-1.0527202  2.4217503  1.7716557
-1.6810153  1.2741525 -1.3288398
-1.2956803   8.672594   -0.02345467
 1.6861637  11.675156   -0.15428412
2.6045077e-02 1.4858350e+00 5.2655861e-04
0.10415706 1.0068995  0.07670802
-2.627039    0.42960325 -0.684229  
 0.0252531   1.4793782  -0.00262361
-0.7257366  10.009297   -0.05754756
 0.26672438  1.9915676  -0.07654347
 1.701771  -0.5830816  2.1393368
 2.3015380e-02  1.4802997e+00 -9.3441829e-04
0.22597346 4.11377    0.02454761
0.11407748 1.00051    0.05082328
 0.02387298  1.4804254  -0.00333509
 2.5251754e-02  1.4754604e+00 -6.3471496e-04
-0.01446416  0.18337844 -0.09832616
-0.13712747 -0.67602676 -2.691838  
2.7462907e-02 1.4822828e+00 1.5605241e-05
0.26771137 0.9550116  0.08216315
0.03535427 1.4984473  0.00381996
0.1973407 2.6346824 0.034533 
0.11704785 0.99131036 0.05801958
 2.5122204  6.628     -0.2328082
-1.7169557  2.9442239 -1.5735488
-0.00401945  0.1289942   0.00456383
0.11965796 0.99967635 0.05510262
 0.0296125   1.4912301  -0.00305153
-0.6678953   3.185358   -0.35238108
-0.00385472  0.12869638  0.00363129
-0.381      3.1223173 -2.1174936
 2.4084255e-02  1.4801828e+00 -1.3952665e-03
-0.3286523  12.01917    -0.20056844
-0.00379883  0.12887983  0.00345315
2.2784762e-02 1.4802387e+00 1.0353774e-03
-0.6557847 10.7016945  1.6852365
 0.02628689  1.4845555  -0.00243986
 0.37562457  3.5070097  -0.01486911
0.1196153 8.329078  0.7215955
 0.62659824 13.103111    0.06489343
2.870065  7.7419724 0.7982729
 0.4598549   8.858689   -0.87538457
-1.5886157   6.34139     0.15767238
 1.5345228  1.5466402 -1.1142346
 2.1526263   8.077667   -0.19873893
-0.00416868  0.12929592  0.00366548
-0.00418687  0.12870325  0.00282295
 1.2796259  11.579803    0.89916056
 1.7626913  6.680827  -1.6440908
 2.0342357e-02  1.4729716e+00 -5.5000186e-04
 0.02691748  1.4728097  -0.00183936
-1.6701133   1.5310031   0.48160344
0.03283267 1.4832376  0.00467951
 0.02954561  1.4833705  -0.00241955
 0.05852568  1.4941328  -0.00357422
 0.12427938  5.239314   -2.0718129 
 2.3610584e-02  1.4837884e+00 -1.3802610e-03
1.8777657 5.307177  2.4100604
0.24671942 5.473667   0.9923948 
 1.0403092 12.59464    1.2400435
-0.00360368  0.12982891  0.00278756
-0.8770172  7.0967803  0.9794127
 0.02659339  1.4910071  -0.00192065
3.1098858e-02 1.4905844e+00 1.1491776e-03
-0.87278235  0.12351944 -2.0740907 
1.3706837  5.426173   0.40353298
2.2418191  3.7040088  0.97823834
1.2883167 9.340314  2.1655662
 0.54829335  9.089753   -1.7870041 
-2.2896545   1.1538041  -0.04445533
 2.9693544  6.3481007 -1.3234669
-0.81717163  1.541276    0.27566585
-0.00243095  0.13232106  0.00322422
0.15553865 0.69434434 1.7112216 
-0.5443418   5.9766273   0.31012958
-1.5224321   3.331717   -0.82079625
2.9113255e-02 1.4884251e+00 4.5888126e-05
-0.07740423  1.4642494  -0.00638865
 0.07813083 11.183674   -1.8582858 
-0.00407562  0.12913047  0.00401133
 2.9192045e-02  1.4854547e+00 -9.1927871e-04
-0.00265511  0.12864761  0.00283281
 0.7212883   0.24956778 -0.99193174
 0.03230056  1.4907211  -0.00410954
 0.03728075  1.487983   -0.00292669
 2.643855e-02  1.477034e+00 -8.467138e-04
 0.36860278  4.7181826  -0.09556908
 0.02765022  1.490151   -0.00368006
0.5109895  6.180918   0.03865441
-0.00473826  0.12980822  0.00512652
-0.00431616  0.13042079  0.00431447
 2.5402033  10.259976   -0.31166768
 0.02614259  1.4773496  -0.0033801 
3.2135794  3.1741514  0.12775719
0.11159936 0.91393536 0.91127604
 0.02622733  1.4801128  -0.00168793
1.4826264  6.3879285  0.16648346
 1.3297739  13.781069    0.30051878
 0.02897224  1.4860454  -0.00185956
 2.3108108  3.8321652 -0.701578 
1.6511402 9.497482  0.9815202
-0.5308751  10.82473     0.53723985
3.3345893e-02 1.4797689e+00 3.5717711e-04
 1.4711564 10.364552  -0.640534 
 0.26913244  2.0683355  -0.00263363
0.11949563 0.9883474  0.05260653
-0.5640874   0.37886184 -1.0617805 
-1.8104389  8.461938   1.0338943
 0.04013298  1.539242   -0.00281689
-1.6441102  2.4902265 -2.3264813
1.1264217 3.7428038 0.7634191
2.3934044e-02 1.4809182e+00 1.4666207e-03
-0.00421768  0.13790506  0.00227521
-0.78534967  4.6185575   1.7834722 
0.75231385 2.348551   2.247405  
-0.00366008  0.12850966  0.00413813
-0.70712477  1.4724957  -0.8858165 
 1.0753608  4.670017  -2.812403 
0.18751225 2.5349362  0.04155896
 0.16855949  1.9814999  -0.02566502
 0.01181061  1.4745253  -0.00949646
 1.2221651   4.868468   -0.78743374
0.47762132 7.227595   1.850109  
 0.37199545 10.882204    1.289684  
-0.02744629  4.9528637  -0.9532068 
1.1611376  0.46327114 1.1825881 
 1.7471886 13.1179905 -0.2797203
3.4575924e-02 1.4907272e+00 1.8551946e-06
 0.21974102  3.1079702  -0.01623226
 0.02491347  1.4861308  -0.00226077
 0.46949643  1.9828497  -0.91136396
 1.6231    8.837674 -2.223495
 0.02675355  1.4852474  -0.00215174
-2.0118043  4.365807   1.7089775
-1.0578969  6.2663817 -1.3494658
 0.56196886 13.646669   -0.7817887 
 0.2794422   3.5132623  -0.02066313
6.4930320e-04 4.3653717e+00 9.2830360e-01
-0.4009667  12.873834   -0.58169514
0.03264856 1.484968   0.00260028
 0.770014 12.265885 -0.378265
0.74367857 2.5240984  0.9607737 
 2.0379012  -0.09784387  1.4101433 
-1.0359662 11.89322    0.534233 
 2.2196777e-02  1.4783742e+00 -4.0044263e-04
 1.3519301 12.268057  -1.3451319
-0.16336995  1.7319891   2.7729576 
 0.19859317  3.1061783  -0.10152096
 2.2558562e-02  1.4795732e+00 -1.3271235e-03
 0.21953171 13.386468    0.94464034
-0.00403691  0.12904729  0.00234857
0.7199955  0.27073607 2.2769167 
 0.03230539  1.4639492  -0.00568873
 1.821404   1.2787491 -1.9301654
-0.01133472  0.13437547 -0.00764405
-0.17406312 11.189107   -0.7051519 
 0.03092799  1.4969956  -0.00165728
 2.301608  11.395111   0.8059612
0.3568973  5.303473   0.05684718
-0.00529592  0.12860836  0.00360581
0.00229166 0.13434058 0.00228518
0.5976614  6.89987    0.83311766
 1.6889057  5.0556026 -1.7278594
0.03120039 1.4819157  0.00252766
0.08777745 1.0775702  0.03568467
-1.4627006  9.773205  -1.0304526
 2.4458287  0.8233025 -1.5587746
2.2046827e-02 1.4789381e+00 4.7763065e-04
0.71800685 5.7003746  2.0340686 
-0.56526613  2.6793013   0.7736274 
-1.6631773  4.625602   0.5679821
 0.96521133  1.8277125  -1.6988302 
-0.00391609  0.12882757  0.00278463
-0.5907979  6.9377565  2.4605274
 0.02723544  1.4918975  -0.00209748
