 0.60416687 14.232283    0.2786181 
 0.749155   13.820017    0.05087761
 0.5248602  14.185415   -0.14951655
 0.38564488 13.827935    0.07009687
-0.2557885 -1.404659  -2.949965 
-0.25986874 -1.4114553  -2.9490585 
-0.25707594 -1.4106486  -2.9502826 
-0.36071405 -1.082742   -2.790753  
1.6029465 5.194794  2.224732 
1.8387994 5.1741157 2.1689882
1.6411746 5.2264338 1.8416734
1.4000803 5.245151  2.050809 
-1.2090433  7.419037  -2.8446224
-1.2081481  7.419365  -2.8445573
-1.2079802  7.419819  -2.8447168
-1.220331   7.5585785 -2.6012845
 2.156338  -1.2423004  2.5012763
 2.1600509 -1.2444195  2.5043068
 2.1592705 -1.2399558  2.4994586
 2.0208068 -0.8930918  2.3766987
 3.3845596   9.916705   -0.58281076
 3.384245   9.916743  -0.5824329
 3.3855429  9.915914  -0.5841404
 3.1136055  10.041326   -0.52387553
-2.6970603  3.4159083  2.171564 
-2.696301   3.4160905  2.1704526
-2.6973693  3.4156327  2.1695616
-2.699947   3.4363797  2.1343246
-1.9518411  2.830167  -2.4897778
-1.9515231  2.8300376 -2.4883833
-1.9507616  2.8302057 -2.4888573
-1.9264477  2.920623  -2.333372 
-1.0299796  8.727094   1.4263414
-1.0294876  8.728021   1.4257948
-1.0119277  8.708719   1.3904009
-1.290942   8.624586   1.1923053
 2.0743163   1.6581862  -0.25442675
 2.4016635  1.4548568 -0.6435951
 1.9875311  1.4591677 -0.994554 
 1.6597555  1.6090431 -0.5377091
 1.8034949  5.295899  -1.5222753
 1.8039312  5.295611  -1.5230403
 1.8049417  5.296161  -1.5237173
 1.5035856  5.1819034 -1.413609 
-0.1555689 11.078279  -2.1040978
-0.15540256 11.078345   -2.1038518 
-0.15572111 11.078922   -2.1039867 
-0.2298919 11.169893  -1.794729 
-0.3904052   0.98362404  3.7498875 
-0.39148536  0.9855307   3.7497098 
-0.39145154  0.98614913  3.7507157 
-0.42580682  1.1507537   3.599427  
-2.967141    0.38521418 -0.36219513
-2.9668922   0.38332406 -0.36107984
-2.9667172   0.38435507 -0.36014622
-2.9686992   0.36953604 -0.37936646
-2.605866    6.0635056  -0.19477597
-2.6063125   6.062962   -0.19440448
-2.6061769   6.0627     -0.19525069
-2.6109536   6.0390406  -0.24865568
1.9426824 9.058414  2.3702266
1.9429373 9.058411  2.3694913
1.943967  9.059282  2.3686721
1.6846802 9.052137  2.2250514
 1.7497717  8.249521  -2.528747 
 1.7504147  8.249245  -2.5283408
 1.7503262  8.2493725 -2.5285442
 1.6026684  8.407694  -2.3276737
-0.23633653  4.1503744   0.58593637
-0.2364217  4.150775   0.585103 
-0.23608334  4.1508493   0.58504224
-0.53666294  4.192033    0.5931103 
 0.7798521 11.141832   0.7428171
 0.7801603  11.141497    0.74417347
 0.7801275  11.141192    0.74331254
 0.7428778 11.097315   0.6014466
-0.81003493  6.634639    3.2659092 
-0.8103716  6.6337295  3.2672021
-0.8097614  6.6335974  3.2664015
-0.8882186  6.738085   2.9964201
0.10377876 0.46324995 0.01901946
 0.09792973  0.23359373 -0.03077893
 0.05497447  0.3697352  -0.43884978
-0.14297211  0.4514631  -0.22835565
 0.20376989  7.3146253  -0.5289748 
 0.20399314  7.31486    -0.5287633 
 0.20443666  7.3156943  -0.5291236 
-0.06335089  7.3921475  -0.5545937 
-2.0598195  9.49969   -1.2290958
-2.058796   9.499995  -1.2294794
-2.05921    9.500497  -1.2293781
-2.0428164  9.504532  -1.2168741
1.219483  2.4310899 2.3974946
1.2207942 2.4318655 2.3974907
1.2183003 2.4312189 2.3898726
0.91845906 2.3572962  2.2422342 
3.0715988  3.4685946  0.78066015
3.0718234  3.4671686  0.78140354
3.071417  3.4679837 0.7809325
2.7679605 3.5794647 0.6984202
2.89099  7.922485 0.557599
2.8908405  7.9227014  0.55635405
2.8913217  7.9226108  0.55710775
2.5906823  7.987303   0.51138496
 1.8255897 11.978124  -1.0282348
 1.8258171 11.977943  -1.0293216
 1.8261044 11.978341  -1.0300456
 1.5357804 11.927784  -0.896531 
0.83850944 7.116753   1.6993327 
0.8381239 7.116875  1.6990323
0.8375496 7.11619   1.6984656
0.5595205 7.0579386 1.6511326
 0.30385128  9.561211   -0.6361271 
 0.3040931   9.5618725  -0.63567126
 0.304705   9.561985  -0.6367331
 0.02485016  9.624604   -0.60308284
-0.80923456  2.4173675   1.6998461 
-0.8100895  2.4175336  1.6998444
-0.8105269  2.417605   1.6994182
-1.0389082  2.462797   1.7123108
 0.07629906  3.1605568  -0.93192613
 0.37511158  3.2236557  -1.2929828 
-2.4528652e-03  3.2632036e+00 -1.5788957e+00
-0.32571936  3.2856607  -1.1642275 
-0.28980875  5.235365   -1.3643372 
-0.2899107  5.2347217 -1.3642198
-0.29026288  5.23555    -1.363561  
-0.27405   5.238655 -1.359626
-1.157506  10.786748   1.3487542
-1.1577113 10.786903   1.3494556
-1.1575632 10.787134   1.3488694
-1.1465033 10.786148   1.3621621
0.81067306 0.23903877 2.0904508 
0.812199   0.24766833 2.0528882 
0.81105375 0.311079   1.9705467 
0.4930075  0.50636756 1.9147444 
 0.6768343   0.10666537 -1.6406124 
 1.0395956  -0.04447834 -2.090613  
 0.61637384 -0.312123   -2.3920834 
 0.19726717 -0.12009681 -1.9135002 
-1.7700558   3.6793113  -0.70504844
-1.7705072  3.679312  -0.7039097
-1.7695564  3.678897  -0.7041559
-1.7774335  3.6768723 -0.7370003
1.1911892  5.2456784  0.65241885
1.3681705 5.2243404 0.4055259
1.1241871  5.117416   0.23651046
0.86643124 5.1239805  0.4734867 
-0.17096314 12.577395   -0.15927458
-0.02102146 12.415257   -0.49470207
-0.27342224 12.69705    -0.63578176
-0.3951556  12.606445   -0.35358757
-0.8283548   5.9583044   0.49850607
-0.8285811   5.9586625   0.49842846
-0.8275368  5.958725   0.4980617
-1.0789988   6.0413694   0.35181338
-1.0911989  4.3541284  2.2421994
-1.0914477  4.3538547  2.2416298
-1.0916762  4.353721   2.241493 
-1.3324628  4.2363524  2.120492 
-1.5507791   1.195323   -0.82376885
-1.350774   1.271423  -1.2166831
-1.7014881  1.1539178 -1.4610422
-2.012145   1.0105379 -1.1014943
 2.5668712 11.092002   0.9158696
 2.567827  11.093787   0.9139428
 2.5685413  11.093241    0.91434807
 2.318122   11.185716    0.85191983
2.5149412  0.02010851 1.4088831 
2.5883822  0.02415772 1.3224545 
2.5209823  0.10750493 1.1997267 
2.15255    0.21162377 1.2159942 
0.7361089 9.189865  1.0726098
0.7357176 9.190402  1.0726396
0.7355641 9.19012   1.0725541
0.45010155 9.18883    1.0430005 
 2.4064887  6.5984316 -0.5200593
 2.4069138   6.5985556  -0.52071536
 2.4072793  6.5986342 -0.5205621
 2.0977116   6.585726   -0.52043325
-1.6709532   1.5474222   0.60846597
-1.4628232   1.5429001   0.34684223
-1.6941947   1.3893214   0.01422533
-2.0686362   1.3086282   0.36269102
 2.0282888  8.897984  -0.8025246
 2.0286899   8.896982   -0.80438024
 2.030239   8.897279  -0.8052858
 1.6937014  8.802336  -0.7445882
-1.3366061  7.9373307 -0.9212502
-1.3371359   7.9373174  -0.92115813
-1.3359807   7.9372373  -0.92166823
-1.3550997  7.960605  -1.0256288
 2.2298627   3.658969   -0.21381935
 2.361122   3.7604568 -0.6646193
 2.049512   3.8134925 -0.7528224
 1.752619   3.773465  -0.4321496
-1.7334867  6.1775656 -1.6513327
-1.7336882  6.1779065 -1.6509731
-1.7339721  6.1787686 -1.6512189
-1.928682   6.0442696 -1.4191169
0.2808857  2.0178416  0.10546649
 0.20176524  1.9672612  -0.01927219
 0.23022613  2.007554   -0.25334367
 0.11017084  2.0006385  -0.07641584
 0.6294039  5.137778  -2.761787 
 0.62924993  5.1377487  -2.7627733 
 0.62942183  5.137378   -2.7625566 
 0.5234924  5.2134576 -2.4973903
0.27248895 5.5650506  2.049125  
0.2723863 5.564348  2.049768 
0.27210885 5.564491   2.049573  
0.28658307 5.5556417  1.9654391 
1.4577557 3.8136106 0.996178 
1.4582504  3.8140147  0.99505526
1.4580895  3.8129625  0.99332166
1.2289749  3.7318237  0.76760644
-2.0274737   4.228289    0.83204734
-2.0276387   4.2280197   0.83227545
-2.0279408   4.2280707   0.83183813
-2.2424128   4.221108    0.91032827
 0.225057   7.7249227 -2.1226697
 0.22537592  7.725424   -2.1228695 
 0.22583574  7.7255597  -2.1239321 
-0.02841681  7.676536   -1.9511646 
-0.90655917  7.1097736   1.6364372 
-0.9073227  7.1099625  1.6365005
-0.90718424  7.110097    1.6352946 
-1.1764193  7.1618185  1.6324211
 1.0746484  1.7875336 -1.1501076
 1.25939    1.6629038 -1.6066097
 0.8988485  1.8965992 -1.826745 
 0.7295923  1.9172454 -1.3939775
-0.68685734  0.30521816 -1.6123902 
-0.42987004  0.02659583 -2.0450015 
-0.8572476  -0.03109887 -2.3159575 
-1.0852554  0.249933  -1.8990606
 1.7204449 10.380216  -1.1979519
 1.7208781 10.379997  -1.1980267
 1.7196107 10.380116  -1.1980523
 1.5837722  10.287411   -0.99570477
 1.0405141 12.594021   1.2389506
 1.0412887 12.594019   1.2393516
 1.0405929 12.59464    1.2387733
 0.80500335 12.499975    1.0201657 
-1.1170733   9.955178    0.04862155
-1.1165757   9.955604    0.04818944
-1.1161174   9.956102    0.04843719
-1.244754    9.952341   -0.12697765
1.1993145  7.8974285  0.47431207
1.1994423 7.8973594 0.4748048
1.1990975  7.8974137  0.47455457
0.9599389 7.8331046 0.4354112
-0.35584635 11.07106    -0.5489452 
-0.35799727 11.070042   -0.54794264
-0.35680532 11.070865   -0.55004257
-0.4131722  11.157008   -0.57092047
-0.25248718  8.4097805   0.2689289 
-0.25191632  8.410787    0.2684847 
-0.25197142  8.41099     0.26800978
-0.56069267  8.497287    0.30284318
-0.72877616  9.898784   -1.5837    
-0.7281938  9.899087  -1.5838012
-0.7284255  9.899127  -1.5836731
-0.9451865  9.810161  -1.3954704
0.544179  9.232452  2.4681425
0.5441091 9.232405  2.4677184
0.5437932 9.233216  2.4674644
0.41885918 9.291648   2.2152495 
 1.5739881  10.110958    0.17093705
 1.574079   10.110287    0.17138888
 1.5738057  10.110461    0.17110705
 1.3284917 10.029814   0.1227541
 1.117019   6.680861  -1.3581115
 1.1172996  6.6811666 -1.3578327
 1.1167889  6.6811094 -1.3581854
 1.0152736  6.588735  -1.1406848
-1.1225873  1.9555075  2.9644053
-1.1221292  1.9551606  2.965433 
-1.1224139  1.9563899  2.9645228
-1.1403847  2.071938   2.8284874
-0.6972374 11.520341   0.6544447
-0.58214563 11.467997    0.41043827
-0.8060554  11.51141     0.15941232
-0.8882233  11.502895    0.41281855
 1.5623509  13.0607395   0.13783881
 1.8022723 12.931769  -0.229876 
 1.448725   13.08396    -0.47965074
 1.2149357  12.855207   -0.12798223
 0.3927825  9.018011  -1.8654875
 0.3915468  9.018321  -1.8660462
 0.39346072  9.020018   -1.8672013 
 0.3419961  8.9482765 -1.5613899
 0.5996944   4.6886606  -0.36685196
 0.59990317  4.6882973  -0.36660305
 0.6001987   4.689108   -0.36742952
 0.3179997   4.6641493  -0.31954452
-1.609388    8.71852     0.09955665
-1.609835    8.718404    0.09983476
-1.6088299  8.719514   0.0997799
-1.6936142   8.650227    0.31363398
0.3543274 1.8178121 3.161364 
0.3535578 1.8189044 3.1614082
0.352441  1.8202983 3.1579292
0.0616723 1.7997744 3.01486  
0.6315347 2.4173565 1.3884838
0.86559635 2.4809756  0.9895448 
0.5034423  2.4011474  0.73976994
0.17937326 2.3626297  1.0850184 
1.9924746 9.382278  1.1504495
1.9930122 9.382271  1.1512321
1.9927093 9.382236  1.1498686
1.7073717 9.294639  1.1071898
 0.5805819   6.0487037  -0.35957322
 0.5818732   6.048183   -0.35979524
 0.58048433  6.049068   -0.35970122
 0.54220223  6.0214486  -0.27505985
 2.4722354  1.1879169 -1.1189771
 2.699953    0.79615253 -1.5321573 
 2.2629097  1.0053978 -1.7992992
 2.023918   1.2647358 -1.3563814
-0.03568323 10.848442    1.8728273 
-0.03589395 10.847812    1.8732618 
-0.03696681 10.8477      1.8734657 
-0.28844985 10.758155    1.7371    
0.9904759  0.7267782  0.66057897
1.2067001  0.74897486 0.28122416
0.85923886 0.86343193 0.11111464
0.6573585  0.82420915 0.43505192
-0.7110929   3.319368   -0.21138774
-0.3981608   3.246658   -0.49611712
-0.72555053  3.363416   -0.7553344 
-1.0506468   3.4895816  -0.41908368
2.0838037 8.192416  1.4968312
2.083826  8.192744  1.4972261
2.0847485 8.192931  1.4965618
1.823738  8.130714  1.2605467
 0.7732051  11.830015   -0.39595068
 0.7730351  11.829893   -0.39632136
 0.7738669  11.830276   -0.39659205
 0.6238552  11.793351   -0.35747623
2.3169408 5.5128336 1.2802798
2.3198302 5.5144324 1.2786105
2.3099349 5.505941  1.2649345
1.9736481 5.406279  1.1604505
-0.0144034   6.8508234   0.70959795
-0.01442127  6.8506947   0.70927066
-0.01431674  6.8506      0.7091504 
-0.28356975  6.915018    0.76327163
-0.72212076  3.2681491  -2.2323813 
-0.8192798  3.2966049 -2.5186703
-0.83346224  3.2771068  -2.495736  
-1.1147141  3.201375  -2.2180622
-2.122698   8.263405   1.2120144
-2.1258373  8.259814   1.2120122
-2.121441   8.26332    1.2062396
-2.0877075  8.274245   1.1446757
0.12867588 7.1391044  2.7640471 
0.12882663 7.1388316  2.7636333 
0.12911054 7.1397624  2.7635202 
-0.12513706  7.0277143   2.6037781 
-0.976015    5.981954   -0.76436365
-0.9763776   5.9815397  -0.76430136
-0.9772182   5.9821506  -0.76401895
-1.2708473  6.005784  -0.6914235
-0.23728123 10.580462    0.61341286
-0.23698959 10.580481    0.6132324 
-0.23688948 10.580289    0.61311376
-0.46918207 10.645478    0.65759844
1.7568796 6.5201283 0.4569677
1.7559165  6.5188527  0.45781043
1.756194   6.519296   0.45819452
1.4750882  6.4066663  0.29450095
 0.2917624 13.523128   1.0088409
 0.5173226 13.254248   0.7039991
 0.19038269 13.402671    0.35880625
1.1519805e-02 1.3254853e+01 7.0746040e-01
0.27652797 0.7674788  1.2654922 
0.4387908 0.8031781 0.8794782
0.10388731 0.8935049  0.6979723 
0.01217307 0.90012544 1.0464896 
 0.96672785 11.185872   -1.3845248 
 0.96663517 11.18597    -1.3846722 
 0.9667439 11.1861105 -1.385463 
 0.74870855 11.101822   -1.2331421 
 0.07981067 12.037742    0.62505525
 0.06748198 12.025877    0.6212508 
 0.07723141 12.024904    0.604162  
 0.13734654 12.074133    0.56414044
 1.0446556  8.6410885 -0.3387975
 1.0440071   8.641269   -0.33801293
 1.0444868   8.641099   -0.33857617
 0.74057794  8.585964   -0.34780866
 1.6488816  11.289279    0.01689431
 1.6485754  11.289602    0.01673886
 1.6484829  11.288864    0.01588338
 1.3945844  11.203025    0.09908844
 0.7681824  10.664202   -0.34718746
 0.7667357  10.66067    -0.35212743
 0.7677684 10.671442  -0.3544838
 0.44050786 10.686646   -0.28586736
 1.759137   -0.31889528  1.9699029 
 1.7597862 -0.3192684  1.9684546
 1.758839  -0.3182281  1.9686061
 1.4937646  -0.06347036  1.865659  
1.1772606  2.0201273  0.06816291
 1.4334408   1.779845   -0.17635491
 1.1336839   1.8957762  -0.51102054
 0.9040648   1.9036374  -0.18160613
0.08122959 5.1594486  0.8968863 
0.08104072 5.159272   0.89652705
0.08213656 5.1594667  0.89653015
0.08585559 5.190004   0.8996563 
-1.0670482   4.2942014  -0.10690057
-1.067053    4.2944913  -0.10678439
-1.0676417   4.2941394  -0.10766368
-1.3084383   4.3397403  -0.00454541
-0.46804357  0.5040433  -0.9265276 
-0.16849709  0.25977337 -1.2828603 
-0.52834857  0.18479435 -1.5984993 
-0.842581    0.41665447 -1.230259  
-0.749595    1.5106617  -0.54718196
-0.47233266  1.4797338  -0.91812676
-0.8265927  1.4340923 -1.1821167
-1.1713376   1.3981558  -0.81051075
 1.173496    3.6429906  -0.02689603
 1.4230818   3.7556164  -0.43395835
 1.0654407  3.6788135 -0.6254704
 0.80974793  3.570272   -0.26736498
-1.8776981  6.34959    0.5354231
-1.878205    6.3476896   0.53486735
-1.8474817  6.32327    0.4734283
-2.0917974   6.310579    0.29446864
 2.7675633  10.255582    0.28242877
 2.767997   10.255926    0.28142604
 2.7686152  10.256314    0.28181115
 2.4655604  10.249583    0.23269203
1.1288537 5.2865562 1.4821082
1.1283611 5.286979  1.4820691
1.1282469 5.286996  1.4813368
0.82612544 5.296779   1.4276271 
1.812801   0.50697434 1.0205208 
2.075299   0.5856061  0.61901206
1.6905584  0.7865879  0.35399976
1.4164099  0.72603345 0.72566706
 0.7726459  5.1210575 -1.6595767
 0.7724091  5.12133   -1.6596202
 0.77309674  5.121976   -1.659945  
 0.47045484  5.132786   -1.5398788 
-0.81119907  7.69376    -1.9185711 
-0.8120301  7.6946173 -1.9181501
-0.81190854  7.694935   -1.9184104 
-1.0661527  7.7746983 -1.765368 
-0.22322989  4.3403444   1.6637111 
-0.22329494  4.340912    1.6628746 
-0.22340979  4.3412547   1.6623287 
-0.49913406  4.3043256   1.6031371 
 3.404787   3.311993  -0.1924745
 3.4038148   3.3127415  -0.19201766
 3.404428    3.311872   -0.19216329
 3.1207287   3.4653952  -0.16592997
-2.8483057  5.6686764 -1.1273326
-2.8474474  5.668799  -1.1273241
-2.8468232  5.669255  -1.1269926
-2.8352735  5.6737137 -1.0810508
 0.6597976  13.597619   -0.21903509
 0.81120884 13.4389925  -0.61865866
 0.52433693 13.737297   -0.78204507
 0.31486577 13.477657   -0.4510188 
 2.1522684   8.077557   -0.19770384
 2.1523595   8.077737   -0.19804738
 2.1528008   8.077655   -0.19948173
 1.8388231   8.005345   -0.10590351
 0.6266452   0.4460262  -0.70490533
 0.9246752   0.33087194 -1.0197772 
 0.510653   0.2670636 -1.3301631
 0.21683937  0.3846094  -0.9728599 
0.3708316  3.5656517  0.16234072
 0.321964    3.4787595  -0.00932919
 0.30941203  3.5286112  -0.18809919
 2.0676696e-01  3.5766053e+00 -3.0120537e-03
 2.9554286  6.353786  -1.2628219
 2.9626992  6.3491673 -1.3231059
 2.9362748  6.361893  -1.3378214
 2.6160595  6.498725  -1.1889124
 0.67653984 13.148886    0.38349617
 0.8665813  12.876886    0.04330325
 0.5796585  13.095304   -0.18004444
 0.3664317 12.919744   0.1257554
-1.6626463  3.3098314 -1.6635078
-1.6625975  3.3097804 -1.6625612
-1.6626633  3.3097787 -1.6631315
-1.8017763  3.3381875 -1.572921 
-0.401338   2.448256   1.2776437
-0.19643131  2.5306215   0.8073274 
-0.5768827   2.6003468   0.64910704
-0.8303897  2.575551   1.0038543
 2.090225   6.737644  -1.5021127
 2.0908182  6.7383986 -1.502571 
 2.0914397  6.7377133 -1.5024929
 1.8487029  6.7265606 -1.3465255
-0.04881901  2.1684253   2.260184  
-0.04862438  2.1690679   2.2605298 
-0.0487967  2.1690266  2.2595615
-0.33536792  2.2223089   2.1348398 
-2.6040697   1.0311522   0.25808394
-2.6041632  1.0306777  0.2576635
-2.6027005   1.0307659   0.25598973
-2.6520596   0.9159979   0.12540723
 0.6574357 12.091743  -1.3091854
 0.6570614 12.092251  -1.3099813
 0.6577974 12.093314  -1.3100282
 0.6050492 12.037384  -1.0406554
-1.0606048  4.2384644  1.209301 
-1.0612288  4.238004   1.2098585
-1.0616621  4.2384424  1.2094158
-1.3381269  4.211803   1.1551517
 1.4592296  4.983295  -0.661414 
 1.459033   4.982901  -0.6615083
 1.4597641   4.9830317  -0.66113174
 1.1386826   4.911276   -0.64250433
-0.10831411  8.618944    1.23725   
-0.10843645  8.619271    1.2364956 
-0.10789126  8.619597    1.2354482 
-0.37624016  8.591067    1.1243329 
-0.03280832  9.543154    0.24527669
-0.03276596  9.543045    0.24571675
-0.03288642  9.543348    0.2455086 
-0.26020783  9.64321     0.1417172 
-1.9257523  3.9282484  2.3494902
-1.9263326  3.9271557  2.3489828
-1.9262697  3.9278464  2.3490796
-2.1464     3.7861836  2.1854155
-0.72918546 -0.64388895 -2.66008   
-0.7317867 -0.6499593 -2.6636052
-0.7343192  -0.64800847 -2.6629689 
-0.8958206 -0.2820809 -2.4213696
 1.1507374  12.2816      0.36451432
 1.1498064  12.281196    0.36407137
 1.1495053  12.281578    0.36367485
 0.8432788  12.214137    0.40015647
 0.5998899  1.9373385 -0.5583001
 0.7776568   1.8239362  -0.91748494
 0.45790687  1.9910042  -1.1399252 
 0.3886275  1.9815558 -0.7831954
 1.4256916   6.426831   -0.41752648
 1.4264482   6.426727   -0.41726857
 1.4263583   6.42711    -0.41808784
 1.1363647   6.3363957  -0.40033633
1.1321033 0.3980847 1.5098643
1.3687198 0.4629917 1.097986 
0.98783123 0.62861073 0.86962444
0.71805173 0.6564809  1.2120111 
 0.94463515  7.62566    -1.5567434 
 0.94432    7.625865  -1.5569081
 0.9460087  7.626387  -1.5588609
 0.64753187  7.5363755  -1.3565342 
 1.266035   8.680758  -1.8810699
 1.2658148  8.680416  -1.881247 
 1.2656108  8.680819  -1.8809303
 1.0255586  8.751945  -1.7042592
-0.9430496 10.536686   2.1981726
-0.944493  10.535689   2.1987784
-0.94371915 10.537008    2.1972613 
-0.96033484 10.586205    1.968063  
-2.4999435  0.6228546 -1.1035986
-2.5004454  0.6213782 -1.103094 
-2.4997551  0.6214194 -1.1034455
-2.6514578  0.4752112 -0.9090436
 2.5372825 10.222568  -0.6904288
 2.5371711 10.222821  -0.6906123
 2.537597 10.222544 -0.691427
 2.2126732  10.245173   -0.61346567
0.19316548 1.0289847  0.37041077
0.22332719 0.96649075 0.0383168 
 0.06126592  1.1465441  -0.05075619
-0.04337404  1.1369342   0.21573174
-0.25827873  5.7233405  -0.2667475 
-0.25836906  5.7238183  -0.2669192 
-0.25825834  5.7240534  -0.26763502
-0.5407057   5.8164916  -0.25609615
1.2319925 8.79055   2.8550787
1.2311008 8.790208  2.855807 
1.2325372 8.7909355 2.8553166
1.0733755 8.93183   2.6428192
0.10618028 9.366047   1.6779186 
0.10614935 9.365884   1.6784873 
0.10601008 9.36636    1.6782874 
0.09001516 9.367846   1.6538529 
-1.178088   6.9570503  2.5257578
-1.1796907  6.9559846  2.5266635
-1.1799275  6.9564495  2.5254707
-1.2155914  7.031721   2.387856 
 1.1787156  -0.20794886  2.7073135 
 1.1782997  -0.20775542  2.7073302 
 1.1795594  -0.20681368  2.7065556 
0.9869362  0.04402958 2.5091143 
-0.8748251  1.587832   0.539116 
-0.58912563  1.5532677   0.21544112
-0.93581146  1.5063733  -0.05058688
-1.2678908  1.533868   0.3040524
-0.40420702  7.6288424  -1.1503353 
-0.4049485  7.629526  -1.1499172
-0.4046544  7.630068  -1.1500318
-0.6858072  7.6892743 -1.1415267
-1.2361412  7.2233896  0.8516094
-1.2428628  7.220543   0.8426575
-1.2406403   7.2196574   0.83830434
-1.3128694  7.251339   1.0955932
1.2355165  9.11041    0.36768687
1.235672  9.110666  0.3671875
1.2352822  9.110598   0.36680353
0.9438284  9.073635   0.42366526
 0.38524383  8.792482   -1.0253    
 0.38568613  8.792143   -1.0250653 
 0.3857013  8.792853  -1.0250409
 0.35796797  8.779548   -0.98048604
-0.5376818  9.760433  -0.7514057
-0.53798664  9.760229   -0.75082225
-0.53807676  9.760372   -0.75084037
-0.8251169  9.784601  -0.7316159
 0.6209737 10.368829   0.6305856
 0.7030727  10.298608    0.54792494
 0.6397601 10.2736025  0.3313989
 0.28038064 10.3962      0.48740855
 1.5208856   1.6933811  -0.73624456
 1.7693598  1.4656298 -1.1113927
 1.4088752  1.6302812 -1.3616446
 1.162185    1.7417032  -0.98992765
2.0222023 3.712636  0.5545629
2.1136513  3.707228   0.45264262
2.0116174 3.6927834 0.3090902
1.6310606  3.7152     0.41897106
 1.8989215  1.5200082 -1.430634 
 2.0662065  1.2400458 -1.8441515
 1.6764145  1.4657882 -2.0306869
 1.4657154  1.6473323 -1.6237664
 1.1000065  13.921656    0.44246113
 1.3259119 13.624888   0.2106826
 1.060806  13.856379  -0.0744355
 0.81131613 13.510055    0.23264137
2.2483046 3.8964646 1.2844657
2.2483153 3.8965807 1.284672 
2.2491882 3.8969898 1.2836047
1.9563985 3.8318977 1.0802082
-1.44764    9.794039  -0.7251154
-1.447466   9.793826  -0.7245047
-1.4474759  9.794132  -0.725032 
-1.6262772  9.754651  -0.7966641
-1.7638863  6.065189  -0.2664904
-1.7641997   6.0650826  -0.26572022
-1.7645739  6.064844  -0.266088 
-2.0674248   6.0625596  -0.26639596
 1.4744252 11.400276   1.1418979
 1.4748139 11.3996935  1.142267 
 1.4751594 11.400546   1.1412653
 1.2697268 11.314914   0.9017995
 0.03164207  5.4219756  -2.1118317 
 0.03097585  5.4218526  -2.1112514 
 0.03113962  5.422538   -2.1113489 
 4.0711276e-03  5.3980908e+00 -1.9344020e+00
0.32481486 0.5531058  1.9033916 
0.38165396 0.66145164 1.6281812 
0.14524364 0.7905616  1.305136  
0.01524335 0.816966   1.6553886 
1.0336246 5.34133   2.3023555
1.0327342 5.341583  2.3021455
1.0338508 5.341967  2.3011441
0.7910158 5.3914285 2.0811658
-1.8618783   4.4555316   0.04454053
-1.8620286   4.45496     0.04488846
-1.8619366  4.4558473  0.0439809
-2.0484123   4.4239306   0.27150315
0.79306567 6.722424   0.62938607
0.792401  6.7225785 0.6297731
0.79196733 6.722027   0.6295306 
0.4518089 6.7233925 0.6053662
 2.0591795  8.722483  -1.6696995
 2.058836   8.722533  -1.6696122
 2.0588808  8.722747  -1.6705068
 1.795891   8.714614  -1.5323448
 0.28353375 11.347574    0.03992472
 0.28230727 11.34759     0.03946996
 0.28267804 11.348026    0.03926159
 0.04685761 11.430313    0.11188201
 1.3105896   7.8814025  -0.43577176
 1.3104687   7.8813653  -0.43603092
 1.3099761  7.881174  -0.4364186
 1.0811461   7.7779274  -0.24698824
-0.3900575 11.301877  -1.3624277
-0.39111224 11.301359   -1.3616472 
-0.39155024 11.3011     -1.3617309 
-0.39400715 11.313795   -1.2688324 
-0.18933669  7.04924     1.9995337 
-0.18955833  7.049247    1.9998804 
-0.1900419  7.0497704  1.9991125
-0.50902474  7.0399585   1.9035639 
-0.8300059   8.598935   -0.25591147
-0.83016646  8.598932   -0.2564985 
-0.83103895  8.598833   -0.25684738
-1.0299631   8.636831   -0.08017442
-2.4204118  3.8602784  1.5679063
-2.419967   3.8601236  1.5676645
-2.4194553  3.8605275  1.567178 
-2.5735073  3.7668493  1.6351889
0.68710446 5.0211225  0.3793217 
0.68682724 5.0207443  0.37858212
0.68645245 5.021096   0.37867028
0.43264487 4.99794    0.40188193
 1.1269346  10.062283   -0.72196037
 1.1276315  10.062578   -0.72189635
 1.1262785 10.062676  -0.7221247
 0.98427093  9.964771   -0.5342021 
-0.9481248  6.2180257 -1.722784 
-0.9480108  6.218238  -1.7225785
-0.9483619  6.2187824 -1.7228643
-1.2326136  6.166217  -1.5571337
0.49914205 8.118767   0.19312352
0.4988119  8.118229   0.19392967
0.49833098 8.118312   0.1933266 
0.21355072 8.227543   0.184956  
1.1328162 9.130386  1.9615136
1.1328216 9.130548  1.9611448
1.1328975 9.131128  1.959999 
0.8285943 9.188049  1.8275642
-1.3322568  2.3934538  2.2815259
-1.3331175  2.3935287  2.2821753
-1.3321041  2.3944354  2.2813578
-1.3310943  2.4073207  2.2584856
-2.12885    5.923879  -0.9917151
-2.1287766   5.924393   -0.99141675
-2.1290252   5.924212   -0.99224854
-2.3888593   5.860893   -0.85546845
-0.9916291  8.567152   0.5353582
-0.99185586  8.566816    0.53552616
-0.9914764   8.567469    0.53479034
-1.2892584  8.569962   0.5545959
-0.09150711  4.8657784  -0.71889544
-0.0911369  4.865065  -0.7188258
-0.09107751  4.866902   -0.7189663 
-0.09002528  4.8791814  -0.7321409 
 0.06568515  9.808253   -1.3232969 
 0.06549239  9.808646   -1.323654  
 0.0664992  9.809078  -1.3250693
-0.19155194  9.786936   -1.1476169 
0.46986642 8.972988   0.17321393
0.46971875 8.972995   0.17301258
0.46993992 8.972878   0.17331126
0.30624634 9.032013   0.324939  
-0.5296815  1.5549792  3.222779 
-0.52964425  1.5567884   3.2226834 
-0.5297054  1.5559452  3.2230823
-0.69975567  1.734176    3.0792673 
-0.28988475  7.6239786  -2.6687882 
-0.28999645  7.623753   -2.6688685 
-0.28954053  7.6236644  -2.6692016 
-0.50640714  7.589731   -2.4306731 
 2.6641157   3.6029708  -0.05754258
 2.664447    3.6028793  -0.05784382
 2.6636379  3.6034367 -0.0581179
 2.3096309   3.690444   -0.03225823
2.1504173  8.011534   0.56820214
2.1501002 8.0115795 0.568161 
2.1502032 8.011874  0.5676857
1.8202296  8.006642   0.51375103
 0.84919566  9.839073   -0.01653475
 0.8488282   9.838909   -0.01626813
 0.8487365   9.8390665  -0.01666415
 0.703565    9.777108   -0.03108629
 1.321231   5.047754  -2.5082798
 1.3209422  5.047229  -2.5091822
 1.3210255  5.04708   -2.5094984
 1.0977292  5.095037  -2.321463 
-0.6885272  7.581487  -0.4659567
-0.68762666  7.582258   -0.46746448
-0.68814796  7.582748   -0.4664058 
-0.8435586  7.6742425 -0.617467 
 2.3533528  11.386866    0.27035183
 2.354797   11.386867    0.26894182
 2.3538847  11.387274    0.26856017
 2.0303638  11.344183    0.26642978
 2.147801  10.322437   0.6751377
 2.148292   10.322248    0.67596155
 2.1493156  10.3233595   0.67507416
 1.9137219 10.230174   0.5607758
0.1358664  6.6241994  0.03016271
0.13406147 6.6238985  0.02827524
0.13335772 6.624462   0.02835425
-0.06424005  6.7135744   0.168423  
 0.17184444 10.259535    0.05598593
 0.17019545 10.259409    0.0553771 
 0.17038164 10.259964    0.05439369
-3.1941682e-03  1.0399927e+01  1.2759161e-01
-0.67192763 11.604659   -0.15944944
-0.6723797  11.604688   -0.15935439
-0.6724957  11.604426   -0.15943283
-7.5269693e-01  1.1564684e+01  8.4748417e-03
-0.3672104  5.9496293 -1.2375641
-0.3674357  5.950241  -1.2377666
-0.3673532  5.9504714 -1.2376605
-0.6151655  5.9738803 -1.1084639
 1.3096442  8.760305  -1.0072592
 1.3099306  8.760058  -1.0075072
 1.3097762  8.760578  -1.0071758
 1.0100263  8.73508   -0.9381491
 1.2887688 11.8351    -1.5635895
 1.289318  11.835181  -1.5639322
 1.2899288 11.83557   -1.5640807
 1.1217071 11.925299  -1.3227544
0.95432466 6.0951457  0.30475873
0.953542   6.094287   0.30539128
0.95349056 6.0946436  0.3049513 
0.70438266 6.024255   0.13765398
 0.38743353 10.698886    1.304895  
 0.38740134 10.698966    1.3046876 
 0.3869499 10.698853   1.3028722
 0.09727633 10.6547165   1.2094736 
-1.7308699  4.070835   1.5471411
-1.7318598  4.069416   1.5467415
-1.7317269  4.071061   1.5443659
-2.034706   3.9880812  1.5054072
1.4816352 8.079645  1.1047956
1.481841 8.079518 1.105007
1.4819298 8.079845  1.1046036
1.2757503  8.000772   0.93662053
2.7478116 7.9081225 1.2511401
2.7489457 7.908562  1.2502788
2.7495384 7.9089503 1.2508041
2.4519045 7.994124  1.128256 
-1.3499265  4.2775126  0.5336432
-1.3502307  4.2780867  0.5335998
-1.3499421   4.2785296   0.53345585
-1.6357557  4.290446   0.5834251
-2.298298    0.8443974  -0.33464384
-2.3009758   0.83453685 -0.34173784
-2.2997584  0.8324247 -0.3642589
-2.5820274   0.6632682  -0.37110034
 2.4285865  -0.46274173  1.8279537 
 2.428497   -0.46247396  1.8280745 
 2.4284966  -0.46149594  1.8268018 
 2.1593525  -0.29310614  1.7500693 
1.696903  5.340171  1.0186112
1.697047  5.3409276 1.0182314
1.6968341 5.3409166 1.017436 
1.39291   5.288762  1.0374851
-1.4713056  7.8252172 -2.0908816
-1.4716309  7.8259754 -2.0910435
-1.4712933  7.8258696 -2.0915635
-1.4460497  7.8814774 -1.9324896
0.37205383 5.4522552  0.02131152
 0.3770163   5.4487243  -0.06616123
 0.3620002   5.483095   -0.11364255
 0.04848406  5.546119   -0.03072598
-1.4305569  9.682147  -1.446981 
-1.431142   9.682343  -1.4473023
-1.4311614  9.682682  -1.4470497
-1.6231861  9.602163  -1.2418888
 2.991294    3.7424836  -0.66313523
 2.992649   3.7429185 -0.6636279
 2.9917536  3.742325  -0.6636859
 2.629533   3.7798464 -0.6131133
0.05507174 9.203504   0.9183221 
0.05542696 9.203911   0.9186959 
0.05612475 9.203267   0.9189084 
0.03497532 9.223514   0.9373571 
-0.4148426 11.545538   0.5617062
-0.41408214 11.54554     0.5615985 
-0.41394016 11.545629    0.56132174
-0.6311178  11.519529    0.48977324
-0.4329869 10.686368   1.2559114
-0.4329294 10.686414   1.2560452
-0.43296853 10.686526    1.2552289 
-0.7294022 10.705666   1.226246 
 1.63636    -0.68648916  2.5630262 
 1.6361767 -0.6872644  2.5634005
 1.6368159  -0.68564796  2.5614626 
 1.4684893  -0.39313143  2.4260452 
0.2575443 6.9910293 1.376295 
0.25715336 6.9914236  1.3762058 
0.25687435 6.9911895  1.376186  
-0.04967836  6.983094    1.3374802 
-1.5139624  8.504623   1.0141234
-1.514941   8.504203   1.0143192
-1.5142863  8.504887   1.0130132
-1.7745692   8.428162    0.97405994
-1.0381004 10.8656025  0.6898446
-1.03823    10.865951    0.68986166
-1.037652  10.865544   0.6898099
-1.0634043 10.85883    0.8236477
 0.3945789 12.458923   1.0210996
 0.39479274 12.458796    1.0213331 
 0.394374  12.458722   1.0212479
 0.39362693 12.455431    0.9375345 
-1.4465451  2.62152    1.6197208
-1.4455655  2.6217608  1.6199311
-1.4456041  2.6232977  1.6191939
-1.412711   2.5964997  1.6510717
0.15736696 4.200078   1.126157  
0.15733139 4.2002816  1.1261424 
0.15728873 4.2003527  1.1252642 
-0.1480039  4.219898   1.0929921
-0.5266562  6.8962245  2.7186422
-0.52692467  6.895355    2.7188134 
-0.52667737  6.896095    2.718743  
-0.7657081  6.932837   2.5348294
 1.8874907 10.215804  -0.5394823
 1.8879602 10.21607   -0.5397404
 1.8875998 10.216207  -0.5408421
 1.6074057  10.139264   -0.44309226
 1.424058   11.93926    -0.31644082
 1.4235879 11.93911   -0.3163256
 1.4245602 11.938942  -0.3171518
 1.1285943  11.885713   -0.35099223
 0.38278157  7.4971375  -1.1407238 
 0.38216275  7.497556   -1.1403146 
 0.38261208  7.498187   -1.140295  
 0.08393553  7.5278215  -1.0859923 
2.2989285  6.733779   0.11870703
2.2988207 6.7325864 0.11853  
2.300134   6.733837   0.11808735
2.0325618  6.620099   0.04238328
 1.6967124  6.5994277 -0.9921912
 1.6968383  6.6000323 -0.992409 
 1.6970847  6.5998683 -0.9932704
 1.4152809   6.5323076  -0.88455003
1.379318  9.237295  1.3363088
1.3791351 9.237779  1.3365692
1.3787268 9.237566  1.335721 
1.0769042 9.196174  1.2767329
0.1683304  2.6462955  0.33056277
0.25115368 2.6076868  0.05317495
 0.10070186  2.788415   -0.03721383
-0.13354014  2.7803874   0.15370828
-0.0959259  5.6272717  0.3554721
-0.09589849  5.6271877   0.3551694 
-0.09575532  5.6274557   0.35503468
-0.33944005  5.726239    0.23850289
-0.71194637  2.099831    2.4810915 
-0.71278924  2.0993328   2.4818542 
-0.71149206  2.100114    2.480785  
-0.94763744  2.2060106   2.3653774 
0.6772884  0.25524285 2.689345  
0.6771339  0.25574815 2.6872811 
0.6779353  0.25487643 2.6847317 
0.5525683  0.42718965 2.4529812 
-0.5621714   6.8990216   0.36305052
-0.56218326  6.899135    0.36296648
-0.5621672   6.8982587   0.36379328
-0.70878    6.9892325  0.5262762
0.61441517 2.2157788  2.4713628 
0.6144858 2.2157612 2.4716964
0.61228603 2.2177792  2.4693909 
0.28734732 2.1869407  2.310373  
0.63548535 7.2759113  2.3843186 
0.63534844 7.2760673  2.3841753 
0.6351148 7.276747  2.384013 
0.3747169 7.17348   2.2469087
 0.16855444 11.030711   -0.912021  
 0.16859503 11.031456   -0.91189736
 0.16897172 11.031902   -0.9120472 
-0.09182449 11.110062   -0.90299606
0.9048831 2.1344469 3.098502 
0.90563077 2.1353872  3.0983672 
0.9055296 2.136057  3.096676 
0.6356633 2.0657022 2.9188368
 0.76546365  6.3694134  -0.92800015
 0.7653223  6.3694243 -0.9270057
 0.76488024  6.3694983  -0.9267427 
 0.71222883  6.277445   -0.72169733
 0.36238894 11.116109   -1.5666002 
 0.36247632 11.116136   -1.5663434 
 0.36233678 11.116166   -1.5670129 
 0.07703409 11.137283   -1.4371492 
-0.4114045  3.3330786 -1.6011465
-0.12774587  3.3559358  -2.0108452 
-0.5206694  3.363096  -2.2274234
-0.84824955  3.3315022  -1.8905008 
 0.3202752  8.57267   -0.2823815
 0.32077414  8.571332   -0.28188503
 0.3203673   8.572519   -0.28218594
 0.32746515  8.582545   -0.295016  
0.77034533 5.2075524  0.96593094
0.770382   5.207739   0.96537596
0.77012515 5.2080207  0.9657245 
0.51323605 5.2082224  0.9970733 
0.01594411 2.2410028  1.8215306 
0.02690337 2.296769   1.6412388 
-0.06411687  2.3731983   1.3065654 
-0.41593963  2.3547196   1.5756128 
2.8151610e+00 8.1855631e+00 1.1811431e-03
2.8161473e+00 8.1856909e+00 1.4869820e-03
2.8157809e+00 8.1859159e+00 1.3843800e-03
2.5169303e+00 8.1278782e+00 3.3580053e-03
1.8109618 5.2916145 1.6238469
1.8113186 5.291801  1.6240361
1.8107502 5.2917867 1.6235998
1.4799759 5.2885623 1.5184699
3.6696396  2.975743   0.25217006
3.6700084  2.9760666  0.25202692
3.6693954  2.975683   0.25132862
3.4161386  3.185296   0.24295332
 0.7889929  4.945544  -0.8872955
 0.7890451  4.945933  -0.8875873
 0.7896825   4.946358   -0.88791156
 0.50503963  4.9440274  -0.88258874
-0.71369773  4.35439     1.7886696 
-0.47762907  4.3394175   1.5242606 
-0.755203   4.219819   1.2903303
-1.02952    4.2266326  1.5685251
-0.19303048  1.862093    2.818051  
-0.19341902  1.8622373   2.8183224 
-0.19336888  1.8623474   2.8173866 
-0.47029638  1.9425989   2.6951451 
-1.3978491  7.216599   1.9773207
-1.3989912  7.216356   1.9780545
-1.3990548  7.2166686  1.9767826
-1.393714   7.2198014  1.9765427
0.22542979 4.1133075  0.02619982
0.22613114 4.1133914  0.02380618
0.2246202  4.1137238  0.02272561
-0.03503661  4.106675    0.12459189
-1.3647023   6.094139    0.18312109
-1.3654816   6.094632    0.18271019
-1.3652767   6.0943666   0.18248199
-1.6434078  6.1381946  0.12095  
 0.30010033  5.0897694  -1.288066  
 0.30070275  5.090494   -1.2882701 
 0.30072123  5.0912232  -1.2884841 
 0.0659093  5.1240435 -1.2486389
-1.3864511  3.029904  -2.4597006
-1.386417   3.0296323 -2.4597108
-1.3859596  3.0298057 -2.4597254
-1.5689042  3.0270174 -2.2330308
-0.23556387 -0.26705444 -2.1208732 
-0.0419803  -0.61280704 -2.488079  
-0.34965587 -0.4964245  -2.4637825 
-0.62965035 -0.2559428  -2.2712011 
0.23313314 5.349687   1.441642  
0.23294851 5.350349   1.4412339 
0.23405284 5.3506274  1.4408698 
0.21388794 5.358037   1.450506  
1.8402598 9.2614565 1.820911 
1.8415256 9.261391  1.8212804
1.8407494 9.262027  1.8207916
1.5518436 9.216471  1.6834259
 0.6428355   7.621185   -0.09621496
 0.64302695  7.621226   -0.09666838
 0.6428588   7.6212726  -0.09667284
 5.7847989e-01  7.5900264e+00 -3.1071529e-03
0.11947273 8.328252   0.72268695
0.11951461 8.328435   0.72175515
0.11886009 8.328343   0.7209184 
-0.19422808  8.449125    0.7044211 
 1.9984425 11.260891   0.7216801
 1.998094  11.261296   0.7210965
 1.99814    11.26132     0.72100943
 1.6967659 11.277349   0.6404626
-1.3474445   3.5477767  -0.31239474
-1.3476096  3.5483465 -0.3130825
-1.3457555   3.5478878  -0.31511745
-1.4571213  3.57651   -0.5357687
 1.1202713  11.10826     0.15466903
 1.1199363  11.108736    0.15437043
 1.1198217  11.108404    0.15445738
 0.8768489  11.036854    0.22453952
-0.36168978 10.491164    0.06029163
-0.36151242 10.491093    0.06081097
-0.3617652  10.490386    0.06174401
-0.40485072 10.561784    0.19773118
1.8974226  0.00326715 1.6146139 
 2.064894   -0.04204717  1.4075848 
1.836114   0.21505675 1.1951566 
1.5263907  0.27553487 1.3494512 
-0.9388171  7.7755027 -1.2963568
-0.93989456  7.776286   -1.2964246 
-0.9397017  7.7764645 -1.296278 
-1.1960173  7.8588715 -1.2839992
 2.8824399 10.098305  -0.2515628
 2.8825996 10.098198  -0.2528104
 2.8829014 10.098383  -0.2524061
 2.5589323  10.167528   -0.24762617
 1.2701102 11.927269  -0.8627325
 1.2692302 11.926891  -0.8630909
 1.2694134 11.926707  -0.8627256
 0.98031986 11.90619    -0.7789425 
 0.4628014  12.101998    0.22227913
 0.46182942 12.101904    0.22251001
 0.46277726 12.102758    0.22301495
 0.42223728 12.111133    0.30410948
-1.4872135  6.042157  -1.1638709
-1.4873898  6.0423183 -1.1634032
-1.4876382  6.042782  -1.1635951
-1.7681882  5.9949245 -1.0345548
 1.3183951  5.145378  -1.7943873
 1.3181088  5.1458807 -1.7951263
 1.318928   5.145534  -1.7957755
 1.0009986  5.1194425 -1.6676117
-0.6011423   8.594353    0.96764904
-0.60141665  8.594706    0.9674787 
-0.60118276  8.594394    0.96683687
-0.8905699  8.579876   0.8660503
 0.7382017  7.3023987 -0.7021167
 0.7378767   7.3020625  -0.70125246
 0.73822165  7.302941   -0.7015016 
 0.43064734  7.2856083  -0.6219445 
 2.342992   10.203535   -0.08058948
 2.34323    10.203384   -0.08088615
 2.3432555  10.203677   -0.08100846
 2.0166705  10.206857   -0.10318264
-1.4824015  7.9939475 -1.5570589
-1.4835207  7.9943767 -1.5556718
-1.482771   7.9938717 -1.5565407
-1.4795995  7.998184  -1.5279962
0.746663   7.845908   0.79648066
0.7461368 7.8459144 0.7972271
0.7460427 7.8449697 0.7970367
0.6730989  7.783497   0.61534125
1.588509   7.9708514  0.03875961
1.5885934  7.9710426  0.03893123
1.5883577  7.970806   0.03834025
1.3151717  7.8951716  0.07794022
2.333274  5.3279004 1.8160416
2.333935  5.3279634 1.8154193
2.333055  5.328259  1.8158597
2.046416  5.3038673 1.6760765
-0.48531216  9.720871   -0.02710959
-0.4850664   9.720972   -0.02680662
-0.4850043  9.7209425 -0.0269669
-0.749141    9.810743   -0.13093795
 0.04953784 10.786849   -0.29875034
 0.04948907 10.78581    -0.29768467
 0.04982554 10.78633    -0.2988143 
-7.5327978e-04  1.0845663e+01 -3.4848276e-01
-0.5578447   4.174299    0.08028576
-0.5582021   4.1739907   0.08119023
-0.55926824  4.17439     0.08026391
-0.8632544   4.2379365   0.09075229
-1.0194023 11.396206   0.2889586
-1.0187646  11.396573    0.28864235
-1.018624   11.397296    0.28800794
-1.0106256 11.393134   0.2949299
-0.3056451   7.3481913  -0.14361042
-0.30528075  7.3485265  -0.14365941
-0.30504504  7.3488393  -0.14411455
-0.45219642  7.4562035  -0.31360292
 2.0656505  -0.77474445  2.2252166 
 2.0651402 -0.7763125  2.2252426
 2.0653718  -0.77419317  2.2234504 
 1.8688965 -0.5128461  2.1317523
-0.74622726  7.0665884   1.0294341 
-0.7467048  7.067276   1.0292367
-0.74611557  7.0666666   1.0289453 
-1.0117875  7.128563   1.121101 
 0.8188625  8.875034  -2.178782 
 0.81900877  8.874618   -2.1788106 
 0.8195677  8.874905  -2.1794984
 0.6577051  8.908146  -1.8799832
 0.8201289 10.964519  -0.9049905
 0.8196403 10.963915  -0.9046478
 0.82049274 10.964834   -0.9054737 
 0.5294858  10.944934   -0.80018616
-0.48926765  4.2460504   1.1942914 
-0.48938856  4.2460437   1.1942563 
-0.48948804  4.246343    1.1938455 
-0.7886208  4.2408457  1.1343445
3.1806984 7.68782   0.9547865
3.1823585 7.688888  0.9531763
3.1822362 7.6885233 0.9531081
2.9171097  7.8177524  0.89089775
 1.1422014  4.9236937 -2.5932932
 1.0869404  4.69573   -2.8156374
 1.0620264  4.882712  -2.7367663
 0.8709801  4.987814  -2.4806097
 0.75635177  7.8315873  -2.1552176 
 0.757434   7.832643  -2.1557655
 0.7580877  7.8327284 -2.1573813
 0.5373556  7.7279334 -1.9591745
-1.3710048  7.2872148  1.418562 
-1.3717321  7.2875276  1.4182994
-1.3717566  7.2871895  1.4181136
-1.3902051  7.2834725  1.4490857
-2.21873    1.2756162  0.5511818
-2.2194498   1.2746983   0.54965955
-2.2130759  1.2730736  0.5390911
-2.410016   1.1217089  0.3260905
-0.07138608 11.624969    0.21195759
 0.06121072 11.598861   -0.14644031
-0.22552049 11.6626625  -0.3103659 
-3.1226063e-01  1.1641024e+01  6.4805895e-03
0.6094138 9.238495  1.9360751
0.6089394 9.23815   1.9363682
0.60864913 9.238691   1.9351348 
0.3528796 9.28666   1.7843261
-0.08577812  5.7630796  -0.8235773 
-0.08546603  5.7635627  -0.8236568 
-0.08573111  5.763937   -0.8242402 
-0.36850065  5.8313217  -0.76000667
 0.7215724  8.821351  -1.4355248
 0.72207636  8.82109    -1.4355063 
 0.72124773  8.821396   -1.4354517 
 0.4964659  8.802102  -1.2624235
-0.9842559  9.824467  -0.4685877
-0.9848112   9.823793   -0.46775317
-0.9849876   9.823748   -0.46815723
-1.2498046   9.853584   -0.51918876
 1.3088686  5.0937877 -1.1561087
 1.3088309  5.0940714 -1.1570392
 1.3094115  5.094309  -1.1561409
 0.9855522  5.026811  -1.1125127
1.4133433 5.1615868 2.6205502
1.4131993 5.160995  2.6201117
1.4146473 5.161959  2.6200166
1.1866969 5.2631593 2.3739872
-0.1490472   8.332542   -0.25348535
-0.14849846  8.332494   -0.2533689 
-0.14936809  8.332968   -0.2534622 
-0.4007921   8.432646   -0.15660468
1.4033523  6.3491764  0.10959758
1.4033631  6.348284   0.11040486
1.4031878  6.349148   0.11024124
1.1184826e+00 6.2497296e+00 3.8818121e-03
-0.2827668  7.6570334 -2.018289 
-0.28318524  7.657373   -2.0181472 
-0.28310978  7.6577597  -2.018779  
-0.5476762  7.6679945 -1.8567276
-2.2234814   6.2611394   0.15140764
-2.2228782   6.2614927   0.15108754
-2.2227693  6.261027   0.1500272
-2.3648527   6.1929483  -0.00928921
 0.51636237  5.208725   -2.104248  
 0.51568794  5.2087197  -2.1040852 
 0.5158352  5.2090273 -2.1042476
 0.2977047  5.2585654 -1.913987 
1.7323346  9.272065   0.71542674
1.7324415  9.272087   0.71493757
1.7324002 9.27214   0.7136252
1.447069   9.18388    0.72182053
 1.5107342  8.669026  -1.5609181
 1.697109   8.553667  -1.8616426
 1.3633881  8.579358  -1.9417819
 1.1590822  8.684099  -1.6883649
2.606249  3.6043165 0.582683 
2.6069233  3.6039321  0.58223724
2.6060812  3.6048517  0.58251584
2.2702453 3.6825511 0.5080089
 0.2693016 10.493941   0.7523589
 0.2694653  10.494167    0.75256246
 0.2694303  10.494005    0.75158274
-0.02445593 10.545971    0.7062192 
 1.5340967   8.755086   -0.46102095
 1.5339676   8.754825   -0.46078664
 1.5346335   8.754796   -0.46070805
 1.2311317   8.686575   -0.46063495
-1.0176734  5.9731746 -0.1804798
-1.018112    5.9729643  -0.18060926
-1.0184216   5.973207   -0.18049657
-1.2924076   6.027675   -0.22849256
-0.09939924 11.498475   -0.27231824
-0.09933803 11.498679   -0.2722058 
-0.09953772 11.497959   -0.27251488
-0.3096033  11.564267   -0.15783104
0.29654914 4.8378196  0.01872373
0.29611742 4.837379   0.0179166 
0.29670727 4.8379016  0.01782045
0.20815346 4.834553   0.01714447
 0.36971745  7.6324453  -1.6433331 
 0.3690849  7.632766  -1.6430902
 0.36983058  7.632967   -1.643763  
 0.06640738  7.5974274  -1.5191246 
-0.7404594  7.6675673 -1.89885  
-0.6014077  7.661688  -2.2509203
-0.83814234  7.6439905  -2.3060675 
-1.1010005  7.7147512 -2.0292845
1.8677961 5.3503203 0.4712261
1.8685851  5.350675   0.47065625
1.8684759  5.35063    0.46966413
1.5994943  5.2673354  0.53950727
0.3182611 4.0706577 0.5198745
0.31792432 4.0708485  0.5191039 
0.3179115 4.0707636 0.5185011
-1.6458631e-03  4.1112881e+00  5.2402335e-01
 2.249536   6.57016   -0.9978533
 2.2500913  6.570577  -0.9983931
 2.250724   6.570526  -0.9984852
 1.9384339  6.592262  -0.9189367
-1.6681823  3.5307293 -1.1727114
-1.6681731  3.5307746 -1.1717435
-1.6688344  3.5299127 -1.1722803
-1.7526165  3.54966   -1.134099 
 1.2655864  11.240903    0.66399854
 1.2656289 11.240595   0.6641776
 1.2652892  11.240551    0.66417855
 1.0295743 11.168663   0.578896 
 2.2557788 10.397281  -1.0654342
 2.2569644 10.397525  -1.0658147
 2.256119  10.3974495 -1.06674  
 1.9631171  10.334617   -0.94232047
-2.526859   4.270521   0.8441188
-2.5261497   4.270675    0.84481263
-2.5266752   4.2710013   0.84443694
-2.5197084   4.236966    0.88184965
-0.8600627  7.0288777  2.1272042
-0.8611605  7.028958   2.127468 
-0.8604169  7.029782   2.1259522
-1.1237543  7.100953   2.0283818
-0.24254493  7.489515   -0.6998594 
-0.24259578  7.4902706  -0.70002526
-0.24219929  7.490659   -0.7002787 
-0.5052611   7.557459   -0.72711235
1.478179  5.221859  1.9878535
1.4781597 5.221823  1.9878589
1.4783592 5.2220364 1.9872668
1.1628635 5.281778  1.8462787
 0.07310846 11.495529    0.4910097 
 0.07283885 11.495604    0.4914667 
 0.07300204 11.495681    0.49032938
-0.1865837 11.528206   0.4452648
-1.7853929   8.529742    0.60165006
-1.78662     8.529513    0.60223114
-1.7856927  8.530829   0.6014491
-1.8743465  8.464714   0.7436749
 2.792371   6.5354767 -0.819229 
 2.7934806  6.535937  -0.8212938
 2.7943764  6.5353155 -0.8216123
 2.4731286   6.573221   -0.76986486
 1.2368715  11.949663   -0.76130545
 1.419765  11.974592  -1.0836382
 1.0960064 12.016037  -1.2249045
 0.8763497 11.937156  -0.9477057
-1.361473   4.1679764  1.8489236
-1.3614508  4.1682954  1.8486735
-1.362281   4.168649   1.8482664
-1.6263183  4.0856934  1.7549617
-0.5568043  4.4524503  2.1802802
-0.5564241  4.452584   2.1792812
-0.55612004  4.4529915   2.1784832 
-0.8254646  4.371843   2.0898154
-1.5424587  3.1030502 -1.9786165
-1.3447552  3.0442457 -2.231996 
-1.6300744  3.0809956 -2.316778 
-1.7851367  3.1142607 -2.06814  
 0.49201104  9.412003   -0.21467206
 0.49195185  9.411439   -0.21421856
 0.49194896  9.412248   -0.21477997
 0.21508995  9.475453   -0.1978591 
-2.224704    0.91067857 -1.3814588 
-2.2414587   0.89124674 -1.4099896 
-2.2341936   0.89232475 -1.420199  
-2.4189563  0.7110237 -1.144171 
-0.65530837 10.7018585   1.6850231 
-0.6550903 10.7014065  1.6852652
-0.6553187 10.702201   1.6848524
-0.8921934 10.712404   1.5569227
 1.0425961 12.339713   1.6482931
 1.0411217 12.339415   1.6496166
 1.0416734 12.340731   1.6483798
 0.8200901 12.376      1.3857886
 1.9471153  6.5584564 -0.3751481
 1.9474248   6.5581756  -0.37501845
 1.9476275   6.558688   -0.37512526
 1.6498216   6.4931827  -0.38847932
1.2780348 9.191216  0.8536313
1.2782265 9.191723  0.8536583
1.2780713 9.191826  0.8527695
0.96786034 9.1535635  0.87090814
0.7890667 9.142712  0.5418378
0.78906846 9.143005   0.5416331 
0.78889894 9.142883   0.5413988 
0.5051334  9.1315     0.59168494
0.7980841 5.375264  1.8856127
0.79749626 5.374931   1.8860567 
0.7976768 5.3755813 1.8848221
0.5485347 5.3890657 1.7458102
1.2287934  0.04143553 1.9563584 
1.228622   0.04337993 1.9543661 
1.2283202  0.04687982 1.951239  
0.93274343 0.27579165 1.839241  
-2.036859   3.0867393 -2.100785 
-2.0376685  3.0874467 -2.1000814
-2.0365062  3.0857768 -2.101567 
-1.9900726  3.1394756 -1.9781047
 0.09649917 -1.1041609  -2.732128  
 0.08329923 -1.1420009  -2.7602603 
 0.08014121 -1.1229596  -2.7619975 
-0.15793543 -0.82542014 -2.557766  
-0.53028744  5.8640165  -0.62484664
-0.5304174  5.8641233 -0.6251831
-0.5308645  5.864434  -0.6250442
-0.80658746  5.9256682  -0.57167256
-2.627809    0.43135047 -0.684084  
-2.6278625  0.4295635 -0.6835366
-2.6282766   0.43061295 -0.68337744
-2.778715    0.34463304 -0.62454104
-1.0394121   9.769676   -0.95815456
-1.0398165   9.768826   -0.95720506
-1.0404269  9.769276  -0.9574108
-1.3131936  9.7649975 -0.8946718
1.1114256 8.998236  2.4520593
1.1113682 8.997455  2.4512851
1.1120514 8.998354  2.4509194
0.87600696 9.110911   2.2712584 
 0.2801446   7.1833305  -0.08490064
 0.2808856   7.1832647  -0.08467913
 0.2808833  7.1844506 -0.0858338
 0.05244626  7.239696   -0.18696508
-1.4401213   4.3000293   0.75435156
-1.2662331   4.309628    0.46969983
-1.5064857   4.334843    0.32671016
-1.7619869   4.303114    0.55895954
 1.3587081  8.493094  -2.4547176
 1.3597262  8.493535  -2.4557228
 1.3598425  8.493914  -2.4553666
 1.2152708  8.648352  -2.2566237
 0.7427907  11.161254    0.33739102
 0.8819775  11.107895    0.08169047
 0.6428856  11.174997   -0.05654585
 0.5278481  11.165849    0.17560564
0.3808631  0.47416714 2.4071033 
0.38049653 0.47536024 2.4043016 
0.3846549  0.47259158 2.3884232 
0.28777665 0.59851366 2.0931406 
-0.20101961  7.0114117   1.4414061 
-0.20121467  7.011636    1.4415708 
-0.20138416  7.0116987   1.4408343 
-0.5211903  7.03322    1.4026104
 0.7587707 12.3077345  0.6085236
 0.75822026 12.307856    0.6081525 
 0.7578174  12.308152    0.60817325
 0.5048137 12.300691   0.6321873
-0.06939271  1.5538409   0.15475138
 0.08553481  1.5229268  -0.01763326
-0.08010261  1.6112896  -0.23984855
-0.36061928  1.5382411  -0.03414523
 0.80848616 11.94714    -0.8714343 
 0.80871856 11.94755    -0.87198657
 0.8089434 11.947828  -0.8721336
 0.6539495  11.902611   -0.72745615
 0.3986054 10.888758   1.7294149
 0.39857787 10.88861     1.7299068 
 0.39841005 10.889072    1.728966  
 0.14996472 10.803908    1.613172  
 0.8290659   8.705542   -0.73846906
 0.82976025  8.705647   -0.7384936 
 0.8294727   8.705953   -0.73867387
 0.5628222  8.682485  -0.7168455
 0.10128151  4.6535645  -0.3544647 
 0.10105868  4.653041   -0.35403547
 0.10178442  4.6545486  -0.35594884
 0.09074318  4.6781135  -0.34377515
-2.2226167   4.4007945   0.45381573
-2.2229192  4.399818   0.4545023
-2.2233353   4.400813    0.45426267
-2.3036523   4.350758    0.60848796
3.0020223  3.404178   0.33270127
3.0020936  3.4032907  0.33247194
3.0016692  3.403796   0.33244443
2.6955657  3.5536833  0.30222973
 1.2157997 10.010646  -0.2294125
 1.2156372  10.011003   -0.22952414
 1.2156161  10.01089    -0.22945714
 0.98886746  9.926979   -0.14744322
 0.03700326  9.554324   -0.20579714
 0.0370269   9.554293   -0.20563932
 0.0370777   9.555231   -0.20607215
-0.23147488  9.648907   -0.2265061 
0.6990132 6.9585414 1.2653508
0.69878066 6.9587636  1.2651695 
0.6982755 6.958644  1.2646677
0.3819383 6.9418774 1.2306502
 1.3803787 12.54562    0.9390415
 1.3803558 12.545479   0.9401456
 1.3806589 12.545814   0.9387628
 1.0774286  12.481459    0.83253926
 1.0485553   4.7561274  -0.33588293
 1.0489274   4.75548    -0.33716926
 1.0492076   4.756271   -0.33732447
 0.7246903  4.6702995 -0.3052105
-0.4409787  2.2608058  2.0522354
-0.44116023  2.2613368   2.052227  
-0.44118038  2.2614954   2.0517898 
-0.7145501  2.3267698  1.9642913
-2.3255458  3.666574   2.242776 
-2.3258142  3.666975   2.2420979
-2.3261735  3.6664546  2.242103 
-2.4790432  3.5798821  2.1152022
 1.4375288  10.071361   -0.24044335
 1.5568621 10.182618  -0.5688333
 1.3075966 10.13266   -0.6796478
 1.1081173   9.983824   -0.40588403
 0.13333295  7.7841244  -2.6510875 
 0.1336842  7.784011  -2.6509516
 0.13470736  7.7841487  -2.6515415 
-0.05942138  7.6958804  -2.4156199 
-1.4594802  4.2373857  2.4733698
-1.4600586  4.2371936  2.4730923
-1.4595366  4.2377267  2.4729486
-1.6497825  4.090208   2.267633 
 0.7092135  10.964352    0.27061433
 0.70856273 10.964292    0.27072474
 0.7083934  10.964053    0.26998854
 0.6429809  10.940253    0.24376312
-1.5915104   6.0077252  -0.67825913
-1.5919676   6.007599   -0.67746085
-1.5926338  6.0075684 -0.6777773
-1.8992347   5.995481   -0.64186764
 1.4689984  -0.35273427  2.3190856 
 1.4686733 -0.3528906  2.3187563
 1.4692987  -0.35252362  2.3176603 
 1.2545137  -0.07831004  2.177502  
0.3657736 7.07917   1.7990618
0.36568043 7.0790577  1.7996303 
0.365323  7.079551  1.7988064
0.05118051 7.0316854  1.7202692 
-0.59994996 10.699988    0.8420056 
-0.6002394 10.6997175  0.8418815
-0.6004193 10.699859   0.8420416
-0.81730616 10.741853    0.9255479 
 1.7147682  8.779711  -1.1916705
 1.7144984  8.77914   -1.1916828
 1.7144908  8.779639  -1.1917006
 1.4184592  8.755605  -1.112409 
 1.5746489 10.14602    0.6135057
 1.5742472  10.145617    0.61418325
 1.5741984 10.145309   0.6136622
 1.3577464 10.051425   0.465769 
-1.2421597  8.753499  -0.2742647
-1.2424101  8.75316   -0.2741032
-1.242996    8.753609   -0.27357912
-1.3690102   8.728841   -0.07164471
-2.254026   4.075235   1.1762621
-2.2542546  4.0748906  1.1767653
-2.2533011  4.075469   1.1757995
-2.407644   4.0224495  1.2772466
-1.7741652  4.06997    1.7278942
-1.5369459  4.153692   1.4694232
-1.8059938  4.0861793  1.2592727
-2.0904946  3.9488063  1.5060557
 0.94518125  5.0878515  -2.2864032 
 0.9447731  5.087575  -2.2866797
 0.9447773  5.0877542 -2.287152 
 0.7232492  5.1455026 -2.1165762
-2.299481    5.9754844  -0.49594352
-2.2994626   5.9759717  -0.49604934
-2.2996845   5.975483   -0.49633595
-2.5483053   5.941992   -0.51100904
1.1501846 5.199975  0.7076917
1.1502023 5.200172  0.7073783
1.1495378  5.2003684  0.70726496
0.87126696 5.1725836  0.7581736 
1.9166584 8.063002  1.0506607
1.9166479 8.062874  1.0511209
1.9170861 8.063227  1.0506175
1.6285203 8.044401  0.9171813
-0.48265582  5.7888694   0.22630621
-0.48278657  5.7884765   0.22652334
-0.4824996   5.788637    0.22651118
-0.7648044  5.89934    0.1443657
 0.6473101 11.205304  -1.8864127
 0.6473936 11.205571  -1.887189 
 0.64779913 11.205803   -1.8873667 
 0.44621176 11.142715   -1.7020023 
-2.7346218   5.80256    -0.72667086
-2.7348032  5.8024154 -0.7254898
-2.7339473  5.802815  -0.7258021
-2.753005   5.800167  -0.7183466
-2.2783077   1.155378   -0.03640435
-2.2791376   1.1556479  -0.04092072
-2.271734    1.1501958  -0.05246094
-2.479776    0.96225345 -0.10034031
1.0612117  7.781087   0.07687069
1.0607619  7.7811756  0.07687218
1.0599318  7.7812243  0.07685873
0.8169876  7.706916   0.13193998
2.0032082  3.7974885  0.93730307
2.0027456 3.7964752 0.9378251
2.0032728  3.7973552  0.93703663
1.6536081 3.7746012 0.8132889
 0.80328655 12.013703    0.06065273
 0.9696498  11.98708    -0.27285165
 0.6748876  12.052967   -0.44133288
 0.53481996 11.967457   -0.14578077
-1.2715178  7.608997  -2.4587479
-1.271464   7.609558  -2.4589453
-1.2718605  7.608966  -2.4590745
-1.30369    7.7218604 -2.2274523
-0.8272834 11.478667   0.6778138
-0.82642365 11.479076    0.6771664 
-0.8265403 11.478873   0.6767307
-0.8810853 11.456972   0.5417656
 1.5946667  5.201954  -2.1232164
 1.5944303  5.2017074 -2.1236145
 1.5954223  5.201015  -2.1245103
 1.3145797  5.1554265 -1.974385 
 0.15687454  5.6106796  -0.49918404
 0.1571315  5.610702  -0.5001567
 0.15610771  5.611675   -0.5015337 
-0.13664895  5.6984158  -0.42743415
2.4007719  8.07774    0.15338919
2.400404  8.077678  0.1530968
2.4005551  8.077774   0.15230557
2.077195 8.04816  0.156443
-1.4287599  3.62095   -0.6852547
-1.2973412  3.5359824 -0.8793781
-1.4620193  3.537397  -1.1041212
-1.6647902  3.644877  -0.886021 
 1.2311238  10.00075     0.40343255
 1.2309318 10.000999   0.4037666
 1.2300001  10.000522    0.40279126
0.9832687  9.898336   0.25345266
 1.1755402  6.487304  -0.9263807
 1.1761407  6.4875383 -0.9260737
 1.1753649   6.4880905  -0.92719287
 0.9523787  6.377951  -0.7417024
-1.417817   9.933859  -0.3230428
-1.4173568   9.933361   -0.32272357
-1.4175498   9.933234   -0.32315132
-1.4841174  9.894253  -0.4450938
-0.7880909  4.2694144  1.5374297
-0.7880055  4.2698812  1.5375482
-0.78826016  4.2701435   1.5366827 
-1.0954008  4.221466   1.4803469
0.26553115 2.0483167  2.6502528 
0.2650801 2.0482001 2.6502597
0.2648985 2.0486042 2.6491868
-0.02679783  2.0656557   2.5084937 
1.724473  8.001704  0.5444299
1.7244283 8.00141   0.545254 
1.7243764 8.001681  0.5448213
1.4463708  7.9520707  0.48927355
0.27077308 9.35834    2.165294  
0.27035123 9.358111   2.1652968 
0.27001595 9.358901   2.165102  
0.199285  9.370018  1.9478961
0.51073617 6.1816397  0.03911849
0.511101   6.1811113  0.03867209
0.51129293 6.181261   0.03895281
0.51374507 6.17257    0.02533438
1.1975794  5.093465   0.20269021
1.1981539  5.093305   0.20216626
1.1976513  5.0936823  0.20156804
0.8892585  5.038951   0.25969347
1.6268691 8.8164    2.70139  
1.6264691 8.816121  2.7011688
1.6282521 8.816438  2.6997988
1.4099451 8.898413  2.550624 
 2.0731256  10.217054    0.27068472
 2.0737479  10.216519    0.27065513
 2.0740752  10.217143    0.27008656
 1.7815993  10.159327    0.19470647
-0.45994806 11.269342   -0.9093825 
-0.4603847 11.268527  -0.908415 
-0.461189  11.268273  -0.9083058
-0.4592903 11.280178  -0.9167115
1.4644158 9.055038  2.2256694
1.4644718 9.054468  2.2251785
1.4649814 9.054884  2.2250307
1.2002656 9.100873  2.0815282
 0.1127305   3.1506417  -0.03292447
 0.2564908   3.105489   -0.13385205
 0.10484473  3.1525877  -0.4161979 
-0.16553976  3.1310492  -0.22959341
-0.12577924  9.68484    -0.69576776
-0.1258454  9.68487   -0.6953641
-0.12542427  9.685524   -0.6959311 
-0.3863833   9.736124   -0.67391723
-0.80649424  7.4871845  -2.7329414 
-0.806318   7.487333  -2.7334015
-0.8060448  7.4873724 -2.7337198
-0.9577835  7.5546007 -2.4829032
-2.053503   6.0272455 -1.4222941
-2.0536573  6.027701  -1.422131 
-2.0536165  6.027396  -1.422161 
-2.2589436  5.912621  -1.2072994
-2.4712756  5.832048  -1.2267206
-2.4718971  5.8323116 -1.226749 
-2.4715128  5.832149  -1.2265425
-2.621191   5.7686787 -1.0289282
 1.0496335  6.264622  -0.3195673
 1.0501887   6.264321   -0.31934655
 1.0495176  6.2648826 -0.3199089
 0.78805506  6.184304   -0.29908583
-1.6451534  4.205772   1.0077052
-1.6449301  4.2056127  1.007517 
-1.645489   4.2056594  1.0074457
-1.9479498  4.1691966  1.0266975
-2.6584227  0.7822392 -0.0740218
-2.6586561   0.7816234  -0.07444238
-2.6581018   0.78226054 -0.07461241
-2.758141    0.65621394 -0.16923043
-0.09968496 10.633009    1.0037686 
-0.09978198 10.63278     1.0040213 
-0.09998498 10.63284     1.0037807 
-0.38292512 10.654297    0.9586501 
1.8968765  6.5628576  0.06678453
1.8970761  6.562178   0.06723458
1.8972139  6.5628257  0.06739602
 1.5904864   6.4628906  -0.02719897
0.306     6.714364  0.4797194
0.3057456  6.714199   0.47930792
0.3056905  6.71393    0.47916487
0.02346104 6.7682023  0.50413215
-0.34988034 10.767041    2.1348588 
-0.3503154 10.766541   2.135471 
-0.3503681 10.766653   2.1351779
-0.5663348 10.675236   1.9532237
-0.1079832 11.152401  -1.697103 
-0.10865062 11.1522455  -1.6967714 
-0.10883237 11.15236    -1.6969855 
-0.25790682 11.236804   -1.4593624 
 1.516127   6.7721405 -1.4267555
 1.5166326  6.7723145 -1.4271317
 1.5159932  6.7726755 -1.427322 
 1.3338522  6.6950254 -1.2372017
-1.3619777  3.1514082 -2.0667558
-1.3615941  3.151966  -2.0663698
-1.3613595  3.1522381 -2.0667748
-1.596766   3.1560404 -1.9091336
-0.30377218  6.9849186   1.0435773 
-0.30407155  6.985134    1.0432079 
-0.3041101  6.985056   1.04312  
-0.5941124  7.0298862  1.0463413
0.65438485 5.5032606  2.2919762 
0.65487033 5.5031176  2.292024  
0.6546393 5.5037494 2.2918682
0.5229005 5.4923806 2.0531726
 1.0248886  11.018014   -0.23617136
 1.025032   11.018679   -0.23664644
 1.0243175  11.0181675  -0.23702055
 0.78427786 10.933452   -0.12926853
0.83545625 2.3715098  2.144224  
0.9316577 2.3877964 2.1087594
0.84793794 2.4040873  1.8552377 
0.51380575 2.3509712  1.9484212 
1.0793401  3.7923772  0.81252843
1.1931875 3.7256181 0.7191838
1.0628641  3.675278   0.34013098
0.7929237 3.7112901 0.5617954
 3.099563  10.0954685 -0.8186676
 3.1005907 10.095619  -0.8196872
 3.101215  10.096059  -0.8188247
 2.803318  10.1860285 -0.7466912
 1.1268312  8.755905  -1.432075 
 1.1268799  8.755788  -1.4320441
 1.1266376  8.75615   -1.4320652
 0.83158356  8.767216   -1.2980982 
-0.99194133  4.2539515   0.3405684 
-0.9921187  4.254014   0.3405067
-0.9923841   4.2545404   0.34008792
-1.27751     4.2848125   0.39885375
 1.7556349  8.46078   -2.145448 
 1.755388   8.460297  -2.1459343
 1.7551937  8.461069  -2.1464467
 1.5280015  8.57989   -1.9732536
 0.22127968  8.186034   -0.09017039
 0.218667    8.185076   -0.09279816
 0.2171167   8.1873665  -0.09356611
0.00924213 8.303587   0.03016084
-0.49413744  9.803428   -1.1526208 
-0.4942799  9.803034  -1.1520075
-0.4943587  9.803567  -1.1523901
-0.76815027  9.788206   -1.0417622 
 1.5276984  11.416229    0.10491461
 1.7074536  11.5543165  -0.15697882
 1.45484    11.60012    -0.32687974
 1.2604705  11.394303   -0.08358086
 1.9521351  8.143468  -0.544687 
 1.9520847   8.143408   -0.54427457
 1.9520292  8.142848  -0.54548  
 1.6894253   8.027196   -0.38125488
2.5833902  7.9268975  0.82215965
2.5837004 7.9270983 0.8211191
2.5837812  7.926765   0.82125306
2.266816   7.992074   0.74134445
2.2413907 5.150529  2.1672769
2.2411819 5.149933  2.167263 
2.2412374 5.150127  2.1668026
1.9609538 5.180542  2.0235941
 0.02408821 10.731181    1.477249  
 0.02428959 10.731116    1.477703  
 0.02343399 10.731174    1.4765362 
-0.27470636 10.687243    1.4013482 
-0.29516324  7.00709     2.408656  
-0.29594672  7.0070634   2.4082713 
-0.29591715  7.0082645   2.4076612 
-0.59708714  7.003052    2.2548118 
1.0008311 2.3034625 2.7098265
1.0011263 2.3040545 2.7100003
1.0001487 2.304995  2.7098124
0.713307  2.2300172 2.5445676
-0.90328324  2.2844036   2.1806016 
-0.90415204  2.2843487   2.1811857 
-0.90349424  2.2848923   2.180406  
-1.095267   2.3575752  2.1198401
-0.6245752  4.2041903  0.6678177
-0.6246263  4.2038574  0.6683354
-0.6250975   4.204037    0.66772395
-0.933676    4.238244    0.67374235
-1.706358   4.038009   2.0056918
-1.7065864  4.0378976  2.0048687
-1.7071021  4.0387225  2.004447 
-1.9768423  3.9212413  1.9000764
-1.6737645  9.630157  -1.1341405
-1.6741916  9.630282  -1.1340972
-1.6734504  9.630807  -1.1344161
-1.7884356  9.594354  -1.057425 
0.2553544  9.076083   0.49426562
0.25569046 9.075939   0.4942162 
0.25622004 9.075943   0.49421453
0.14360929 9.120164   0.57727826
 0.32900727  5.304971   -2.5614457 
 0.32864505  5.304389   -2.5613706 
 0.32867786  5.3044314  -2.5616987 
 0.24121867  5.335142   -2.291069  
-0.5790894  1.2517856  3.5212758
-0.57962716  1.2511337   3.5213645 
-0.5799068  1.251872   3.5207517
-0.67120826  1.4464744   3.3639753 
-0.7562325  5.99231   -1.0959044
-0.7563745  5.992771  -1.0961196
-0.7568059  5.993018  -1.096223 
-1.0404744  6.003668  -0.9947852
 1.6737779  8.693646  -1.5783088
 1.6730905  8.693085  -1.5783498
 1.6732823  8.693425  -1.5785494
 1.3709111  8.720392  -1.4453909
 2.0651805 11.29335    1.1122147
 2.0655084 11.294225   1.1114857
 2.0659046 11.294243   1.1119876
 1.7928954 11.331098   0.9735117
0.2590309  5.745026   0.06748748
 0.38319403  5.806353   -0.09907988
 0.23981954  5.7598696  -0.27531773
 0.03013676  5.7175155  -0.08950882
-0.15060559  1.496402    3.326573  
-0.15149231  1.4979416   3.3262494 
-0.15058924  1.4974128   3.3249233 
-0.35034883  1.5935062   3.1925068 
 0.01691218  7.6112323  -1.4677731 
 0.01613874  7.611684   -1.4675963 
 0.01640856  7.6121035  -1.4678459 
-0.29788864  7.6145678  -1.3722554 
-0.20671734 11.498609    0.21385601
-0.20623207 11.498384    0.21371937
-0.20659083 11.498893    0.21343255
-0.47903693 11.520186    0.23523892
-1.1947275  2.4717596  1.8820441
-1.1957309  2.4714837  1.8820162
-1.1954722  2.472049   1.8817992
-1.2103928  2.4823794  1.8868355
-1.0046972  6.1470594 -1.1365299
-1.0540866  6.240623  -1.3428172
-1.0644617  6.1880097 -1.3630172
-1.3563743  6.1088686 -1.1881092
-0.74571466  8.546039    0.12283198
-0.7454641   8.546493    0.12252887
-0.74518186  8.546607    0.12145746
-1.0186918   8.582182    0.20879516
-1.3574564   8.591885    0.39847535
-1.3582461   8.591581    0.39910543
-1.3580818  8.592458   0.3982919
-1.5764883  8.556925   0.5510806
-1.5125986   4.403465   -0.12345248
-1.5125073   4.403706   -0.12372398
-1.5134958   4.403489   -0.12378069
-1.7081839   4.411131    0.08060814
2.808813   3.6689267  0.98956406
2.8095734 3.668792  0.9898832
2.8092709  3.6688106  0.98987454
2.481601   3.71807    0.87325317
-0.6685549  8.594182   1.3690708
-0.66761565  8.593519    1.3687872 
-0.65402573  8.571021    1.3061718 
-0.9457422  8.5725565  1.1196879
0.38759947 9.234059   1.2402573 
0.3873834 9.234472  1.2405329
0.38746655 9.234595   1.2403913 
0.15718323 9.247094   1.2218086 
 1.6947122 11.2798395  0.4027673
 1.694418   11.279658    0.40266663
 1.694337  11.279848   0.4019979
 1.3980328 11.2380085  0.4040561
0.68734413 7.6964555  0.280651  
0.6865438  7.6960196  0.28085235
0.6861969 7.6958284 0.2807926
0.6171454 7.663628  0.2614581
0.22859067 5.0345087  0.5633614 
0.22821811 5.0343127  0.5627134 
0.22933355 5.0345654  0.56288433
0.18005686 5.0616975  0.6142541 
0.23500271 7.14906    2.3933887 
0.23489022 7.148854   2.3933988 
0.23418371 7.149674   2.3932343 
-0.04386213  7.063125    2.2558002 
 0.7127691 12.42049    1.3386627
 0.71189195 12.420957    1.3384042 
 0.71160984 12.421293    1.3380458 
 0.52482086 12.421552    1.1083064 
 3.087663   10.138442    0.06958198
 3.0882378  10.138906    0.06843316
 3.0887983  10.138809    0.06856989
 2.7798908  10.192398    0.03756504
-0.2766896   6.760997    0.15097807
-0.27692387  6.761427    0.14995483
-0.27655748  6.7609677   0.15100485
-0.38331783  6.84708     0.31484097
-0.3307349  2.0555575  2.4898567
-0.33093327  2.0556455   2.4902153 
-0.33102715  2.0558145   2.4892063 
-0.6020248  2.144568   2.3677616
 0.3289837 10.844516  -0.5498661
 0.32907748 10.844733   -0.54938704
 0.32988554 10.845221   -0.5501242 
 0.13085516 10.891554   -0.5453941 
 1.3960334  11.19875    -0.25253236
 1.3956332 11.1992445 -0.2531899
 1.3950745  11.198417   -0.25341287
 1.1771908  11.101302   -0.11263499
-1.6061952  3.3520796 -1.4169536
-1.4142587  3.2754703 -1.6101747
-1.6509285  3.2118843 -1.8192855
-1.8160561  3.3185077 -1.6010367
0.60630673 5.3441563  1.5589864 
0.606218  5.3445044 1.5586106
0.6061368 5.345301  1.5581986
0.39212996 5.3431287  1.5009211 
1.0729961 7.9674945 0.9467001
1.073127   7.9672847  0.94738543
1.0729663 7.967079  0.9471071
0.9264854 7.887998  0.7657627
 0.11091882  5.2860103  -1.7667562 
 0.11018515  5.2856445  -1.7663811 
 0.11023586  5.2866397  -1.7666171 
-0.03060233  5.2829924  -1.6084726 
 0.85795003  9.916379   -0.49869373
 0.8578795   9.91669    -0.49891385
 0.8568768  9.916717  -0.4985726
 0.7476459   9.83055    -0.30887383
0.89188147 8.9963045  2.7600746 
0.8920891 8.995646  2.7594562
0.89254194 8.997174   2.7593763 
0.748326  9.1201105 2.516181 
-2.9340014   0.21214189 -0.7137886 
-2.932924    0.21082506 -0.7126208 
-2.9337745   0.2106473  -0.71283716
-2.9331238  0.2013839 -0.6920028
 0.46998563 11.05432    -1.1390975 
 0.46952784 11.054521   -1.1392803 
 0.4699598 11.054691  -1.1392856
 0.20978847 11.043395   -1.0413895 
-0.12145843  4.085699    0.16973677
-0.12108692  4.0860534   0.16866787
-0.12196488  4.086043    0.16793495
-0.43581444  4.1484203   0.21150908
-0.6933237   9.766203   -0.04874371
-0.4610188   9.71292    -0.22439082
-0.6989311   9.768183   -0.41785812
-0.93032354  9.873318   -0.20995988
-0.31683993 -1.073025   -2.7721136 
-0.32027563 -1.0832205  -2.7739487 
-0.3185021 -1.0808017 -2.7747533
-0.51009035 -0.7531532  -2.618527  
 0.26072037  4.954344   -0.9404475 
 0.261101    4.953982   -0.93988395
 0.26125133  4.9549627  -0.9405691 
 0.07352404  4.966417   -0.918857  
-1.3392439   6.0215435  -0.37036628
-1.3398426   6.0214787  -0.37009746
-1.3405046   6.021397   -0.37032464
-1.6308413   6.041569   -0.35780495
1.009134  9.193547  1.6114228
1.0085156 9.193838  1.6117871
1.0081453 9.193954  1.6105416
0.69120586 9.2029915  1.5059634 
-0.6582287   5.865564   -0.27264324
-0.65816647  5.8659286  -0.27279055
-0.6584598   5.866029   -0.27308422
-0.9512591   5.948017   -0.25963658
3.1410322  3.299041   0.17154284
3.2145574  3.1786675  0.12856829
3.1526356  3.3127067  0.09860352
2.849026  3.4679284 0.121808 
-0.5399636   9.75031     0.34036124
-0.5398181   9.75016     0.34048358
-0.5394631   9.750343    0.34083608
-0.7624156  9.845559   0.1516158
 2.9227483  3.5934088 -0.325415 
 2.9226103  3.5937977 -0.3255326
 2.9221766   3.5936096  -0.32606393
 2.5839193   3.6826155  -0.28714457
-1.4039766  3.3840637 -1.4055347
-1.4034461  3.3844447 -1.4056255
-1.4039099  3.384097  -1.4061365
-1.6491809  3.4091222 -1.3362113
-0.52665424  6.7996435   3.0755527 
-0.5269269  6.7988796  3.075991 
-0.5262826  6.7993436  3.0756814
-0.71477073  6.828023    2.8506615 
-2.0111246  3.6577435 -1.12771  
-2.0115325  3.658502  -1.1263411
-2.0110512  3.6568682 -1.1270233
-2.001046   3.6446533 -1.1298703
0.36408535 5.2680616  1.0994545 
0.52390766 5.174847   0.8669905 
0.26972    5.0890355  0.68602926
0.15015899 5.207737   0.9155673 
0.89666235 6.841483   0.96214074
0.89648384 6.84143    0.9619938 
0.8956608 6.84143   0.9618402
0.5569811  6.8648753  0.97376716
-1.0848559  9.812144  -1.5694685
-1.0853425  9.811736  -1.5689338
-1.0855515  9.812126  -1.5685835
-1.2772583  9.715556  -1.3414859
-1.4131641  4.1773405  1.2913724
-1.4134914  4.177267   1.2916875
-1.4140002  4.1773086  1.2915038
-1.6892475  4.134395   1.2302548
-0.36935204  9.953431   -1.6319159 
-0.36885503  9.953766   -1.6321712 
-0.36870942  9.95394    -1.6318663 
-0.5850691  9.878268  -1.4581913
1.9911817 4.980279  2.5226111
1.9905114 4.979438  2.5231867
1.9912483 4.9795456 2.5206845
1.7276547 5.0915837 2.3372245
-0.10732976 12.962771   -0.06336951
-2.1225512e-03  1.2820368e+01 -4.5665127e-01
-0.2606894  12.9827175  -0.58021176
-0.38297558 12.934546   -0.23765275
 2.4580433  11.238454    0.58869547
 2.457511  11.239152   0.5871805
 2.457989 11.239129  0.587219
 2.168086   11.276284    0.55041367
0.9501304  9.019919   0.15701897
0.9502342  9.020338   0.15675983
0.94954133 9.020034   0.15635899
0.6614821  8.980869   0.24450421
-2.6803586  3.606581   1.8595518
-2.6794634  3.6072826  1.8585311
-2.6800432  3.6066792  1.8582869
-2.6871908  3.5941646  1.8651166
-0.598765   9.763692  -0.3715969
-0.59893346  9.763755   -0.37124604
-0.5989239   9.763623   -0.37142247
-0.8784572   9.815004   -0.41611186
-0.8588042   7.669787   -0.95337117
-0.86246026  7.6685286  -0.9565704 
-0.86064047  7.677873   -0.9608858 
-1.0842289  7.776751  -1.0190485
