-1.41215658 2.79861832 0.04151728
0.65170491 2.42356133 0.01511899
1.63701475 5.01601505 -0.01613823
0.09201245 4.63255596 0.02253940
-1.50275934 9.87188911 -0.00304131
1.32615709 1.29442310 0.05661722
1.99126506 6.32811117 -0.05627674
0.52657688 2.06817317 0.00294295
-3.82273412 1.70393729 0.05887552
3.27003336 7.47977781 0.02457831
4.61685562 1.64680398 0.04188741
0.71236956 3.72525597 0.01464052
-0.25181848 1.77446032 0.01028126
3.60041475 0.85657245 0.02181110
3.14802837 0.68458343 0.02442559
0.17504357 4.30971766 0.02878320
-0.47938064 3.51838779 0.00872672
-0.76019382 5.69698477 0.02458183
7.47895527 3.67113757 0.03393382
-0.52654934 4.06403828 -0.01320948
-2.08073759 8.48180389 0.02957428
-2.19232249 1.00383675 0.01142361
-1.21651828 8.10263538 -0.00037115
0.71797788 1.86726379 0.05067548
4.28528595 0.84916884 0.02951023
-1.98635006 6.06932831 0.05396804
6.52151155 2.49524736 0.00042624
-0.92580473 10.18761826 0.05084640
0.72800821 4.58136463 0.02871364
-7.72332716 4.96218395 0.03218000
-2.24009132 7.17210102 0.03860912
-0.27057108 2.88328838 -0.01666559
7.81860304 2.79945779 0.01292467
-2.31991243 9.20960045 0.03953641
-6.20726585 4.30140877 0.01817385
8.44351864 3.05499339 -0.01711870
-1.94532037 12.17480278 0.02288060
2.43064952 0.56115675 0.02588397
-2.04956985 9.92469406 0.02272264
-3.28163791 1.80459392 0.01018342
-5.78697872 3.04299545 0.01981735
-2.14394617 2.70428252 0.06045872
-1.79743958 1.90774858 0.01144716
-1.26680195 2.12130547 0.02145434
6.13720942 1.87656915 0.01199335
-0.46112594 7.63311529 0.02054676
4.96175432 2.06519628 0.01629017
2.72778726 5.88396072 0.02884144
-0.41720533 1.66385972 0.04315849
-5.69793844 4.53855991 0.11840253
2.29984617 5.41933060 0.00211187
8.98620415 3.12837863 -0.02546328
5.50348330 3.31469584 0.08308914
-1.42804170 11.36400318 0.04471290
-0.25231913 2.18773031 0.00966891
4.02377653 10.30569077 0.03341630
1.12570465 0.28140181 0.01280600
-1.47247148 5.31129026 -0.01167273
1.43021798 5.72742987 0.01205682
-2.42209387 10.56670666 0.04089578
1.35213304 1.93489528 0.05134144
11.18474007 3.70260477 -0.00321884
1.46886897 1.15199375 0.01563237
1.73970091 7.83218098 0.10336640
3.69900870 8.42881203 0.03098973
0.95640910 3.99816513 0.03702997
3.94643378 1.41437101 0.00216816
5.44326353 1.08941996 0.01936744
2.16144013 1.32539582 0.01949546
0.83953321 1.38699615 0.00850337
1.88162398 4.23541546 0.02941570
1.77876055 8.35733986 0.04253862
-0.44759172 3.52514482 0.02682931
-3.96202517 3.14037156 0.01839929
2.33150434 4.85090113 0.00071599
10.04436111 2.87734795 0.03884031
7.34921408 1.62517703 0.03655085
0.77183419 5.25772476 0.00970341
-0.01115234 1.34145486 0.00455213
-5.68440294 2.14416027 0.11412915
-0.93956077 6.42326784 0.00956020
6.48476505 3.63677859 0.06533834
-1.36996508 3.31632257 0.05170196
-0.04092257 1.54496956 0.02992786
3.39193225 9.81074524 -0.02427547
0.20095460 6.64409828 0.07434605
-1.10871387 4.02869320 -0.00205824
-0.30429566 1.67632818 0.01795858
2.72510386 1.47237206 0.00201676
-2.24733377 11.58406544 0.03631406
7.14122486 2.29186559 0.03680739
5.64951801 2.24780154 -0.01213696
0.38113567 3.57149506 -0.02315473
8.23435116 3.67235804 0.03581177
-1.86992443 5.29210567 0.04929123
-1.43928599 2.15305328 0.00345582
3.91430092 9.36992931 0.02187981
-0.76696688 2.15809917 -0.00872988
-0.19022544 5.95438099 0.04507081
1.42320001 4.48227787 0.01040293
4.97011042 3.02424574 0.04952918
0.66549593 5.63181305 0.04491242
7.69693708 2.02967834 0.03008722
0.21809012 5.63930035 0.06313772
1.37471235 4.44439554 -0.02387642
-7.13738728 3.72202015 0.00393742
1.30005789 6.15194893 0.02138931
-0.61716849 4.61378098 -0.01377906
0.92206889 3.24378467 0.03072535
6.37118387 1.42834616 0.03203037
-1.67747402 0.62910247 0.07604965
10.10405159 3.95483088 0.02248931
-0.00453456 7.32848740 0.07688373
0.19254538 4.97523785 0.05162380
-6.05254459 3.85177994 -0.02979106
1.27032578 3.83979297 -0.00742640
2.83762264 5.12869692 0.01392041
-0.24942251 2.56038427 -0.00633073
0.05957147 7.86787176 0.04880611
0.45645866 4.29462719 0.06076206
6.24491262 2.96955800 0.00810119
-0.86153424 9.62236691 0.02804835
-6.54001331 5.06162071 0.01085144
8.99678421 3.88989997 0.05588545
-0.43625128 1.35324502 0.01155393
2.75964761 6.91197538 0.00612596
0.32972926 1.44664812 -0.00135084
-2.70174956 2.82766867 0.04321638
-1.07773757 7.35763645 -0.00416384
0.49103573 6.03031874 0.02235108
6.67990398 1.84969532 0.01355781
2.75426149 8.13049126 -0.00041557
0.24657758 2.28243566 0.03417123
-1.74058056 7.46316433 0.04409195
0.76533079 1.69553947 0.05822383
-5.55818462 3.83027649 0.12342535
3.16517234 6.49401760 0.05856615
1.88561356 1.74497509 0.06011694
-3.24471593 2.83699155 -0.02407944
0.43676963 2.97189164 0.02228218
3.25825381 10.80072594 0.03574177
0.32579401 4.96882486 0.05957945
-7.70407677 3.27559304 0.07430590
-4.73831987 2.64016080 -0.02845212
3.24317694 8.14171982 0.01609145
1.13947546 1.95150292 0.02726869
-7.07117701 2.78169131 0.07949382
-2.50480008 1.77235460 0.00654785
-0.38977239 9.09756851 0.05392306
1.42702055 1.83996212 0.02755176
-1.50963867 5.76137590 0.03199856
0.26224703 2.21276546 0.01361181
2.90798426 0.90404874 0.02593161
0.48658425 4.87420654 0.02405919
-7.94912577 4.07178450 0.06652133
0.16164927 3.69094443 0.05841562
3.13146496 2.30549955 0.03573192
6.94806528 3.22807407 0.05499129
9.31763744 2.49299335 0.00309860
1.39212072 2.61283684 -0.00275474
0.83728254 0.96150720 0.00431694
2.32111359 8.18419647 0.01941357
-1.61103451 2.15326428 0.00474419
8.58472061 2.45621800 0.01255921
4.76886702 0.98019350 0.02726225
4.36701345 2.66982698 0.03950608
2.14302611 1.93082309 0.06190891
-3.68155837 1.28755391 0.00017534
-1.54637647 6.73226261 0.03346220
-2.94537044 1.17145920 0.05905014
-1.08092499 1.43906868 0.04676601
-6.44269466 3.38152146 -0.00892956
0.03902319 3.09271455 0.01590510
-0.73432672 4.95630407 -0.00196488
-0.77075028 2.80165768 0.02217320
-4.33865929 3.36319566 -0.04562871
0.34979045 2.33412147 0.03210355
-0.20212331 2.23283625 0.00532647
0.66789430 1.67157543 0.02639794
0.07173623 3.42045784 0.02623533
-1.34592617 4.58378792 0.06187082
-1.39814603 1.00561047 0.00294848
-4.99809265 4.27288580 -0.00452052
3.76732826 1.81139982 -0.02663649
4.01551628 11.51852608 -0.01675173
-0.96628869 2.12098384 -0.00708144
1.83428526 7.14319086 0.03338350
-4.59970570 1.64514935 0.06924805
0.72126162 4.06797791 0.02253539
-3.19168854 3.37673116 0.04525698
1.91765714 3.10803199 0.02926283
-0.11696085 4.02017450 0.00792401
-6.21816111 2.41346073 0.06619986
-8.67646599 3.93885660 0.04179210
1.88367224 3.67620587 0.01026397
-0.58008045 8.50386906 -0.00249859
-0.55957657 1.33964062 -0.02127789
-4.08340693 2.27259493 0.04253991
-5.07434940 2.95184350 0.00214374
-4.94166994 3.52539539 0.06656712
2.16448140 9.16709900 0.03862538
-3.97315836 3.72390079 0.02820586
2.47294188 9.96359539 0.06803062
0.86021340 3.14503670 -0.01141369
-0.43720061 6.83454752 0.02185004
0.76879513 2.83264279 -0.00048730
3.11623645 9.07317162 0.00710636
1.79412663 0.46355885 0.02124553
2.66467977 2.09655499 -0.00597595
2.48270774 7.33950090 -0.00972896
-2.41554499 7.96865606 0.04188924
3.29723573 1.61267161 0.02625870
1.15958691 6.93411064 0.03143014
-6.89429474 4.35523605 0.01853543
-1.61145854 3.93313813 0.04311661
9.82534504 3.38404298 -0.00912832
3.75543928 2.76324940 0.04266708
-1.34409797 8.85436153 0.01300442
-3.47524834 2.33781195 -0.00408254
-0.48162395 1.92394769 0.04831797
2.00725365 2.54076552 0.03730390
-1.69420242 10.68480492 0.01518215
1.34223354 1.11836159 0.04910836
2.25326347 4.23528671 0.02886732
3.43306994 11.15814209 0.04665560
-9.25979233 3.72266507 0.08037432
11.13265991 2.75065756 0.04640009
0.83500183 0.57729942 -0.01304668
-2.63092422 6.98562622 0.02165200
3.28103328 5.62039280 0.03324902
-4.26871777 1.51314545 0.08709545
5.98645544 0.84223109 0.05568822
-0.19041821 4.11604738 -0.00137635
-5.93888092 5.14777517 0.08826035
7.79515648 3.99572062 0.01300258
-0.00455904 9.32725334 0.04955897
3.33451629 2.45684791 0.06758764
4.31671810 8.53481102 0.02582436
0.72043812 6.64703321 0.05721727
-6.70691299 2.55915570 0.10529138
-1.69733763 1.01836717 0.07149650
-2.74887443 3.45385933 0.09289964
8.32370663 1.52184415 0.08939666
5.49084902 3.46740389 0.10943556
-8.22052288 5.79753923 0.06318834
2.10724950 8.46180725 0.02271716
3.39867592 0.30415511 0.09729238
9.94766521 4.48761415 0.02274602
1.21174622 2.59927154 0.00164880
-4.77083302 3.48173356 0.00095918
-1.76905739 5.18775702 0.04992143
1.80772030 4.52456903 0.05291428
-1.02086020 7.86229849 0.05428324
-7.40407610 4.20001745 -0.00799116
-0.98398882 2.58556819 0.07621654
6.76352930 2.38527775 -0.02101295
9.16675282 3.01656890 -0.00813847
11.58876324 4.39028883 0.03877098
2.30680847 6.86643744 -0.00926391
3.16256428 9.60029602 -0.01308694
4.52676773 1.34794343 -0.00480539
3.75423121 7.13222837 0.07209738
2.10911345 1.30570316 -0.01559470
-0.93713808 6.38913584 -0.01884177
4.51940632 10.04860020 0.03805546
4.68875170 11.68877220 0.02227868
2.11312771 -0.14659595 0.08065350
-2.51001477 2.12815285 0.04758426
0.09196214 1.69952559 0.03705591
-5.43695021 2.29600191 0.02849941
-3.31064630 0.63667458 0.07294746
0.24947757 7.99765015 0.03155804
5.46065617 2.20638895 -0.01867637
-1.57778645 3.92497253 0.01255311
0.71495104 5.13711166 0.07078362
2.71667027 3.52058077 0.03897951
-6.21936703 3.87367654 0.01252924
7.15484238 1.16667271 0.11953240
-2.17140412 8.12860870 0.05938704
-0.52490181 5.28351116 0.01765334
-4.00295782 4.36791277 0.05302841
-3.86688089 2.73401499 -0.02187219
1.94409704 9.61908722 0.08130073
7.94754267 2.84987497 -0.02680714
0.09474693 2.99061418 0.02037575
-8.18374825 3.31173921 0.08116954
6.65186834 4.11081696 0.06976590
4.44261837 3.00433993 0.08789232
-7.00146914 5.56268883 0.04889653
1.92012167 5.81415510 0.01657711
-8.46986008 4.49126625 -0.02451909
0.88017964 3.91677952 0.05882615
3.14561343 8.14515972 0.03766828
9.36839676 1.95478070 0.06930265
-0.62542105 0.89156032 -0.01594551
8.89848709 4.23895216 0.00700479
10.18649197 3.35431004 0.00614696
3.20634913 1.43007493 -0.03660018
-4.95802832 4.77335978 0.05944823
1.35989738 7.45732498 0.05861206
-1.26719308 0.08043141 0.04755399
2.19937086 2.33379626 0.09739891
3.56484365 12.13888168 0.03231821
2.40992141 10.47566605 0.04298678
4.99898624 0.51628107 0.05955668
2.73414135 4.73334503 0.04138783
1.08274901 1.48665559 0.07394465
-1.87893927 6.11873531 0.01955840
-0.78520221 8.82241917 0.06294148
1.73657131 3.57399249 -0.03733635
0.15028277 5.94258928 0.01648476
-3.38778472 1.90956056 0.07363102
-0.22620475 6.94546556 0.02745864
-2.42501760 0.47555849 0.00892158
7.56777143 2.01830363 0.04253589
11.67963219 3.43165922 0.04098959
6.28942156 1.66717553 0.05833373
6.39470053 3.29114103 0.07035134
-7.33016920 3.14717436 0.08025531
10.89395428 3.89629364 -0.00982413
-7.77537680 4.97832108 0.06387343
-6.71561241 4.68616104 0.10539957
-2.72874379 1.25927234 0.00201497
-2.11806011 2.87145281 0.03626103
-5.72932243 3.07882190 0.05464175
-0.92262691 4.50829840 -0.01902347
-1.86667168 7.30411577 0.07037494
-5.41635847 4.06179953 0.08981453
7.21503544 3.40344024 0.04769685
-0.99982339 1.62393451 0.07549676
3.01504421 6.40132380 0.07236385
-4.61975241 2.32595897 -0.02878745
4.35325956 10.94206524 -0.00281609
-0.73397660 3.50626063 0.02534928
1.44284260 8.92971325 0.07942697
-3.81943560 3.53791308 0.05757438
2.47304916 7.70195389 -0.02079236
9.88789463 2.57157969 0.05266661
-1.66045487 2.17062116 0.01573386
3.56476068 10.39019108 -0.02446963
4.57676315 2.12379932 0.06141721
3.64341044 8.91169930 0.05906346
1.18427777 6.03809929 0.08470133
8.43992710 3.58842087 0.04482909
3.87481737 7.91456413 0.04621822
2.59872985 0.43582326 0.06896982
3.69885516 3.14213896 0.05413745
8.44755459 2.26321507 0.06195852
-3.01012444 2.68630075 0.06973291
-6.14491034 2.05147505 0.03949082
-2.13308406 4.53664160 0.04487148
5.27675247 1.48760545 0.05512308
1.55783033 0.72775048 -0.00183669
1.63226688 6.60438728 -0.00338590
3.04279900 7.25641441 0.03827946
0.56908059 2.24024057 0.02995459
-1.01644325 7.14587307 -0.01105784
3.93857265 1.75591695 0.02010829
6.07135439 2.56335211 0.06420289
2.73993564 8.77680874 0.04890729
3.80532384 6.43226480 0.02450551
4.08853006 9.44969463 0.03386976
9.36377525 3.68589735 -0.00587895
-6.62455606 3.24695826 0.03966113
-0.40738988 2.20015240 0.07899571
2.70398378 2.82995558 0.09297191
0.06127696 0.94804978 0.00556658
-0.02075212 4.81610584 0.01985600
1.07540596 8.08203316 0.06634456
1.38507092 5.25435448 0.04856148
-4.94787693 1.51326144 0.10278513
2.44873691 5.39049816 0.03728743
-0.44250777 8.20003986 -0.00247573
-3.58249760 1.24904442 0.04602439
2.64996457 1.80105197 0.00766284
-1.08647478 5.73734045 0.01969257
1.07852149 3.25323534 -0.01616850
-4.72515821 4.14082813 0.06436510
2.00047112 2.95703983 -0.00574999
3.85786366 0.77874911 0.08727235
-5.10328293 2.85248494 0.01055490
0.34438181 7.24788761 0.08061277
-1.50718844 3.06500459 0.11491515
-2.75659633 7.61509609 0.07028445
5.02073812 2.65999722 0.07012506
0.15108202 8.62577438 0.08298838
-1.35680163 8.39880943 -0.02194863
4.71126127 3.57641649 0.05333794
-0.48797277 5.94114304 0.04616773
1.44652593 1.99710894 0.04903165
4.06197119 11.69870472 0.01757711
10.56556225 4.51852036 0.02198298
1.80715013 7.92775726 0.09439139
0.65128195 4.48717880 0.09340663
-6.13413000 4.49227905 0.06126646
-2.34415054 5.72508097 0.07545494
2.75102925 1.02223086 -0.02027964
2.85240054 10.97197914 0.03052403
-8.54911232 3.79216242 0.01419000
-1.74181306 6.71162033 0.03644862
6.64539003 0.84037918 0.09286287
8.58192730 2.85153627 0.03057573
10.81353760 3.26151776 -0.00121697
3.92749453 2.54706502 0.07207571
-0.37817758 7.52278423 0.05901399
2.57224298 9.64768124 0.04374621
2.30276132 6.26576805 -0.02696519
6.10600615 3.90291023 0.03767778
6.97375202 1.84129822 -0.00431892
10.43123055 2.82311106 0.03216240
7.26269388 2.68359709 0.00969042
4.43028593 0.61497331 0.06835558
-7.73139381 3.72892499 0.01789884
-1.08195639 5.05787754 -0.01548847
7.86677980 3.42841220 -0.00727340
-3.91699624 2.12633204 0.07076960
-8.29804707 5.23620653 0.01838797
0.24748382 3.75784683 0.03473447
-0.45789054 1.47742176 0.01178962
-4.38334084 3.07531285 -0.00130058
2.37681556 4.30281639 0.04951898
9.96740532 3.92980075 -0.01101161
0.65381402 5.70891190 0.07504090
-3.38386488 3.19028759 0.06173581
-6.54704332 5.24493074 0.01287119
-7.44592428 2.61487699 0.04811547
-6.77798986 4.14692163 0.06001309
-0.39974684 2.76595569 -0.01554932
2.72770786 5.85738230 0.04223495
2.13233185 9.11164856 0.07761072
1.29149115 4.38917494 -0.02810669
-7.74955559 5.53801775 0.01832647
-2.08187604 1.39374578 0.02994841
1.98048866 0.41406098 0.08593709
7.60898495 1.48767447 0.01649841
7.22913694 3.93282890 0.08822095
4.14796543 10.45286369 0.01838718
0.70147097 1.12891555 -0.00910652
5.75964212 1.77786624 0.06178464
-8.99892330 4.18087482 0.06864575
0.16847411 6.59708166 0.05008706
1.82132530 7.09348774 0.00934765
1.21795738 6.92284822 0.03864758
5.46444321 0.75150031 0.05231990
-1.82212090 3.47284198 0.06711222
-7.87842703 4.39913702 0.02330834
6.73415232 2.90876055 0.00794606
1.90670717 1.78190088 -0.01649475
