0.126620,0.389644,0.114043
0.235074,0.219441,0.109692
0.156356,0.399127,0.137483
0.254156,0.205972,0.084290
0.149552,0.213850,0.012011
0.186732,0.043782,0.047582
0.165366,0.215732,0.050563
0.237811,0.047804,0.007682
0.226038,0.061069,0.035005
0.175052,-0.087502,0.217858
0.233930,-0.055350,0.184753
0.229593,-0.078025,0.241778
0.208628,0.048660,-0.012856
0.091669,-0.106156,0.036424
0.199061,0.048845,0.024516
0.138497,-0.088312,0.055298
0.100688,0.031323,-0.023754
0.064572,-0.098658,0.059211
0.143936,0.040642,0.004002
0.107169,0.034359,-0.060493
0.177007,0.064386,-0.162271
0.160704,-0.126458,-0.193469
0.221780,0.062185,-0.153659
0.145499,-0.138949,-0.260212
0.051753,0.183310,0.004309
0.013883,0.056020,0.014140
0.069170,0.189136,0.006072
0.057056,0.184428,0.006064
0.038189,0.178631,0.009052
0.015507,-0.001460,0.004944
0.041820,0.179606,0.013817
0.069080,0.013458,-0.032237
0.046327,0.192330,0.040279
0.027961,0.088042,0.093899
0.034560,0.092844,0.109728
0.032739,0.090602,0.102070
0.066239,0.198700,0.043411
0.036772,0.096114,0.117746
0.088807,0.207898,0.068220
0.033231,0.089012,0.098318
0.056928,0.187752,0.006394
0.031547,0.082868,0.089608
0.073936,0.194815,0.013732
0.063897,0.191136,0.021014
0.039489,0.182660,0.002824
0.018302,0.003941,-0.005421
0.040198,0.182749,0.000809
0.019613,0.002275,-0.006743
0.118143,0.215178,-0.010630
0.021421,0.007367,-0.013928
0.114599,0.215081,0.023339
0.019907,0.006997,-0.007977
0.015968,0.007600,-0.010917
0.012467,0.007250,-0.009027
0.010939,0.006619,-0.008967
0.016809,0.006700,-0.007620
0.042794,0.187496,0.007259
0.022552,0.008267,-0.000038
0.043346,0.187483,0.006293
0.021998,0.005242,-0.000379
0.046469,0.188664,0.006221
0.021875,0.006931,-0.000641
0.044555,0.187837,0.006229
0.021830,0.006887,-0.001624
0.107733,0.225841,0.133388
0.046658,0.122892,0.187675
0.115299,0.234305,0.161728
0.040122,0.114037,0.166873
0.057288,0.198939,0.079264
0.039611,0.093595,0.119046
0.072234,0.204424,0.086841
0.037123,0.089151,0.107018
0.030224,0.174878,0.015170
0.010602,-0.004046,0.003578
0.033279,0.175826,0.015108
0.009691,-0.004544,0.006038
0.011903,-0.005894,0.002945
0.013007,-0.007603,0.002864
0.012201,-0.005984,0.006296
0.010869,-0.005938,0.005824
0.099606,0.397604,0.120118
0.060354,0.210064,0.095880
0.133367,0.407078,0.113263
0.101737,0.392653,0.080045
0.138682,0.223435,0.045184
0.027724,0.099197,0.127827
0.173791,0.229513,0.081889
0.021599,0.093524,0.112265
0.241211,0.603471,0.087508
0.163076,0.497759,0.063394
0.214671,0.507213,0.058113
0.261178,0.491319,0.016501
0.202602,0.497793,-0.052722
0.126853,0.386147,0.073990
0.199804,0.495999,0.005149
0.155213,0.493326,-0.047510
0.129913,0.403262,0.180363
0.120836,0.385826,0.236498
0.166635,0.414606,0.188492
0.141538,0.402804,0.206998
0.032034,0.091698,0.109452
0.044275,0.101479,0.136390
0.034509,0.101128,0.132166
0.039380,0.096403,0.119585
0.044093,0.096091,0.122772
0.038647,0.086163,0.103442
0.039074,0.100960,0.139853
0.034604,0.087590,0.104916
0.042856,0.102262,0.134032
0.036360,-0.082943,0.148164
0.039431,0.096889,0.121585
0.082825,-0.089935,0.099253
0.172280,0.229416,-0.020962
0.201092,0.225301,0.032632
0.201394,0.236664,-0.003831
0.229170,0.230060,0.014429
0.144163,0.339451,-0.146634
0.159100,0.229985,-0.047646
0.128485,0.337767,-0.100723
0.199642,0.247164,-0.046229
0.013650,0.002207,-0.001776
0.014009,0.000679,-0.002184
0.015031,0.001678,-0.001118
0.016308,0.000420,-0.001596
0.069268,0.034808,-0.106189
0.099051,0.036409,-0.090455
0.076946,0.027087,-0.064643
0.067954,0.044947,-0.139951
0.132703,0.215916,-0.017275
0.156266,0.222182,0.006448
0.153292,0.222917,-0.022411
0.178461,0.226798,-0.007898
0.080706,0.197833,-0.006650
0.019300,0.064472,0.041580
0.087657,0.201547,0.011352
0.065273,0.193671,0.008197
0.014306,0.126306,0.002775
0.032632,-0.095690,0.096405
0.075182,0.013592,0.026341
0.029739,-0.111863,0.052032
0.098813,-0.150626,-0.077536
0.081751,-0.304634,0.012857
0.047967,-0.113018,0.023264
0.091172,-0.300380,-0.052089
0.021673,0.005925,0.006951
0.023080,0.005829,0.008381
0.022695,0.005582,0.008103
0.023039,0.005242,0.008455
0.021564,0.002321,0.005241
0.010444,-0.046792,0.008691
0.019671,0.000953,0.003550
0.018733,-0.004223,0.009737
0.158098,0.308054,-0.289176
0.151692,0.333882,-0.195282
0.123000,0.328268,-0.253954
0.182122,0.328955,-0.230007
0.105271,0.336530,-0.200067
0.045089,0.162003,-0.134499
0.097226,0.336219,-0.148054
0.045738,0.176286,-0.175998
0.038093,0.187616,0.016082
0.011366,0.019802,0.010137
0.037178,0.187983,0.016562
0.033097,0.183417,0.011804
0.035594,0.188130,0.015464
0.013301,0.007682,0.007436
0.034191,0.187529,0.014100
0.014409,0.006395,0.005992
0.018036,-0.000775,-0.000697
0.017202,-0.004098,-0.003858
0.014766,-0.000371,0.001105
0.049160,0.003031,0.012381
0.101349,0.041003,-0.125894
0.020100,-0.128103,0.007930
0.132254,0.047015,-0.134734
0.045569,-0.172407,-0.050101
0.037489,0.178815,0.003746
0.018376,0.002152,-0.003654
0.041077,0.180075,0.005711
0.039814,0.178114,0.003513
0.036732,0.177940,0.004998
0.019194,-0.002453,-0.003162
0.035802,0.177817,0.005782
0.019715,-0.003182,-0.004564
0.070053,-0.148307,-0.196403
0.165269,-0.298879,-0.066300
0.101271,-0.150725,-0.143869
0.227828,-0.291103,-0.083681
0.286831,-0.312414,-0.057503
0.211119,-0.586593,-0.071224
0.228503,-0.320262,-0.013699
0.267721,-0.632551,-0.116705
0.262964,0.244909,-0.011686
0.266555,0.038484,-0.091996
0.298289,0.052642,-0.041613
0.319888,0.029975,-0.100053
0.194548,0.058995,-0.188677
0.201498,0.036884,-0.158639
0.234405,0.060939,-0.207375
0.247020,0.029099,-0.178867
0.069773,0.198468,0.049872
0.030004,0.088614,0.107422
0.058169,0.194519,0.052177
0.026515,0.082985,0.091784
0.075600,0.204795,0.068051
0.034761,0.101717,0.140500
0.098038,0.213111,0.083638
0.072535,0.207267,0.087216
0.045359,0.172958,0.012326
0.018709,0.025091,0.011376
0.043841,0.172025,0.009577
0.044769,0.170771,0.006370
0.045892,0.173375,0.011836
0.027181,-0.009329,0.004137
0.044971,0.172987,0.008220
0.024250,-0.009568,0.000511
0.249079,0.503392,-0.087789
0.254182,0.484802,-0.031809
0.186353,0.512576,-0.099518
0.307315,0.472251,-0.043537
0.083738,0.328891,-0.099117
0.082882,0.196455,-0.011333
0.076751,0.317140,-0.055858
0.122433,0.213408,-0.031077
0.039282,0.096930,0.110993
0.058083,-0.063857,0.233147
0.048873,0.108678,0.141298
0.054499,-0.071518,0.184980
0.129677,-0.080560,0.095621
0.090053,-0.296383,0.079529
0.107680,-0.076754,0.169826
0.115086,-0.091279,0.059017
0.106984,0.212176,0.080938
0.091116,0.209610,0.099440
0.110039,0.219204,0.110774
0.129531,0.217561,0.101822
0.112697,0.206686,0.008613
0.034801,0.081514,0.095356
0.119283,0.209371,0.033548
0.098557,0.203379,0.044662
0.038259,0.173541,0.008462
0.018981,-0.001802,0.006713
0.045712,0.176127,0.011992
0.042856,0.174066,0.007700
0.044644,0.174703,0.003772
0.020920,-0.007352,0.001328
0.033366,0.133187,-0.068183
0.042903,0.146242,-0.109693
0.090656,0.196185,-0.021251
0.028221,0.095600,0.125475
0.031281,0.090700,0.120156
0.030806,0.092757,0.122847
0.107697,0.202410,0.000608
0.027430,0.085968,0.106008
0.028983,0.086751,0.107726
0.025965,0.079218,0.088675
0.037635,0.184306,0.008633
0.015474,-0.001556,0.004566
0.034503,0.183645,0.008905
0.016862,0.001913,0.001862
0.029168,0.149532,-0.089042
0.012649,0.002882,0.003715
0.017641,0.132749,-0.040279
0.012506,0.000938,-0.000057
0.032953,0.181653,0.005432
0.014511,0.001971,-0.001968
0.035251,0.182694,0.008154
0.014807,0.001963,-0.002618
0.027113,0.177506,0.004987
0.011227,0.002914,-0.000485
0.010461,0.010140,0.000800
0.011937,0.002803,-0.001429
0.076243,0.191655,-0.000601
0.030982,0.082364,0.090620
0.098974,0.202580,0.029811
0.027074,0.072659,0.066641
0.041242,0.179992,0.008374
0.020251,-0.002339,0.003139
0.044937,0.181701,0.011300
0.019911,-0.001475,-0.000054
0.299713,0.039468,-0.188312
0.296489,0.011608,-0.135744
0.267722,0.046417,-0.146166
0.344868,0.005584,-0.167803
0.168608,0.085891,-0.207591
0.080220,-0.149066,-0.271142
0.124088,0.080139,-0.188997
0.108157,-0.169947,-0.333865
0.131960,0.402372,0.150564
0.245217,0.231674,0.179847
0.109724,0.394139,0.160790
0.253763,0.211152,0.138311
0.191399,0.232641,0.133389
0.168405,0.229050,0.160526
0.212775,0.221941,0.153484
0.190475,0.244281,0.187890
0.042399,0.185499,0.011958
0.027176,0.005107,0.002828
0.047177,0.187411,0.016338
0.025655,0.004609,-0.001493
0.126777,0.034681,-0.021031
0.110529,0.025563,0.032906
0.099964,0.024031,0.006195
0.135644,0.035188,0.016920
0.034895,0.182488,0.012390
0.009506,0.007794,0.007952
0.044471,0.185668,0.014525
0.035898,0.181436,0.011797
0.012225,0.002653,0.006122
0.021781,0.005780,-0.034762
0.014409,0.001704,0.007664
0.014966,0.000499,0.005645
0.038123,0.178979,0.007210
0.019694,-0.002145,-0.000827
0.039474,0.179610,0.005519
0.025922,-0.000597,-0.000839
0.037664,0.017337,-0.074121
0.054400,0.030558,-0.106692
0.055524,0.015494,-0.047739
0.067203,0.027019,-0.079336
0.155268,0.398460,0.223695
0.036942,0.112639,0.148050
0.133999,0.365907,0.274570
0.146728,0.223913,0.059243
0.028067,0.103040,0.132708
0.063246,-0.064473,0.279381
0.032453,0.110632,0.155769
0.092892,-0.087519,0.254748
0.071382,0.205057,0.107052
0.024531,0.081538,0.103693
0.077740,0.214793,0.135504
0.039212,0.187496,0.064079
0.029654,0.178432,0.017563
0.022620,0.080651,0.103431
0.019444,0.078201,0.093333
0.022318,0.078491,0.098698
0.224031,-0.060920,0.142327
0.211668,-0.297384,0.146975
0.205107,-0.080030,0.204719
0.165321,-0.311061,0.005324
0.154253,-0.306024,0.078818
0.177550,-0.544763,0.002448
0.132195,-0.293474,0.141644
0.248031,-0.584188,-0.022232
0.160595,0.341196,-0.071666
0.130433,0.211865,-0.039249
0.120033,0.325275,-0.047701
0.162596,0.223278,-0.041970
0.039300,0.187680,0.003767
0.019184,0.007069,-0.002447
0.040720,0.188275,0.004456
0.019297,0.005322,-0.004454
0.184697,0.059672,-0.122497
0.184524,0.051243,-0.078856
0.156188,0.057711,-0.107683
0.236223,0.039853,-0.117742
0.106348,0.065953,-0.142359
0.046179,-0.138452,-0.123310
0.110178,0.055829,-0.104300
0.151402,-0.126617,-0.125117
0.029435,0.184667,0.007711
0.011555,0.073975,0.055305
0.046953,0.190497,0.005726
0.052597,0.192382,0.020189
0.031303,0.184231,0.009423
0.008189,0.003979,-0.002226
0.029204,0.184786,0.011104
0.010124,0.003109,-0.002395
0.033649,0.180126,0.008419
0.020861,0.074504,0.076544
0.041390,0.185116,0.025054
0.020619,0.070285,0.065272
0.029568,0.182371,0.009307
0.008369,0.000072,0.000842
0.028760,0.181661,0.007278
0.008685,-0.000466,0.000687
0.095645,0.384295,0.094476
0.127788,0.215443,0.070750
0.089560,0.371911,0.058016
0.179462,0.222710,0.041131
0.072162,0.305806,-0.011852
0.038203,0.200581,0.017979
0.093800,0.199097,0.014678
0.042270,0.182703,0.015481
0.039707,0.179510,0.011691
0.020617,-0.001058,0.000607
0.039814,0.178459,0.007623
0.019021,0.000163,-0.000036
0.038703,0.178535,0.011941
0.019853,-0.000832,0.003797
0.037304,0.177582,0.009514
0.019593,-0.001522,0.003231
0.097289,0.220724,0.115166
0.041564,0.092823,0.105017
0.095944,0.215733,0.094634
0.040514,0.091619,0.100786
0.085730,0.204403,0.052080
0.039598,0.089244,0.099929
0.108342,0.211998,0.062400
0.043950,0.187442,0.035387
0.034932,0.174147,0.002119
0.014646,-0.002348,-0.005412
0.031726,0.172592,0.001171
0.014883,-0.003691,-0.003371
0.016737,-0.004375,-0.004152
0.017543,-0.004488,-0.003405
0.017635,-0.005715,-0.005862
0.020540,-0.003275,-0.003992
0.278879,0.228059,0.090955
0.294036,0.195074,0.107350
0.306956,0.238115,0.035235
0.327351,0.214020,0.080383
0.213244,0.238912,-0.004389
0.257098,0.228887,0.039954
0.242970,0.246752,0.001482
0.277824,0.245611,0.016958
0.289003,0.214595,0.054363
0.278816,0.069622,-0.002594
0.244035,0.232736,0.047628
0.278014,0.038705,-0.056352
0.141017,0.045704,-0.088805
0.134034,0.038788,-0.051260
0.167011,0.046313,-0.063285
0.166405,0.042641,-0.028654
0.167553,0.418443,0.153321
0.291244,0.212479,0.151430
0.119411,0.393394,0.193932
0.343977,0.186206,0.126833
0.134496,0.402025,0.100476
0.184291,0.221456,0.102031
0.111916,0.392965,0.082798
0.206035,0.224054,0.066025
0.048195,0.127163,0.170182
0.117317,-0.075664,0.320838
0.046179,0.145268,0.219875
0.134756,-0.078952,0.249220
0.036580,0.106372,0.127719
0.096052,-0.071549,0.217355
0.042834,0.116265,0.151784
0.153948,-0.067096,0.152744
0.177735,-0.092237,0.251969
0.190564,-0.127108,0.333939
0.153234,-0.112410,0.294058
0.211244,-0.101340,0.287474
0.279142,-0.344884,0.012357
0.313938,-0.351524,0.076619
0.261555,-0.317810,0.114561
0.362773,-0.391961,0.026438
0.130540,0.216461,-0.021774
0.015325,0.158146,0.010131
0.111230,0.210345,0.002886
0.102421,0.206326,-0.013387
0.150752,0.066293,-0.168683
0.085604,0.060504,-0.155156
0.147245,0.055853,-0.139055
0.119515,0.060938,-0.161410
0.045263,0.184641,0.007544
0.023815,0.005313,-0.000917
0.045984,0.184753,0.006972
0.024618,0.003606,-0.001768
0.036621,0.180131,0.004999
0.020550,0.006419,0.000405
0.015867,0.049897,0.009517
0.021861,0.006405,-0.002233
0.055730,0.012030,-0.018282
0.070680,0.015702,-0.012185
0.048965,0.007890,-0.008182
0.091088,0.023534,-0.021576
0.124472,0.028886,0.036388
0.073089,-0.084946,0.134988
0.155261,0.038949,0.040033
0.116513,-0.079008,0.126982
0.147772,0.495546,0.015410
0.145076,0.410349,0.170106
0.152906,0.410210,0.121322
0.129259,0.405513,0.133225
0.051544,0.194354,0.036723
0.028163,0.092212,0.108677
0.073723,0.202108,0.045293
0.057648,0.198406,0.051717
0.192185,0.347150,-0.165439
0.196100,0.225798,-0.023817
0.183687,0.349098,-0.107582
0.227957,0.239068,-0.025418
0.036555,0.181483,0.013522
0.007058,0.082400,0.010388
0.039744,0.182322,0.016347
0.036025,0.180339,0.012275
0.107260,0.391995,0.071519
0.137500,0.239890,0.148650
0.148955,0.248947,0.174815
0.153634,0.230777,0.120944
0.129646,0.222237,0.086135
0.029891,0.103876,0.136254
0.120667,0.226134,0.131877
0.062155,0.213613,0.106766
0.081578,0.195227,-0.008723
0.015635,0.022843,0.003219
0.097335,0.201899,-0.021294
0.067835,0.188607,-0.016127
0.209102,0.050417,-0.099943
0.207511,0.045885,-0.041916
0.237536,0.038304,-0.068439
0.247072,0.054402,-0.029464
0.176858,0.035806,0.006670
0.149452,-0.084462,0.186601
0.160556,-0.081329,0.109158
0.197098,-0.075603,0.150321
0.195306,-0.068535,0.100578
0.224319,-0.323826,0.053036
0.163716,-0.080887,0.070691
0.335048,-0.347813,-0.033409
