-0.162234,-0.135513,-0.000383
-0.112002,-0.057468,-0.001368
-0.136500,-0.108635,-0.001015
-0.143501,-0.059152,-0.001320
-0.194365,0.015456,-0.002461
-0.158632,0.038938,-0.002877
-0.169878,0.011744,-0.002528
-0.179206,0.047381,-0.002516
-0.093782,-0.209255,-0.002357
-0.058259,-0.168684,-0.002305
-0.070515,-0.201441,-0.002608
-0.079173,-0.161587,-0.002994
-0.098002,-0.111832,-0.003557
-0.060578,-0.077573,-0.002475
-0.075714,-0.118262,-0.002610
-0.084201,-0.067100,-0.003096
-0.084071,-0.227165,-0.000612
-0.081452,-0.178547,-0.001696
-0.116778,-0.224324,0.000542
-0.079242,-0.144634,-0.002061
-0.212020,-0.150628,0.003864
-0.192092,-0.062335,0.001230
-0.190325,-0.107878,0.001716
-0.216040,-0.105944,0.002892
0.025526,0.061987,0.002749
0.055571,0.104586,0.002905
0.043839,0.063111,0.002990
0.041309,0.105453,0.003023
0.001113,0.148622,0.003471
0.035472,0.189610,0.004135
0.025210,0.149900,0.004158
0.020109,0.179647,0.004057
0.162656,-0.161289,0.001822
0.219124,-0.072927,0.002200
0.183302,-0.135251,0.001839
0.160306,-0.099465,0.002543
-0.055818,0.051405,-0.000453
0.005287,0.099520,0.001592
-0.015708,0.049883,0.000378
-0.032855,0.101183,0.000409
0.096477,-0.061490,-0.002882
0.120274,0.005163,-0.003177
0.116621,-0.033468,-0.003110
0.105918,-0.007623,-0.002893
0.089662,-0.004256,-0.002546
0.117959,0.059892,-0.002980
0.108145,0.021133,-0.003064
0.098925,0.050055,-0.002745
-0.227933,0.178155,-0.000812
-0.183444,0.212272,-0.001672
-0.195692,0.178712,-0.001586
-0.208213,0.201512,-0.000264
-0.162965,0.202251,-0.003463
-0.132476,0.234050,-0.003630
-0.144506,0.211309,-0.003819
-0.151419,0.233053,-0.003336
0.145570,0.147145,-0.002368
0.183211,0.201247,-0.001920
0.166563,0.155728,-0.002566
0.159929,0.206399,-0.002631
0.114737,0.220128,-0.001103
0.142516,0.231182,-0.001174
0.133704,0.213540,-0.001403
0.119575,0.247014,-0.001075
0.022791,-0.077331,-0.000876
0.044971,-0.048671,-0.000568
0.041189,-0.081033,-0.000415
0.031636,-0.053260,-0.000233
0.030085,-0.036264,-0.001305
0.061446,0.003499,-0.001506
0.049407,-0.030891,-0.001286
0.043113,0.012881,-0.001351
0.219354,0.069095,0.000912
0.262473,0.118416,0.002016
0.243338,0.082373,0.001101
0.234480,0.121290,0.000677
0.214227,0.132575,0.001137
0.241269,0.148313,0.002803
0.232063,0.109776,0.002497
0.221620,0.167660,0.002169
0.069150,-0.263183,0.000966
0.111294,-0.206085,0.001100
0.106078,-0.248504,0.001179
0.082668,-0.216787,0.000711
0.074459,-0.176079,-0.000340
0.128976,-0.098126,-0.000757
0.111859,-0.145648,-0.001119
0.091785,-0.112686,-0.000768
0.190976,-0.114313,-0.000302
0.241502,-0.032740,0.000526
0.218131,-0.091749,-0.000078
0.216453,-0.039971,-0.000259
0.215998,0.003372,-0.001655
0.259598,0.052147,-0.001112
0.242349,0.005529,-0.000558
0.236082,0.055292,-0.001743
0.060484,-0.096388,0.000011
0.104565,-0.031490,-0.000711
0.084216,-0.081991,-0.000422
0.082757,-0.022334,-0.000854
0.062578,0.029564,0.000853
0.090757,0.079811,0.001037
0.080747,0.042129,0.001094
0.070474,0.093538,0.001109
-0.045424,-0.041926,0.000025
-0.015775,-0.003767,0.000273
-0.029143,-0.038771,0.000621
-0.032485,0.003294,0.000090
-0.070683,0.066435,-0.001422
-0.043059,0.110743,-0.000924
-0.051231,0.077915,-0.001243
-0.056286,0.098727,-0.000987
0.028183,0.011796,0.002210
0.069151,0.060468,0.001747
0.053378,0.022059,0.002014
0.048344,0.061051,0.001795
0.024668,0.091041,0.001916
0.063267,0.135060,0.001709
0.049157,0.095267,0.002306
0.045790,0.139479,0.001658
-0.003903,0.104206,0.000011
0.033571,0.148466,0.000509
0.019122,0.109714,0.000808
0.015337,0.151210,0.000515
-0.029267,0.193453,0.001819
-0.018126,0.220919,0.002293
-0.025573,0.206578,0.001541
-0.027387,0.238115,0.001609
0.090046,0.201688,-0.001091
0.110505,0.212554,-0.001150
0.109835,0.193621,-0.001318
0.097150,0.223028,-0.001161
0.064721,0.205007,-0.000044
0.096162,0.250523,-0.000240
0.082770,0.218822,0.000252
0.078463,0.252140,-0.000054
0.073582,-0.120089,-0.004373
0.127183,-0.062745,-0.002981
0.108702,-0.113026,-0.003117
0.093016,-0.051074,-0.003602
0.031450,0.034137,-0.001676
0.060033,0.069689,-0.001583
0.050799,0.044750,-0.002073
0.045103,0.069340,-0.001612
0.048506,-0.039275,0.002409
0.090192,0.031557,0.001924
0.072334,-0.021045,0.002223
0.069177,0.030425,0.001857
0.072578,0.079185,0.002159
0.100722,0.136445,0.002020
0.091333,0.099090,0.002113
0.082138,0.128690,0.001925
-0.161859,0.033363,-0.002757
-0.149868,0.116779,-0.002761
-0.152760,0.075026,-0.002441
-0.167604,0.094126,-0.001673
-0.168459,0.115260,-0.004254
-0.129636,0.179854,-0.005987
-0.129605,0.120536,-0.004308
-0.135827,0.159919,-0.004700
-0.017841,-0.043742,0.000912
0.031997,0.030228,0.001078
0.016930,-0.026131,0.001535
0.001680,0.020130,0.001055
-0.031542,0.085290,0.000075
-0.000644,0.138236,0.000828
-0.011337,0.093105,0.000677
-0.017913,0.140722,0.000780
-0.190051,0.125176,-0.001022
-0.155576,0.184190,-0.002100
-0.165061,0.135484,-0.001229
-0.175129,0.174830,-0.001401
-0.154858,0.168192,-0.002057
-0.136191,0.209782,-0.002607
-0.140392,0.184359,-0.002657
-0.145719,0.199044,-0.002560
0.012075,-0.024569,-0.002429
0.057873,0.019766,-0.002085
0.041539,-0.019584,-0.001847
0.035692,0.025185,-0.002033
0.015459,0.020046,-0.001795
0.039461,0.044612,-0.001067
0.033599,0.019597,-0.001726
0.025259,0.045381,-0.001166
0.179706,0.097988,-0.002215
0.190817,0.144061,-0.002116
0.186303,0.120729,-0.002283
0.177636,0.142023,-0.002260
0.169084,0.166657,-0.003464
0.186925,0.178378,-0.003580
0.183407,0.160764,-0.003562
0.174750,0.184870,-0.003591
-0.061199,0.211077,0.001691
-0.037829,0.240330,0.002092
-0.044922,0.215826,0.002146
-0.051794,0.244246,0.001778
-0.040304,0.256884,0.000036
-0.019270,0.266586,0.001097
-0.028600,0.257937,0.000217
-0.031622,0.277828,0.000848
-0.199644,-0.202040,-0.000754
-0.183874,-0.179249,-0.001267
-0.210377,-0.185650,-0.000519
-0.238557,-0.152596,-0.000082
-0.108033,-0.164619,-0.001856
-0.089460,-0.079754,-0.003657
-0.094201,-0.125007,-0.004719
-0.126044,-0.134755,-0.002971
0.162322,-0.012588,0.000742
0.205793,0.004255,0.001854
0.184163,0.001744,0.001325
0.173678,0.025960,0.000245
0.166236,0.041448,0.000207
0.230469,0.099136,0.001503
0.203375,0.042488,0.001176
0.196636,0.112243,0.000430
-0.046022,-0.269814,-0.001385
0.011323,-0.244422,-0.000059
-0.004821,-0.275829,-0.000633
-0.018933,-0.238708,0.000179
-0.039500,-0.144523,-0.000416
-0.009731,-0.089370,-0.000406
-0.021694,-0.133468,-0.000718
-0.025577,-0.106205,-0.000967
-0.042545,-0.011322,0.001841
-0.013571,0.037405,0.001830
-0.025848,-0.004136,0.002015
-0.030056,0.040268,0.001710
-0.045554,0.014476,0.001292
-0.010534,0.066207,0.001682
-0.025495,0.023693,0.001810
-0.030030,0.067963,0.001495
0.130262,0.088775,-0.004566
0.162552,0.128994,-0.005081
0.148568,0.094296,-0.004693
0.149045,0.129893,-0.004840
0.102291,0.116550,-0.002795
0.147075,0.175795,-0.003546
0.128610,0.129075,-0.003407
0.122639,0.167713,-0.003692
0.036881,0.137231,0.000816
0.076077,0.182918,0.001042
0.059314,0.151560,0.001133
0.055386,0.188967,0.000956
0.030893,0.166845,0.002092
0.069892,0.216379,0.002017
0.052589,0.171905,0.002227
0.051349,0.225009,0.002107
0.270502,-0.079476,0.005082
0.280282,0.002995,0.004270
0.274515,-0.035990,0.003472
0.261662,0.013145,0.002857
0.235466,0.032465,0.005428
0.274854,0.091078,0.007940
0.281785,0.040294,0.006744
0.259828,0.079358,0.006216
-0.069278,0.097984,-0.001426
-0.019474,0.160286,-0.000670
-0.043225,0.114854,-0.000784
-0.049559,0.158867,-0.001672
-0.057687,0.113801,-0.001535
-0.036765,0.193809,-0.000924
-0.048201,0.143471,-0.001009
-0.058803,0.173956,-0.001200
-0.286029,-0.049734,0.003407
-0.258942,-0.082148,0.001957
-0.265423,-0.107997,0.001688
-0.272983,-0.110790,0.003122
-0.282088,-0.024290,0.002132
-0.251927,0.063725,0.001029
-0.269505,0.019571,0.001360
-0.287105,0.061611,0.001743
-0.171284,-0.099716,0.000356
-0.177364,-0.040690,0.001145
-0.183663,-0.083265,0.000835
-0.182946,-0.010034,0.001062
-0.103638,-0.002138,-0.002571
-0.050348,0.053572,-0.000727
-0.083867,0.021242,-0.001695
-0.096514,0.076611,-0.001742
-0.139886,-0.243446,-0.000680
-0.063575,-0.233892,-0.004316
-0.069140,-0.269045,-0.003332
-0.090594,-0.256226,-0.001437
-0.104050,-0.256991,-0.001735
-0.043765,-0.164432,-0.001632
-0.037410,-0.257065,-0.002910
-0.087985,-0.198214,-0.002368
-0.080328,-0.090978,-0.001142
-0.013042,-0.025522,-0.000459
-0.041880,-0.078712,-0.000298
-0.050536,-0.025916,-0.000762
-0.054137,-0.103799,-0.001469
-0.002496,-0.077350,-0.001881
-0.023967,-0.116761,-0.001189
-0.028987,-0.062110,-0.001475
0.030037,0.117372,0.004437
0.072603,0.175007,0.004109
0.055543,0.129870,0.004620
0.049787,0.175134,0.004198
-0.006968,0.197978,0.003703
0.025673,0.239785,0.004492
0.008861,0.211843,0.003962
0.000899,0.255227,0.003766
0.044749,-0.232646,-0.000286
0.111736,-0.168993,0.000100
0.087218,-0.231399,0.000243
0.072735,-0.152603,-0.000238
0.052225,-0.116197,-0.000862
0.086726,-0.070347,-0.001724
0.072734,-0.112983,-0.001242
0.067226,-0.068352,-0.001436
0.028599,0.203710,0.002707
0.067615,0.257667,0.002923
0.051970,0.212026,0.002970
0.045289,0.255516,0.003411
0.043007,0.237150,0.004776
0.081705,0.272245,0.004894
0.067679,0.240352,0.004798
0.052142,0.276175,0.005191
-0.262653,-0.057271,0.001730
-0.223097,-0.016630,0.000938
-0.235424,-0.063164,0.000568
-0.253553,-0.008301,0.001649
-0.244426,-0.020737,-0.001265
-0.204774,0.002311,-0.001106
-0.212861,-0.037008,-0.000794
-0.232557,0.015980,-0.001062
-0.044399,-0.030327,-0.002038
-0.047072,-0.002222,-0.001808
-0.064369,-0.061281,-0.001113
-0.054650,0.037269,-0.002058
-0.112887,0.041292,-0.005322
-0.121110,0.087785,-0.004830
-0.105229,0.068896,-0.004787
-0.124738,0.066630,-0.004714
-0.092736,-0.038475,-0.001182
-0.038552,0.037562,0.000123
-0.045108,-0.021014,-0.000837
-0.070686,0.007753,-0.000083
-0.138414,-0.000130,-0.002413
-0.090541,0.076180,-0.001653
-0.102887,0.022824,-0.002212
-0.124956,0.057616,-0.001953
0.050037,-0.272518,0.005832
0.067705,-0.236714,0.003960
0.071775,-0.263913,0.003667
0.048424,-0.254294,0.004083
0.007431,-0.156783,-0.001683
-0.024972,-0.212604,-0.002956
0.005845,-0.211598,-0.003212
-0.016583,-0.176814,-0.003075
0.150778,0.007238,-0.003549
0.200392,0.063237,-0.003131
0.178301,0.016660,-0.002414
0.172747,0.070251,-0.003991
0.153489,0.050777,-0.003964
0.196319,0.088173,-0.003558
0.181495,0.049944,-0.003122
0.173526,0.094206,-0.003899
-0.181646,-0.138416,0.003160
-0.146899,-0.163851,0.001016
-0.148415,-0.177567,0.002551
-0.172950,-0.171154,0.001717
-0.143750,-0.087104,-0.001190
-0.065971,-0.042228,-0.001430
-0.096743,-0.090443,-0.001558
-0.104925,-0.029008,-0.002331
-0.079574,-0.020855,0.001902
-0.045283,0.044614,0.003124
-0.062216,0.006078,0.002014
-0.070659,0.055317,0.001552
-0.050824,0.149146,0.003393
-0.029559,0.176930,0.004267
-0.034204,0.153263,0.004012
-0.043305,0.188264,0.003989
0.128232,-0.254935,0.005614
0.191865,-0.210737,0.004463
0.168909,-0.238610,0.006098
0.160627,-0.204315,0.004393
0.213232,-0.183077,0.003485
0.261068,-0.104210,0.005261
0.251394,-0.165717,0.003875
0.233064,-0.134540,0.004455
-0.105423,0.192345,-0.001869
-0.081342,0.233005,-0.000956
-0.088764,0.201104,-0.001686
-0.094226,0.229649,-0.001326
-0.101554,0.236997,-0.000762
-0.067939,0.268951,0.000096
-0.074056,0.243762,-0.000763
-0.091363,0.258042,-0.000208
-0.226851,0.052489,-0.000392
-0.190375,0.079418,-0.000171
-0.203561,0.052940,-0.000652
-0.215201,0.098619,-0.000612
-0.220918,0.080569,-0.001243
-0.190700,0.140666,-0.001989
-0.202021,0.096901,-0.001462
-0.209017,0.138868,-0.001592
0.083880,-0.265062,0.003206
0.139683,-0.131367,0.000333
0.133900,-0.224047,0.003041
0.131919,-0.174690,0.002311
0.028405,-0.151392,0.000122
0.055395,-0.155388,-0.000653
0.051312,-0.176473,-0.000823
0.027078,-0.115279,-0.000009
-0.177050,-0.231220,-0.000742
-0.085298,-0.217557,-0.001661
-0.124876,-0.248589,-0.001126
-0.153073,-0.209630,-0.000495
-0.128078,-0.186004,0.000392
-0.061555,-0.136097,0.000094
-0.098513,-0.189031,0.000546
-0.114452,-0.086011,-0.000854
-0.127175,0.110367,-0.001645
-0.085122,0.165500,-0.001026
-0.103471,0.118923,-0.001089
-0.106221,0.165991,-0.001304
-0.145249,0.146745,-0.003122
-0.117274,0.201540,-0.002772
-0.131062,0.157362,-0.002672
-0.135323,0.200990,-0.002482
-0.002242,-0.129774,-0.005032
0.021573,-0.096018,-0.004130
0.013294,-0.117611,-0.004770
0.004424,-0.095536,-0.004460
-0.032536,-0.015936,-0.005101
-0.004765,0.004122,-0.004564
-0.015872,-0.019355,-0.004861
-0.019863,0.010757,-0.004778
-0.008087,0.073499,-0.002434
0.034462,0.117966,-0.002393
0.015898,0.074330,-0.001856
0.013562,0.127334,-0.002143
-0.025001,0.126622,-0.002351
0.011081,0.159679,-0.001145
-0.004260,0.131151,-0.001607
-0.008198,0.168240,-0.001339
0.016366,-0.272786,-0.001244
0.054928,-0.209763,-0.001103
0.034582,-0.254219,-0.001708
0.028327,-0.214852,-0.002024
-0.036184,-0.201836,-0.002736
0.018814,-0.138024,-0.000734
-0.001790,-0.186415,-0.001787
-0.014682,-0.153638,-0.001146
0.021813,-0.174039,-0.001530
0.061462,-0.132706,-0.001540
0.048760,-0.178328,-0.001348
0.040047,-0.125774,-0.001365
-0.000307,-0.055045,-0.000229
0.035131,-0.018514,-0.000390
0.020827,-0.054232,0.000414
0.016840,-0.007167,-0.000398
0.007690,-0.034914,-0.002320
0.086032,-0.034698,-0.002227
0.047548,-0.061258,-0.001122
0.047032,-0.008580,-0.002298
0.079715,0.018683,-0.003915
0.168786,0.009457,-0.001813
0.126453,-0.003994,-0.004459
0.123908,0.023376,-0.003594
0.002829,0.186568,0.001019
0.043020,0.202359,0.001898
0.029859,0.171520,0.002116
0.020567,0.222179,0.001410
-0.005186,0.243360,0.002422
0.023335,0.265060,0.003076
0.013255,0.241775,0.002518
0.010055,0.279411,0.002931
0.125346,0.046625,-0.001547
0.150954,0.106614,-0.001481
0.137446,0.069194,-0.001467
0.135176,0.105274,-0.001386
0.081670,0.147278,0.001490
0.106782,0.177797,0.001184
0.098405,0.153362,0.001183
0.095098,0.172640,0.001571
-0.138535,-0.026174,0.002231
-0.101635,0.011006,0.001175
-0.112337,-0.026812,0.001976
-0.121435,0.009869,0.001534
-0.128531,0.084692,0.000400
-0.083969,0.128791,0.000875
-0.103795,0.091211,0.000781
-0.116583,0.128923,0.000224
-0.253039,0.051902,0.003644
-0.224377,0.130221,0.003839
-0.240968,0.086583,0.003988
-0.247400,0.125715,0.004518
-0.243675,0.121357,0.001746
-0.221100,0.150065,0.002192
-0.226202,0.124345,0.002157
-0.222178,0.146227,0.003149
0.184851,-0.061180,-0.005319
0.145556,-0.033556,-0.005214
0.178338,-0.034396,-0.004774
0.159262,-0.058782,-0.006185
-0.002988,0.042734,-0.004516
0.026643,0.079487,-0.004509
0.014958,0.045073,-0.004170
0.009247,0.080845,-0.004669
-0.094683,0.152846,0.000716
-0.049245,0.202123,0.001441
-0.069056,0.158725,0.001489
-0.073553,0.207647,0.000838
-0.070702,0.190046,0.002025
-0.037158,0.227866,0.003140
-0.049888,0.197725,0.002515
-0.054853,0.233367,0.002879
