-0.126403,-0.624594,-0.020488
-0.179292,0.212876,-0.169099
-0.040012,0.104603,0.146264
-0.140046,-0.018054,0.023161
-0.045815,-0.177765,0.170633
-0.001448,-0.157808,-0.011337
-0.042646,-0.663911,0.007983
-0.193793,-0.153118,0.245849
0.035050,-0.713365,0.170695
-0.049941,0.828458,-0.002634
-0.105469,0.724346,-0.067898
-0.260095,-0.715401,-0.128676
-0.142853,-0.614936,0.055813
0.032733,-0.550763,-0.072696
-0.053136,-0.382070,-0.226825
-0.184341,0.519284,0.209384
-0.164103,-0.003181,0.059365
0.060607,0.851587,-0.058660
-0.123767,-0.434109,0.183862
-0.029177,-0.721552,-0.015993
-0.299391,-0.705364,0.020877
0.042150,0.900046,-0.046021
-0.058857,0.702542,-0.020887
-0.105609,-0.722074,-0.052294
-0.029938,-0.149891,-0.091378
0.020739,-0.441592,0.214703
0.080436,0.366007,0.284629
-0.020633,-0.343174,0.003161
0.204779,0.614834,0.054412
0.032340,0.979159,-0.034534
-0.173703,-0.374593,-0.065110
-0.071006,-0.748141,-0.120532
0.041621,-0.439374,0.261688
-0.131962,0.165861,-0.273796
-0.186973,-0.422237,-0.213120
-0.037728,-0.550128,-0.013473
-0.073748,0.083934,0.049601
0.009465,0.990751,0.026724
0.129446,-0.577597,-0.028717
-0.231849,-0.155083,-0.003927
-0.079762,-0.910935,-0.307410
0.244801,-0.782439,-0.173477
-0.021978,0.126621,0.284615
-0.026434,-0.560430,-0.010443
-0.054452,0.701236,-0.041664
0.037921,-0.529265,0.020492
0.141950,0.632366,0.018297
0.216665,-0.736303,0.114445
-0.164467,0.126123,0.165900
-0.245723,0.447226,-0.149702
-0.207397,-0.170431,0.176273
-0.079364,-0.609073,-0.067026
-0.126199,-0.385252,-0.079782
0.111324,-0.752823,0.170823
0.007171,0.271898,0.002016
0.189187,-0.637331,-0.088888
-0.144238,-0.146926,0.233528
0.147079,-0.643059,-0.162574
-0.143320,-0.177413,0.117881
-0.153093,-0.425285,0.091419
0.032725,0.650545,-0.006183
-0.002769,0.400354,0.134184
-0.306915,-0.666125,0.093751
0.081111,0.397884,0.139912
-0.141268,0.564936,0.032651
-0.159107,0.468279,-0.138478
-0.213098,0.361381,-0.038765
-0.060077,-0.031180,-0.121274
-0.351458,-0.801042,-0.041395
0.034429,0.951261,0.001133
0.066286,0.471860,0.035132
-0.126620,0.470359,-0.153346
0.005112,0.324730,-0.091989
-0.151450,-0.377089,-0.036337
0.000440,0.075274,-0.013971
0.020739,-0.441592,0.214703
0.063219,0.333080,-0.242631
-0.053455,-0.445027,0.213075
-0.109897,-0.185831,0.102307
-0.003663,0.274585,0.065995
-0.008916,0.131005,0.281148
-0.224826,0.486812,-0.042242
-0.256573,0.345491,0.135950
-0.024177,0.418063,0.202234
0.026343,0.538354,0.073531
0.044962,0.921272,-0.095085
0.069895,0.844616,0.013091
-0.076305,-0.447057,0.229741
-0.081321,-0.807643,-0.229155
-0.055010,-0.108949,-0.199833
0.000267,0.992577,-0.041164
-0.201173,-0.634842,0.060451
-0.088738,0.546459,0.236611
0.005994,-0.450996,0.270803
-0.017133,-0.441158,0.192274
-0.061114,-0.496431,0.356903
0.020241,0.873803,0.062676
-0.198093,0.559612,0.139104
-0.233746,-0.010101,-0.121152
0.128113,-0.567926,-0.004325
-0.146511,-0.444195,0.259146
-0.083629,0.835686,-0.018282
-0.046790,-0.618603,-0.002911
0.070543,0.630370,0.060377
-0.074739,-0.032837,-0.094165
-0.048361,0.291723,0.048686
-0.162811,0.738710,-0.049120
0.006630,0.418057,-0.001641
-0.106013,0.313291,0.016336
-0.113577,-0.624018,-0.098350
-0.157423,0.121150,0.105588
-0.215132,-0.420139,-0.201529
-0.267368,0.347730,0.071313
-0.082238,0.711628,-0.032318
0.088520,0.813125,0.093274
-0.241348,0.455478,-0.129532
-0.089858,0.164196,-0.041837
0.017252,0.195002,-0.005925
-0.091796,0.111000,0.213753
-0.087686,-0.744912,-0.117974
-0.302757,-0.020093,-0.078110
-0.118021,0.724956,-0.041742
0.036898,-0.566915,-0.201465
-0.210578,-0.170291,0.182937
-0.107768,-0.197945,0.047239
-0.099813,-0.388352,-0.070290
-0.018969,-0.462222,-0.008998
-0.130296,-0.726932,-0.090129
-0.080205,-0.608220,-0.028393
-0.025301,-0.459500,-0.014630
0.019985,0.616940,-0.013935
-0.061760,0.444032,0.002829
0.193032,-0.674883,-0.136188
0.107978,-0.776289,0.207901
-0.049941,0.828458,-0.002634
-0.268865,-0.155683,0.063631
-0.284390,-0.730599,-0.186209
-0.105434,-0.535305,0.405605
0.075688,-0.433744,0.317835
-0.051984,0.700751,-0.006368
-0.015851,-0.385397,-0.155112
0.020241,0.873803,0.062676
-0.020072,-0.455437,0.009063
-0.170474,-0.422583,0.187935
0.159523,-0.720664,0.096365
-0.028353,0.582928,-0.212649
0.075220,0.585733,-0.107824
0.003137,0.441383,-0.093149
-0.011275,-0.287499,0.002100
-0.154692,-0.433010,0.221195
0.009253,0.195990,-0.220737
0.165409,0.854954,-0.051259
-0.048010,0.170943,-0.110819
-0.068831,-0.117410,-0.163459
-0.055109,0.176956,-0.138660
-0.008907,0.872570,0.075838
0.003213,0.066517,0.002876
0.028420,0.400089,0.152618
0.113909,0.480167,-0.029000
-0.010226,0.814621,-0.022558
-0.159203,0.568918,0.054917
-0.071388,-0.603517,-0.003629
-0.182184,-0.176239,-0.034573
-0.201290,-0.411920,0.170685
-0.105919,-0.436217,0.066447
0.139921,-0.657188,-0.251103
-0.091158,0.466106,-0.127785
0.089138,0.316953,-0.313295
0.158493,-0.576238,-0.003009
0.005112,0.324730,-0.091989
0.009614,0.813768,-0.047405
0.103203,-0.815074,0.275526
-0.124420,-0.628468,-0.136421
0.025947,0.318370,-0.063347
-0.280871,0.005669,-0.015793
0.076911,0.394472,0.176937
0.139921,-0.657188,-0.251103
-0.078550,0.713836,0.037667
-0.067670,-0.031715,-0.109239
-0.029372,-0.397483,-0.057344
-0.026848,-0.067073,-0.014683
-0.096458,-0.434823,0.158181
0.139921,-0.657188,-0.251103
-0.106873,-0.878527,-0.297975
-0.272499,0.443235,-0.145586
0.044462,0.983226,0.021737
0.184574,0.644705,-0.015314
0.005112,0.324730,-0.091989
0.007360,0.224229,-0.014162
-0.214807,0.362118,-0.037725
-0.233719,0.450060,-0.170707
0.015411,-0.455140,0.303338
-0.259579,-0.416521,-0.195104
0.061474,-0.566808,-0.094245
-0.032773,0.461708,-0.140551
-0.068403,0.546442,0.045698
0.113445,-0.706083,0.074809
-0.145432,0.472200,-0.172538
-0.168475,0.096621,0.298184
-0.131962,0.165861,-0.273796
-0.003245,0.579053,-0.081041
-0.010226,0.814621,-0.022558
-0.259222,-0.705904,-0.198838
-0.101416,0.100788,0.086074
-0.231079,-0.007484,-0.053425
0.010352,0.915998,-0.134189
0.082641,0.371157,0.270981
0.120856,-0.633026,-0.241999
-0.081914,-0.219789,-0.024774
-0.025983,-0.365949,-0.012835
0.009106,-0.445947,0.244588
0.029646,-0.809594,-0.233492
-0.128296,0.348377,0.142698
-0.102837,0.738382,0.114806
-0.201290,-0.411920,0.170685
-0.130616,-0.856595,-0.294711
-0.138885,0.471608,-0.008629
-0.051609,-0.500018,0.367654
0.131964,0.636330,-0.017140
-0.304984,-0.173666,0.138856
-0.104354,-0.766303,-0.177218
-0.098985,-0.022734,-0.107300
0.029490,0.351295,-0.269241
-0.052109,-0.136276,-0.119477
-0.004966,0.407071,0.171847
-0.032454,0.551241,0.116919
0.005623,-0.090628,0.140240
-0.130678,0.163460,-0.280241
0.159130,-0.791239,0.188667
-0.043904,-0.044673,-0.087852
0.047183,0.834432,-0.011510
-0.126620,0.470359,-0.153346
0.187062,-0.709998,-0.197724
-0.096529,-0.862502,-0.283366
-0.115889,-0.028220,-0.001289
0.033187,0.758415,-0.011354
-0.070709,0.182370,-0.229304
-0.242858,-0.392783,-0.159628
-0.188799,-0.172948,0.136313
-0.074016,-0.437881,0.147888
0.042612,-0.443327,0.301517
0.043386,0.312627,-0.031191
0.110125,0.630319,0.044572
0.057081,-0.791407,-0.220184
-0.035857,-0.190294,0.144568
0.248893,-0.683856,-0.096260
0.025843,-0.555938,-0.128073
0.005677,0.566275,0.174967
-0.006321,-0.072057,-0.020612
0.011003,-0.316832,0.034917
-0.286670,-0.707049,-0.003193
0.038114,0.779865,0.028225
0.159643,0.757934,-0.125762
-0.003911,0.134200,0.290770
-0.164370,-0.646619,-0.155651
0.027731,0.968136,0.010403
-0.127156,0.732153,-0.063067
0.112572,0.861339,0.020139
0.061474,-0.566808,-0.094245
0.009106,-0.445947,0.244588
-0.025983,-0.365949,-0.012835
-0.090923,-0.034042,-0.052585
-0.065215,0.594150,-0.188050
-0.233470,0.454430,-0.135649
-0.096189,0.460876,-0.076666
-0.001426,-0.062402,0.265976
-0.000206,-0.671829,0.007765
-0.069210,-0.735349,-0.076239
-0.033740,-0.552889,0.003124
0.054869,-0.687072,0.046124
-0.032912,0.080131,0.067532
-0.003132,0.340079,-0.153155
-0.017883,0.175674,-0.146828
0.046707,0.392094,0.101683
-0.043737,0.447451,-0.067290
-0.174189,0.737468,0.119289
-0.053136,-0.382070,-0.226825
-0.102100,-0.388088,-0.075133
-0.163658,-0.644741,-0.057797
-0.160885,0.738738,-0.049787
-0.061696,0.476435,-0.176859
-0.022333,-0.475781,0.333844
-0.163332,0.720913,0.040218
0.091055,0.852923,-0.008391
0.082641,0.371157,0.270981
0.156980,0.630960,0.129676
0.071398,0.332962,-0.212494
-0.015975,0.589963,-0.155440
-0.124966,0.357666,0.164228
0.029902,-0.315815,-0.064695
-0.091158,0.466106,-0.127785
0.105871,0.480983,-0.050596
-0.188799,-0.172948,0.136313
-0.220495,-0.674860,-0.045159
-0.027378,-0.377292,-0.012381
-0.272499,0.443235,-0.145586
-0.101156,0.542150,0.205203
-0.253716,-0.707679,-0.159908
-0.065884,-0.438968,0.119300
0.115403,0.631415,0.066132
-0.205442,0.740391,-0.028334
0.068985,-0.768579,0.260872
0.011190,-0.714554,0.244670
-0.163332,0.720913,0.040218
-0.009254,-0.441295,0.131265
-0.173975,0.376426,0.199104
0.068985,-0.768579,0.260872
0.061425,-0.557341,-0.051752
-0.107465,-0.200672,0.028936
-0.045948,-0.758078,-0.137560
-0.137470,-0.466560,0.309852
0.075306,-0.542152,0.018079
-0.007700,0.826661,-0.077626
-0.188585,0.464707,-0.114003
-0.060847,-0.818129,-0.233192
0.074368,0.322328,-0.324805
-0.170028,0.179195,-0.252931
0.088108,-0.428821,0.200176
0.193942,-0.591997,-0.008995
0.000905,0.526117,0.013666
-0.214972,-0.417504,0.256099
-0.224826,0.486812,-0.042242
-0.174843,-0.010368,-0.102316
-0.207397,-0.170431,0.176273
0.011890,0.516161,-0.007644
0.153081,-0.755617,0.148790
-0.141124,0.334586,0.076964
-0.190760,-0.417702,0.199091
-0.248075,-0.172197,0.129139
-0.061760,0.444032,0.002829
0.035315,0.983135,0.024106
-0.062427,0.160213,-0.060596
-0.188585,0.464707,-0.114003
0.190145,-0.789066,0.175348
-0.232777,-0.686109,-0.065638
-0.016143,0.579121,-0.233299
-0.046303,0.562457,0.208112
-0.249422,-0.368759,-0.115815
-0.002016,0.524370,0.001251
-0.102837,0.738382,0.114806
0.021052,-0.556091,-0.171731
-0.233746,-0.010101,-0.121152
-0.141605,-0.157962,0.205072
0.130841,-0.579993,-0.034020
0.177995,-0.713142,-0.233230
0.013819,0.806591,0.088632
-0.045604,0.184862,-0.206269
-0.363654,-0.719825,0.061532
-0.077978,-0.106468,-0.187067
-0.008729,-0.199354,0.002711
-0.105772,-0.150094,0.219746
-0.060667,-0.389506,-0.135832
-0.179292,0.212876,-0.169099
0.008281,-0.084273,0.171508
-0.270804,-0.183813,0.212575
-0.015572,-0.178687,0.000167
-0.088738,0.546459,0.236611
-0.098928,0.183285,-0.199261
0.199164,-0.742670,0.125085
0.150602,-0.599020,-0.058564
-0.192998,0.123151,0.246263
-0.011956,-0.234611,0.037602
-0.026320,0.133470,-0.018493
-0.142038,0.469423,-0.036450
0.145967,0.857051,-0.024870
0.123849,-0.610871,-0.126084
-0.281175,-0.153674,0.071239
0.044181,-0.725837,0.191933
-0.130409,0.169447,-0.264316
-0.293344,-0.714647,-0.008591
0.249953,-0.764926,-0.157949
-0.168475,0.096621,0.298184
-0.004522,-0.539732,-0.111385
-0.294246,-0.716012,-0.010010
0.035782,0.963594,-0.007787
-0.001019,-0.141464,-0.115565
-0.047883,-0.735349,-0.065457
-0.350466,-0.832510,-0.095359
-0.130917,-0.621836,0.007117
-0.011626,-0.388990,-0.128388
-0.011082,-0.244408,0.009279
-0.061290,0.180938,-0.163466
0.029760,0.334713,-0.147347
0.089721,-0.603396,-0.228113
-0.304984,-0.173666,0.138856
-0.247555,-0.150909,0.007428
-0.068056,-0.395151,-0.005583
-0.100898,-0.010513,-0.152466
-0.096455,-0.034493,-0.026020
0.083261,-0.715415,0.119498
-0.064386,0.545700,0.045839
-0.205442,0.740391,-0.028334
-0.071572,-0.044955,-0.029471
-0.020458,-0.445757,0.232714
-0.088443,0.158871,-0.025862
0.050909,-0.435809,0.177059
-0.127357,-0.406748,-0.241447
-0.020409,0.451983,-0.113049
0.000267,0.992577,-0.041164
-0.241503,-0.383955,-0.143347
-0.130917,-0.621836,0.007117
0.102806,0.820873,0.123482
-0.236954,0.461136,-0.113578
-0.105216,-0.032403,0.021748
0.013472,-0.464003,0.336671
0.201721,0.637654,0.006935
-0.240667,-0.366630,-0.103227
-0.112065,0.721924,-0.037994
0.200477,-0.678489,-0.132097
-0.198093,0.559612,0.139104
-0.254572,-0.176444,0.157953
0.079956,-0.764259,-0.174386
-0.000712,0.812929,-0.030861
-0.200381,-0.418325,0.230566
0.030922,0.594129,-0.003371
-0.087360,0.831455,-0.030632
0.041159,-0.569556,-0.212602
-0.173585,-0.649522,-0.056350
-0.077218,-0.137942,-0.108425
0.008807,0.910415,-0.059417
-0.180832,-0.639881,0.016656
0.063007,-0.545763,-0.004063
-0.009006,-0.242931,-0.013422
-0.046790,-0.618603,-0.002911
-0.044591,0.277282,-0.002619
-0.157036,0.194263,-0.204768
-0.325702,-0.784148,-0.164170
0.003476,-0.083639,0.170538
-0.250215,-0.177888,0.174540
-0.047883,-0.735349,-0.065457
-0.026434,-0.560430,-0.010443
0.078436,-0.582956,-0.131026
0.152142,-0.641338,-0.143365
0.073763,0.810784,0.103005
-0.018756,-0.506861,0.397767
-0.072608,0.179585,-0.255106
-0.179220,0.575047,0.065516
-0.002668,-0.116412,0.034040
-0.170671,0.529534,0.191204
0.083740,0.941922,0.012964
-0.026848,-0.067073,-0.014683
0.042150,0.900046,-0.046021
-0.150813,-0.155225,0.213582
-0.159107,0.468279,-0.138478
0.050769,0.599310,-0.178112
-0.152260,0.121664,0.162185
0.109187,0.955219,0.063635
-0.135481,0.194149,-0.084670
-0.186331,0.346405,-0.021974
-0.032685,-0.191144,0.144773
0.220790,-0.728626,0.101823
0.147986,-0.667650,-0.255818
0.099424,0.817252,0.090987
-0.005277,0.323773,-0.084211
-0.262252,0.460624,-0.105928
0.092619,0.630180,0.045887
-0.018644,-0.454721,0.275926
0.039289,-0.701046,0.119993
-0.002830,-0.214344,-0.002630
-0.005277,0.323773,-0.084211
-0.230662,-0.647771,0.058272
-0.042012,-0.559190,-0.009124
0.002078,-0.005707,-0.036151
0.213304,-0.708659,-0.150267
-0.366362,-0.858583,-0.073010
-0.156492,-0.383664,-0.094858
-0.181905,0.574530,0.072615
-0.156479,-0.644341,-0.097483
-0.094568,-0.494474,0.347732
-0.097795,-0.437529,0.182461
-0.151614,0.000656,-0.160756
-0.222189,-0.683038,-0.152019
-0.120519,-0.025703,-0.038625
-0.115889,-0.028220,-0.001289
-0.305412,-0.697793,0.037967
0.034463,0.957004,-0.031493
0.024599,0.382321,-0.007128
-0.130073,-0.022409,-0.048117
-0.215377,0.492256,-0.018023
-0.255136,-0.001848,-0.024624
-0.158529,-0.173185,0.134970
0.233229,-0.810632,-0.202643
0.026147,0.878211,0.074589
0.025843,-0.555938,-0.128073
0.087233,-0.577945,-0.086112
-0.003911,0.134200,0.290770
-0.018756,-0.506861,0.397767
0.045774,0.770706,0.010766
-0.127813,0.488876,-0.217429
-0.221979,-0.010178,-0.112611
-0.376120,-0.807345,-0.009763
0.053811,0.755599,-0.127167
0.030501,0.368250,0.016146
-0.072231,0.172734,-0.093410
-0.044312,-0.216401,0.062863
-0.088738,0.546459,0.236611
-0.219096,-0.165487,0.232500
-0.202905,-0.627468,0.087648
-0.218712,0.719056,0.021422
0.042914,-0.776563,-0.185344
0.035181,-0.135658,-0.313526
-0.124420,-0.628468,-0.136421
-0.075800,0.596061,-0.197492
-0.214972,-0.417504,0.256099
-0.152260,0.121664,0.162185
0.059691,-0.797710,-0.232104
0.022021,0.413120,0.001179
-0.016032,-0.196493,-0.012008
-0.227370,-0.665939,0.001016
-0.076380,-0.461366,0.278700
-0.038773,-0.444613,0.217437
-0.020010,0.873316,0.068695
-0.277742,-0.692701,0.018826
0.035303,-0.736808,0.267304
-0.097089,0.112257,0.170269
0.039289,-0.701046,0.119993
-0.025498,-0.526703,-0.072701
0.089721,-0.603396,-0.228113
0.058416,-0.438139,0.301633
0.193441,-0.744888,-0.237598
-0.021352,-0.488595,0.358872
-0.096529,-0.862502,-0.283366
0.007590,-0.712379,0.245581
-0.112569,0.364384,0.182334
0.192586,-0.746726,-0.244508
-0.038530,0.878552,0.036262
-0.008009,-0.441928,0.119952
0.053643,0.626663,0.045725
-0.020561,0.138243,-0.035578
-0.055874,-0.055245,0.012863
-0.145666,0.328404,-0.001204
-0.099379,0.609458,-0.103956
-0.142640,-0.390787,-0.136004
0.043940,0.397576,0.143145
-0.055457,0.557463,-0.276779
-0.212438,-0.450140,-0.252129
-0.054382,0.184378,-0.196414
0.025461,0.399581,0.241932
-0.033064,-0.449620,0.043813
-0.015399,-0.116254,0.029011
0.015610,0.294270,-0.013979
-0.186218,-0.173896,0.098204
-0.063317,-0.599845,0.003255
0.111740,-0.702622,0.068255
0.065302,0.846316,-0.031596
-0.045655,-0.600515,-0.004688
0.030049,-0.541794,-0.031041
0.014384,0.606811,-0.006329
-0.031118,0.820981,0.011235
-0.183057,0.128673,0.201728
-0.182076,0.728574,0.102270
0.032725,0.650545,-0.006183
0.038111,0.330763,-0.123969
0.128406,-0.595312,-0.077273
-0.134248,-0.412393,-0.256724
0.106710,-0.750448,0.170213
-0.158912,-0.377273,-0.055653
0.014508,0.586488,-0.117953
-0.080205,-0.608220,-0.028393
0.079214,0.599872,-0.151166
-0.003918,0.872068,0.110164
0.071398,0.332962,-0.212494
0.063299,0.386615,0.237110
0.015394,0.251523,0.020969
-0.003692,0.259091,0.023142
0.130841,-0.579993,-0.034020
0.000073,0.813984,-0.036987
-0.061114,-0.496431,0.356903
0.067768,-0.587659,-0.233032
0.059353,0.770965,-0.193427
-0.031192,-0.485872,-0.013793
0.023601,0.390823,0.094984
-0.157423,0.121150,0.105588
0.016665,0.518914,-0.013387
0.021878,0.851195,-0.011207
-0.061989,0.094771,0.095945
-0.169514,-0.628951,0.040551
-0.029046,0.266785,-0.008252
-0.140377,-0.730886,-0.113797
-0.121861,0.543756,0.160946
0.017782,0.188443,0.020592
0.141201,-0.753930,0.153816
0.146196,-0.569204,0.005668
-0.125759,0.092278,0.304490
0.073054,0.396825,0.133394
0.193441,-0.744888,-0.237598
-0.006321,-0.072057,-0.020612
0.005112,0.324730,-0.091989
0.010175,0.970285,0.006792
0.053773,-0.319723,-0.047666
0.058409,-0.574818,-0.143513
-0.061608,0.282048,-0.046887
-0.061812,-0.482766,0.331632
-0.037200,-0.643577,-0.013753
-0.224826,0.486812,-0.042242
0.131964,0.636330,-0.017140
0.035129,-0.125815,-0.234026
-0.163332,0.720913,0.040218
0.073186,0.395017,0.106242
0.021949,0.877536,-0.010800
-0.136954,-0.402578,-0.196502
-0.129874,-0.381780,-0.019610
0.107048,-0.749490,0.168432
-0.084203,-0.458083,0.273217
-0.176958,0.465386,-0.160241
-0.082820,0.181811,-0.206082
-0.114870,-0.384860,-0.009747
0.003213,0.066517,0.002876
-0.111690,0.359329,0.171972
0.086897,0.752934,-0.127282
-0.074807,0.550624,0.090106
-0.210079,0.367121,0.185113
-0.078598,0.599598,-0.091522
0.005009,0.750426,-0.101704
-0.096458,-0.434823,0.158181
0.027579,-0.816496,-0.243757
0.059509,-0.739957,0.208256
0.013226,0.916449,-0.087767
-0.268865,-0.155683,0.063631
-0.262201,-0.143816,0.005999
-0.009743,0.571140,0.200276
0.050769,0.599310,-0.178112
0.173817,-0.816136,0.204848
-0.083909,-0.753736,-0.141685
-0.338460,-0.814755,-0.116122
-0.054588,-0.541372,0.428077
0.021285,0.114104,0.182264
0.233229,-0.810632,-0.202643
-0.140232,0.093459,0.300627
-0.198161,0.131634,0.213404
-0.033064,-0.449620,0.043813
0.245626,-0.688261,-0.102337
-0.040453,-0.535856,-0.002902
-0.198207,0.343904,0.072809
0.174944,-0.865712,0.240622
0.228664,-0.806436,-0.208115
0.103148,0.481592,-0.063365
-0.182602,-0.411356,-0.190813
0.153533,-0.732790,0.115151
-0.018502,-0.107213,-0.312659
0.016665,0.518914,-0.013387
-0.036259,0.534245,0.006544
-0.249279,-0.014308,-0.090524
-0.029081,-0.164961,-0.052798
-0.028894,0.588464,-0.103386
-0.234679,0.708603,0.092054
0.053552,-0.321789,0.008603
-0.029403,0.062465,0.020367
0.049622,0.590821,-0.136492
0.011150,-0.853567,-0.278781
0.008872,0.939144,0.006840
-0.172191,0.213393,-0.147649
-0.280445,-0.659639,0.082657
0.022583,0.561601,0.154533
0.060770,0.804272,0.165390
0.011190,-0.714554,0.244670
-0.096005,-0.615514,-0.050594
-0.201173,-0.634842,0.060451
0.036458,-0.730070,0.229448
0.024415,-0.559521,-0.193114
-0.217500,0.343547,0.095001
0.089138,0.316953,-0.313295
-0.020561,0.138243,-0.035578
-0.174618,-0.633623,0.032407
-0.290258,0.426823,-0.169550
-0.021925,0.821061,0.105018
-0.301071,-0.752678,-0.066860
-0.245343,-0.159393,0.054978
0.077843,0.757108,-0.166619
-0.139000,0.110936,0.076330
-0.117596,0.111322,0.224331
-0.163626,0.335602,-0.009905
-0.156616,0.205840,-0.148922
-0.082097,-0.441459,0.056593
-0.046852,-0.077805,0.169907
-0.062427,0.160213,-0.060596
-0.119034,0.469248,-0.141134
0.045774,0.770706,0.010766
-0.044312,-0.216401,0.062863
0.083740,0.941922,0.012964
-0.127613,0.192046,-0.099549
-0.097308,-0.729369,-0.071663
-0.013662,-0.736663,-0.064568
-0.064115,0.323718,0.124052
0.007590,-0.712379,0.245581
-0.136684,0.731517,0.095141
0.125525,0.867866,0.029109
-0.037728,-0.550128,-0.013473
-0.032127,0.963356,-0.001706
0.047890,-0.438535,0.135221
-0.003444,0.108683,0.173877
0.183061,-0.712848,0.077762
-0.045311,0.417096,0.169138
0.047890,-0.438535,0.135221
-0.078371,0.111861,0.214377
-0.075800,0.596061,-0.197492
-0.090710,0.299098,-0.046638
-0.005383,-0.521592,-0.001343
-0.044763,-0.726290,-0.026205
-0.303592,-0.746033,-0.051364
-0.241200,-0.695722,-0.089913
0.157375,-0.617148,-0.091289
0.023601,0.390823,0.094984
-0.102452,0.730472,0.095012
0.144972,-0.695618,0.041430
0.088708,0.632839,0.072060
-0.146535,0.743069,0.123937
0.012277,0.739290,-0.076915
0.002162,-0.816414,-0.232704
-0.177749,-0.383662,-0.107677
0.132125,0.858393,-0.031850
-0.227212,-0.010741,-0.070456
0.024629,0.752217,0.002644
0.092908,0.946911,0.023964
-0.034558,-0.673131,0.079123
-0.031254,-0.408049,-0.008810
-0.005277,0.323773,-0.084211
0.021314,-0.440093,0.181932
-0.101222,0.716746,0.004986
-0.190786,-0.448300,0.318653
-0.213098,0.361381,-0.038765
-0.283035,-0.009341,-0.048761
0.021016,-0.552408,-0.113699
0.001056,0.182134,-0.010537
0.022021,0.413120,0.001179
0.091055,0.852923,-0.008391
-0.107281,0.308030,-0.044478
-0.145883,-0.426699,0.114224
-0.126441,0.186456,-0.206702
-0.017133,-0.441158,0.192274
-0.145268,0.552065,0.126142
0.081111,0.397884,0.139912
0.033279,0.884783,0.091696
0.023601,0.390823,0.094984
0.003294,0.942034,-0.031011
0.089346,0.485118,-0.090691
0.154601,0.625207,0.059341
-0.009221,0.913758,-0.057408
-0.132567,0.553058,0.122113
-0.227081,-0.364585,-0.084183
-0.318328,-0.783529,-0.114475
-0.041058,-0.120983,-0.169627
-0.105609,-0.722074,-0.052294
-0.002016,0.524370,0.001251
-0.016413,0.873467,0.045137
0.001149,-0.683214,0.086419
-0.055841,-0.668844,0.110075
0.021384,0.746100,-0.091782
0.011687,-0.673303,0.008448
0.058409,-0.574818,-0.143513
0.089138,0.316953,-0.313295
-0.160092,0.089392,0.312646
0.016328,0.545226,-0.012711
-0.085957,0.546536,0.253779
-0.061989,0.094771,0.095945
0.183061,-0.712848,0.077762
-0.113813,-0.792864,-0.222703
0.071259,-0.677409,-0.000260
0.125407,0.746905,-0.160757
-0.217500,0.343547,0.095001
-0.227081,-0.364585,-0.084183
0.083261,-0.715415,0.119498
0.005991,0.917259,-0.099678
-0.094314,0.084688,0.028941
-0.103231,-0.861935,-0.285869
-0.331149,-0.802275,-0.101177
0.041918,0.750009,-0.104601
0.037392,-0.462966,0.367407
0.063219,0.333080,-0.242631
-0.157036,0.194263,-0.204768
0.009440,-0.120659,-0.234735
0.115403,0.631415,0.066132
-0.040378,-0.135485,-0.126644
-0.029387,0.590805,-0.117749
0.173203,-0.746336,0.132310
-0.258384,-0.649244,0.083412
-0.107378,0.172682,-0.258105
-0.072173,-0.600240,0.014098
-0.003698,0.270050,0.053502
-0.101022,0.488289,-0.208727
0.034463,0.957004,-0.031493
-0.276735,-0.185296,0.253702
-0.052371,0.173567,-0.120421
-0.124564,0.323121,0.034037
-0.283842,-0.704826,-0.002841
-0.259222,-0.705904,-0.198838
-0.000449,0.915177,-0.068573
0.078863,-0.688721,0.039158
-0.152062,-0.641159,-0.149996
-0.281016,-0.737631,-0.128245
-0.052109,-0.136276,-0.119477
-0.181905,0.574530,0.072615
-0.313616,-0.776799,-0.120063
-0.073100,0.112782,0.221188
0.101312,0.391393,0.200417
-0.140046,-0.018054,0.023161
-0.130678,0.163460,-0.280241
0.020309,0.158729,-0.104895
-0.250144,-0.396476,-0.168125
-0.232051,0.451609,-0.187847
0.169531,-0.816755,0.207479
-0.211314,0.469166,-0.091367
0.051086,-0.320552,-0.039677
-0.008525,0.540111,0.066710
0.044462,0.983226,0.021737
-0.179979,-0.167466,0.183966
-0.020477,0.685643,-0.019930
0.035070,0.336649,-0.170316
-0.284390,-0.730599,-0.186209
-0.043335,0.467472,-0.152894
-0.157036,0.194263,-0.204768
-0.093122,0.598850,-0.210753
-0.141115,0.722477,0.019399
0.105871,0.480983,-0.050596
0.044021,0.979261,-0.026642
-0.150871,0.723843,0.057918
-0.219096,-0.165487,0.232500
-0.277491,0.440152,-0.149629
-0.026320,0.133470,-0.018493
-0.212438,-0.450140,-0.252129
0.013023,0.677028,0.028384
-0.376120,-0.807345,-0.009763
0.069542,0.395091,0.168664
-0.174843,-0.010368,-0.102316
0.002250,-0.479386,0.365252
0.036650,0.921074,-0.101681
-0.046977,-0.440660,0.150523
0.073054,0.396825,0.133394
-0.094201,0.611178,-0.137559
-0.003444,0.108683,0.173877
-0.296865,0.422274,-0.177218
-0.123718,-0.023616,-0.051757
-0.061829,-0.801151,-0.002269
0.082720,0.758752,-0.187866
-0.127613,0.192046,-0.099549
0.079047,0.978347,-0.010780
0.000149,0.559612,-0.027201
0.021303,-0.544650,-0.062449
-0.286447,0.338398,0.121614
-0.214252,-0.157295,0.264463
-0.077835,-0.104580,-0.191955
-0.039121,0.566388,0.214109
-0.007089,0.545829,0.095518
0.038111,0.330763,-0.123969
-0.027475,0.690797,0.007370
-0.029655,-0.064482,-0.021144
-0.154679,-0.424053,0.126468
-0.094387,0.611044,-0.162363
-0.041253,-0.546190,-0.003024
-0.215132,-0.420139,-0.201529
-0.218138,-0.003237,-0.021533
-0.233470,0.454430,-0.135649
-0.008009,-0.441928,0.119952
0.016110,-0.534046,-0.016409
-0.001448,-0.157808,-0.011337
-0.145432,0.472200,-0.172538
-0.187652,0.472832,-0.071643
-0.094387,0.611044,-0.162363
0.079956,-0.764259,-0.174386
-0.190496,-0.005641,0.000264
0.027322,0.594133,-0.207012
-0.164722,0.121786,0.201489
-0.276735,-0.185296,0.253702
0.003014,0.784430,0.038618
-0.011752,0.427133,-0.018433
-0.060866,-0.446185,0.041645
-0.033341,0.294052,0.080585
-0.045467,0.824962,-0.060840
-0.013662,-0.736663,-0.064568
0.017737,0.416566,0.005982
-0.123613,0.077771,0.362226
0.111324,-0.752823,0.170823
-0.138967,0.187738,-0.208376
-0.037455,0.541542,0.050455
-0.162857,-0.170128,0.156290
-0.001491,-0.187689,-0.002408
-0.192998,0.123151,0.246263
0.015610,0.294270,-0.013979
-0.033064,-0.449620,0.043813
-0.066412,0.464273,-0.130829
0.002097,0.106912,0.167502
-0.212289,0.349736,0.130001
-0.021925,0.821061,0.105018
-0.170749,0.121398,0.074174
-0.150871,0.723843,0.057918
-0.156960,-0.392307,-0.143144
-0.256409,-0.712471,-0.144958
0.073763,0.810784,0.103005
0.088482,0.627393,-0.011170
-0.100260,0.613979,-0.153515
-0.301071,-0.752678,-0.066860
-0.019153,0.873895,0.063222
0.239804,-0.648291,-0.062539
-0.016032,-0.196493,-0.012008
-0.057696,0.457093,-0.104217
-0.289929,-0.188541,0.190837
-0.044646,0.830945,-0.090162
-0.090102,-0.390694,-0.042198
-0.126199,-0.385252,-0.079782
-0.226766,-0.682838,-0.071674
-0.044547,0.708189,0.065748
-0.236954,0.461136,-0.113578
0.166434,-0.826381,0.217068
0.016665,0.518914,-0.013387
-0.123718,-0.023616,-0.051757
-0.070709,0.182370,-0.229304
-0.030897,0.963132,-0.003645
-0.015608,-0.085964,0.152692
-0.011935,-0.454941,0.002966
-0.094568,-0.494474,0.347732
0.018600,0.133611,0.252224
-0.039565,-0.054320,-0.053462
-0.325406,0.331858,0.123252
-0.112769,0.466735,-0.113509
0.005994,-0.450996,0.270803
-0.094568,-0.494474,0.347732
-0.123613,0.077771,0.362226
-0.126441,0.186456,-0.206702
0.129353,-0.617550,-0.134633
-0.044591,0.277282,-0.002619
-0.238553,-0.691342,-0.075468
-0.056154,-0.821206,-0.234554
0.005994,-0.450996,0.270803
-0.033662,-0.682233,0.169603
0.002023,0.321143,-0.075740
-0.018712,-0.405614,0.002003
0.003294,0.942034,-0.031011
0.019111,0.725191,-0.043612
-0.065884,-0.438968,0.119300
0.136865,0.629233,0.085077
-0.020072,-0.455437,0.009063
-0.061616,0.087565,0.069029
0.017275,-0.322368,-0.005915
0.047746,-0.147241,-0.341548
0.180613,0.618837,0.062272
-0.120082,-0.394408,-0.163322
-0.060667,-0.389506,-0.135832
0.190145,-0.789066,0.175348
0.036591,0.750820,-0.106027
0.076111,0.951914,0.058306
-0.061114,-0.496431,0.356903
-0.083629,0.835686,-0.018282
-0.193793,-0.153118,0.245849
-0.060710,0.552575,0.133397
0.195804,-0.751091,-0.239358
-0.003270,-0.084811,-0.014307
-0.260095,-0.715401,-0.128676
-0.068831,-0.117410,-0.163459
-0.091165,0.110270,0.225790
-0.019816,0.914579,-0.046676
-0.136215,0.724094,-0.009640
-0.078598,0.599598,-0.091522
-0.040467,-0.058755,-0.026083
-0.134363,-0.497061,0.364714
-0.125941,-0.383444,-0.038588
0.008668,-0.128117,-0.168442
-0.017508,0.959628,-0.024236
-0.236916,0.351169,0.036251
0.077312,0.577286,-0.083651
-0.073100,0.112782,0.221188
-0.029046,0.266785,-0.008252
-0.090923,-0.034042,-0.052585
-0.086650,-0.436504,0.163987
-0.286670,-0.707049,-0.003193
-0.124564,0.323121,0.034037
-0.187230,0.013634,-0.187552
0.022419,-0.446444,0.073277
0.079693,0.975876,0.001924
-0.058857,0.702542,-0.020887
-0.021925,0.821061,0.105018
0.015386,-0.447145,0.254987
-0.107001,0.718259,0.009507
-0.246289,0.004828,-0.006345
0.118039,-0.630396,-0.246385
-0.176335,0.358340,0.159361
-0.126441,0.186456,-0.206702
0.096584,0.476737,0.007146
-0.100260,0.613979,-0.153515
-0.032668,-0.687148,0.223797
0.183061,-0.712848,0.077762
-0.193999,-0.172068,0.015541
-0.068466,0.733081,0.120354
0.168053,-0.698692,-0.253797
-0.035056,-0.670881,-0.009714
0.174225,-0.663165,-0.144836
-0.066522,0.106103,0.151021
-0.135481,0.194149,-0.084670
0.022419,-0.446444,0.073277
0.056659,-0.566494,-0.104813
-0.044692,0.273497,-0.030338
-0.162909,0.483291,0.024923
-0.044306,-0.759553,-0.141557
-0.029647,0.158844,-0.083200
-0.030133,-0.379528,-0.004937
-0.046790,-0.618603,-0.002911
-0.073743,-0.899145,-0.298914
0.054248,0.786264,0.035173
-0.188663,0.212690,-0.188411
-0.104896,-0.619882,-0.109859
-0.218138,-0.003237,-0.021533
-0.003827,0.678630,-0.005942
-0.112341,-0.623703,-0.077656
-0.232051,0.451609,-0.187847
-0.174531,0.496623,0.252435
-0.019888,0.390996,0.086903
0.008907,-0.687389,0.097409
-0.264615,-0.173574,0.144668
-0.170207,-0.382214,-0.095156
0.120006,-0.810275,0.238794
-0.138885,0.471608,-0.008629
-0.008729,-0.199354,0.002711
-0.065215,0.594150,-0.188050
-0.183057,0.128673,0.201728
0.098975,-0.603965,-0.165091
-0.150718,0.186922,-0.218865
-0.014034,-0.162295,-0.012133
0.024629,0.752217,0.002644
0.021641,0.814792,0.136556
-0.007028,-0.264386,-0.011280
-0.092269,-0.389667,-0.057513
0.011753,0.533702,0.052741
-0.177749,-0.383662,-0.107677
0.102806,0.820873,0.123482
-0.026735,0.453006,-0.112550
-0.045108,0.437644,0.007929
-0.032773,0.461708,-0.140551
-0.081302,-0.390340,-0.149581
0.017782,0.188443,0.020592
-0.155265,-0.640036,-0.185714
0.060728,0.380605,0.265632
-0.054382,0.184378,-0.196414
-0.014708,-0.167815,-0.047210
-0.043904,-0.044673,-0.087852
0.023159,-0.441209,0.219004
0.030501,0.368250,0.016146
0.045994,-0.682435,0.028689
0.101312,0.391393,0.200417
-0.061989,0.094771,0.095945
-0.136684,0.731517,0.095141
0.025462,-0.439468,0.187138
-0.191774,-0.003888,-0.138992
0.115389,-0.765755,0.184254
-0.101356,-0.394626,-0.184553
-0.017883,0.175674,-0.146828
0.220790,-0.728626,0.101823
-0.277742,-0.692701,0.018826
0.016110,-0.534046,-0.016409
-0.114015,0.478180,-0.181787
-0.132305,-0.185820,0.078797
0.159523,-0.720664,0.096365
0.019557,0.987046,0.028559
-0.003663,0.274585,0.065995
0.130841,-0.579993,-0.034020
-0.093654,-0.200407,0.058265
-0.175558,0.125033,0.083888
-0.014828,0.435365,-0.051175
0.028176,-0.732503,0.280831
0.144522,-0.637391,-0.152609
-0.018093,-0.374112,0.002337
0.007590,-0.712379,0.245581
0.036650,0.921074,-0.101681
0.022021,0.413120,0.001179
-0.191527,-0.661516,-0.174580
-0.101473,-0.034279,0.020143
0.030011,0.563263,-0.045310
0.004607,0.575795,-0.073436
0.067800,-0.751700,0.218497
-0.107001,0.718259,0.009507
0.032910,-0.317314,0.054187
-0.227081,-0.364585,-0.084183
0.228664,-0.806436,-0.208115
-0.095002,0.111255,0.152086
0.044730,0.628475,0.058605
0.023402,0.979061,0.018968
0.025872,0.443445,-0.002206
-0.019398,0.685502,-0.039754
0.104550,0.955506,0.063748
-0.132043,0.117047,0.165356
-0.196538,-0.168261,0.193987
-0.032925,-0.066691,0.217699
0.052037,-0.808405,-0.247119
-0.060847,-0.818129,-0.233192
-0.053874,-0.391382,-0.099246
-0.238259,0.008192,0.004329
-0.094389,-0.036313,0.047876
-0.011200,-0.832647,-0.250048
0.071259,-0.677409,-0.000260
0.027014,0.593395,-0.184095
-0.329131,-0.187154,0.172895
0.029306,-0.442623,0.109956
-0.150066,0.740470,-0.064918
-0.113931,-0.744202,-0.131363
-0.024573,0.352710,-0.192592
-0.066522,0.106103,0.151021
-0.276010,0.472904,-0.082384
0.055142,-0.139936,-0.304628
-0.091796,0.111000,0.213753
-0.105434,-0.535305,0.405605
0.068985,-0.768579,0.260872
-0.138967,0.187738,-0.208376
-0.023273,-0.328244,-0.012925
-0.224645,0.345545,0.073986
-0.363211,-0.827831,-0.050184
-0.089858,0.164196,-0.041837
-0.361764,-0.777497,-0.000456
-0.246671,-0.657329,0.051870
-0.110102,0.540743,0.194138
0.064438,-0.582794,-0.173669
0.036564,-0.772087,-0.173317
-0.036667,-0.216806,0.069153
0.045774,0.770706,0.010766
-0.010004,-0.109063,0.061814
0.022677,-0.711749,0.184283
0.016863,0.386461,0.075799
0.017784,-0.555369,-0.184421
-0.042243,0.303248,0.093780
0.000440,0.075274,-0.013971
-0.017991,0.809651,0.082614
-0.162909,0.483291,0.024923
-0.151450,-0.377089,-0.036337
-0.140232,0.093459,0.300627
0.029582,0.772693,-0.162453
0.163020,-0.681444,-0.210896
-0.010004,-0.109063,0.061814
0.041327,0.597198,-0.182418
-0.011752,0.427133,-0.018433
0.089138,0.316953,-0.313295
0.007195,0.172938,0.002866
0.036898,-0.566915,-0.201465
-0.097352,-0.035451,-0.000148
-0.053347,-0.695648,-0.004112
-0.219866,-0.170161,0.114501
-0.104898,-0.799065,-0.226685
-0.178002,-0.175243,0.076426
0.248991,-0.681176,-0.093922
0.193441,-0.744888,-0.237598
0.092366,0.857316,-0.042001
-0.086411,-0.180888,0.141157
-0.068403,0.546442,0.045698
-0.256538,0.352808,0.174492
-0.105122,0.554581,0.058169
-0.023176,-0.180453,-0.009962
0.011219,0.962898,-0.000869
-0.138147,-0.774199,-0.214972
0.177296,0.617560,0.072005
-0.055240,0.280051,-0.024726
-0.161513,-0.006183,-0.134431
-0.132397,-0.021757,-0.044920
-0.064386,0.545700,0.045839
0.174225,-0.663165,-0.144836
-0.210079,0.367121,0.185113
-0.008405,0.001498,-0.007563
-0.025653,-0.674313,0.066232
-0.273844,-0.722026,-0.068175
-0.122051,-0.186546,0.086357
0.015601,0.179026,-0.163277
-0.164722,0.121786,0.201489
0.003372,0.306635,-0.010147
0.026973,0.619149,0.013623
0.153153,0.641222,-0.021539
-0.013713,0.074767,0.062182
-0.247163,-0.002637,-0.163017
0.133969,0.755346,-0.072715
-0.249279,-0.014308,-0.090524
-0.000011,-0.067141,0.250854
-0.220200,-0.167248,0.058800
-0.019799,0.119439,0.235884
-0.034896,-0.099411,-0.289539
-0.269168,0.346749,0.163536
-0.248454,-0.175037,0.147527
-0.233470,0.454430,-0.135649
-0.047819,-0.181604,0.158722
-0.032912,0.080131,0.067532
0.203323,-0.672627,-0.121528
-0.040691,-0.141893,-0.109227
-0.154679,-0.424053,0.126468
-0.346696,-0.703054,0.067161
-0.046655,-0.758415,-0.138586
-0.149389,-0.182632,0.067649
-0.161883,0.335712,-0.031919
-0.090823,0.822459,-0.052819
0.079043,0.389322,0.072052
-0.053347,-0.695648,-0.004112
-0.289929,-0.188541,0.190837
-0.034558,-0.673131,0.079123
-0.034801,0.822406,-0.036220
0.021641,-0.723310,0.246976
-0.182184,-0.176239,-0.034573
-0.032127,0.963356,-0.001706
0.139921,-0.657188,-0.251103
-0.043904,-0.044673,-0.087852
-0.126441,0.186456,-0.206702
0.109486,-0.688300,0.028583
0.076911,0.394472,0.176937
0.059389,0.594487,-0.144392
-0.055970,-0.168786,0.188618
-0.048903,-0.393638,-0.078483
-0.156492,-0.383664,-0.094858
-0.315224,-0.030347,-0.104245
-0.124452,0.317713,-0.047164
0.060607,0.851587,-0.058660
-0.090940,-0.389321,-0.122293
-0.115628,0.336840,0.118192
0.091866,-0.721611,0.128865
0.010396,0.875939,0.085737
-0.196893,-0.003127,-0.143694
-0.151450,-0.377089,-0.036337
0.024599,0.382321,-0.007128
-0.156616,0.205840,-0.148922
0.051822,0.472444,-0.057497
-0.053475,-0.894399,-0.293363
0.001974,0.239458,-0.006389
0.064292,0.924453,-0.006435
0.190422,-0.826681,0.205733
-0.081915,0.101635,0.328928
-0.004863,-0.120666,0.018989
0.016863,0.386461,0.075799
-0.039832,0.700062,0.031531
-0.162811,0.738710,-0.049120
-0.102028,0.180899,-0.095100
-0.081302,-0.390340,-0.149581
0.128194,0.637880,0.121166
-0.124357,-0.180733,0.113951
0.044462,0.983226,0.021737
-0.206576,0.480127,-0.049533
-0.061760,0.444032,0.002829
0.006630,0.418057,-0.001641
-0.330131,-0.208718,0.228625
0.018905,0.511828,-0.014755
-0.102741,-0.434626,0.162058
0.111740,-0.702622,0.068255
-0.008527,-0.540197,-0.139408
-0.175068,-0.415354,-0.202841
-0.020603,0.398988,0.116988
0.074845,-0.431491,0.190076
0.021052,-0.556091,-0.171731
-0.241670,0.344050,0.105588
0.072568,0.927487,-0.021185
-0.179292,0.212876,-0.169099
-0.164370,-0.646619,-0.155651
-0.231183,-0.691404,-0.125493
-0.303775,-0.143299,0.061040
0.041317,0.974696,0.001213
0.042454,-0.149161,-0.355276
-0.029682,0.420279,0.208674
-0.173721,-0.651491,-0.175325
0.119691,0.488357,-0.086659
-0.003918,0.872068,0.110164
-0.282953,-0.734880,-0.092614
-0.172517,-0.644161,-0.024498
-0.032454,0.551241,0.116919
-0.209528,0.459073,-0.138623
-0.055240,0.280051,-0.024726
-0.123225,-0.814073,-0.256355
-0.055086,-0.860901,-0.269536
-0.286791,-0.010956,-0.053338
-0.090102,-0.390694,-0.042198
-0.182602,-0.411356,-0.190813
-0.185058,-0.656537,-0.077570
0.209873,-0.774132,-0.224835
-0.275234,0.354089,0.050573
-0.168475,0.096621,0.298184
0.018005,-0.138565,-0.128510
-0.249279,-0.014308,-0.090524
-0.019849,-0.467594,-0.001561
-0.076750,-0.734402,-0.076243
0.002078,-0.005707,-0.036151
-0.032912,0.080131,0.067532
0.042642,-0.133638,-0.292781
0.043386,0.312627,-0.031191
-0.235362,0.367924,-0.029456
-0.076305,-0.447057,0.229741
-0.336683,0.330578,0.125950
-0.276010,0.472904,-0.082384
-0.325406,0.331858,0.123252
-0.041253,-0.546190,-0.003024
0.026343,0.538354,0.073531
-0.377030,-0.813527,-0.013527
-0.042646,-0.663911,0.007983
0.035312,0.464983,0.015916
0.155510,-0.848150,0.238419
0.154601,0.625207,0.059341
0.053552,-0.321789,0.008603
-0.052371,0.173567,-0.120421
0.000126,-0.098745,0.102139
-0.338460,-0.814755,-0.116122
-0.234679,0.708603,0.092054
-0.113577,-0.624018,-0.098350
-0.003245,0.579053,-0.081041
-0.093133,-0.439849,0.045015
-0.061667,-0.212055,0.055639
-0.044646,0.830945,-0.090162
0.042454,-0.149161,-0.355276
0.203323,-0.672627,-0.121528
-0.138967,0.187738,-0.208376
0.054926,-0.740560,0.215412
-0.149389,-0.182632,0.067649
0.122595,-0.563829,0.001131
-0.060028,-0.444128,0.061180
0.017147,0.550311,0.113764
-0.071273,-0.605330,-0.081710
-0.094389,-0.036313,0.047876
0.078403,0.629052,0.045409
-0.107778,-0.184582,0.110536
0.062203,0.998062,0.001894
-0.175102,-0.371346,-0.039271
-0.170907,0.081620,0.333307
0.044021,0.979261,-0.026642
-0.117973,0.540497,0.173881
-0.034975,0.931810,-0.089917
0.002250,-0.479386,0.365252
-0.027311,-0.446943,0.064808
-0.016687,-0.075234,0.198703
0.268994,-0.680350,-0.082381
0.102806,0.820873,0.123482
0.074845,-0.431491,0.190076
-0.032109,-0.648954,-0.003316
0.021949,0.877536,-0.010800
-0.019849,-0.467594,-0.001561
-0.129874,-0.381780,-0.019610
-0.078371,0.111861,0.214377
-0.249279,-0.014308,-0.090524
-0.068255,-0.393655,-0.054731
-0.068826,-0.438660,0.117748
-0.020458,-0.445757,0.232714
0.049836,0.391336,0.097284
-0.130143,0.166971,-0.270952
-0.122342,-0.385753,-0.080381
-0.150066,0.740470,-0.064918
-0.118929,0.328091,0.075162
-0.179750,-0.426065,0.221769
0.178256,-0.791913,0.179825
-0.021172,0.099310,0.130878
-0.093861,0.607849,-0.180366
0.119397,0.858343,-0.026846
-0.054382,0.184378,-0.196414
-0.361764,-0.777497,-0.000456
-0.366362,-0.858583,-0.073010
-0.140056,-0.427387,0.145800
-0.250976,0.365258,0.004006
-0.033740,-0.552889,0.003124
-0.101356,-0.394626,-0.184553
-0.206359,-0.669663,-0.072600
-0.110673,0.462714,0.007892
-0.065884,-0.438968,0.119300
-0.015608,-0.085964,0.152692
0.268994,-0.680350,-0.082381
-0.085338,0.549535,0.168127
-0.048636,0.595180,-0.130989
-0.161122,0.066442,0.363937
-0.198326,0.349899,0.129586
-0.037455,0.541542,0.050455
-0.070867,0.708478,-0.054121
-0.173975,0.376426,0.199104
-0.136684,0.731517,0.095141
-0.082820,0.181811,-0.206082
-0.008916,0.131005,0.281148
-0.159138,0.546968,0.147785
-0.086411,-0.180888,0.141157
0.074549,-0.438587,0.119678
-0.127175,-0.152301,0.217298
-0.018093,-0.374112,0.002337
-0.072783,0.166919,-0.073201
-0.302442,0.438275,-0.140169
-0.054382,0.184378,-0.196414
0.035050,-0.713365,0.170695
-0.114242,0.098851,0.061349
0.136583,-0.645455,-0.196115
0.001149,-0.683214,0.086419
-0.050992,-0.738254,-0.077987
-0.314447,-0.669983,0.092629
-0.187230,0.013634,-0.187552
-0.053874,-0.391382,-0.099246
0.071467,0.391984,0.199291
0.008625,-0.541473,-0.072955
-0.200780,-0.660356,-0.036921
-0.142640,-0.390787,-0.136004
-0.154623,0.115503,0.224674
0.133325,0.738320,-0.190878
-0.115889,-0.028220,-0.001289
0.216634,-0.765975,0.149386
-0.018756,-0.506861,0.397767
0.029490,0.351295,-0.269241
0.006049,-0.321797,-0.016910
0.037030,0.854615,-0.002539
-0.150813,-0.155225,0.213582
0.023601,0.390823,0.094984
0.053811,0.755599,-0.127167
-0.031272,-0.446115,0.071176
-0.214515,0.730708,-0.005134
0.053054,0.383946,0.060253
0.213835,-0.712005,-0.152588
-0.173975,0.376426,0.199104
-0.084344,-0.563205,0.441081
-0.170474,-0.422583,0.187935
-0.017991,0.809651,0.082614
0.047746,-0.147241,-0.341548
0.119691,0.488357,-0.086659
0.120856,-0.633026,-0.241999
-0.350466,-0.832510,-0.095359
0.021878,0.851195,-0.011207
0.089759,0.480442,-0.066342
0.026343,0.538354,0.073531
0.008438,0.316988,0.001565
-0.251251,-0.453654,-0.240664
-0.131962,0.165861,-0.273796
0.173203,-0.746336,0.132310
-0.048636,0.595180,-0.130989
-0.033471,-0.481661,0.001215
-0.008035,0.186758,-0.198592
-0.016590,-0.391014,-0.110735
0.004539,0.419619,-0.011310
-0.147785,-0.185913,0.036354
0.097796,0.398490,0.156380
0.029902,-0.315815,-0.064695
-0.029387,0.590805,-0.117749
-0.240667,-0.366630,-0.103227
-0.074807,0.550624,0.090106
0.134109,-0.836710,0.251524
0.037030,0.854615,-0.002539
0.106710,-0.750448,0.170213
-0.138821,0.326108,-0.061786
-0.156952,0.541524,0.163839
-0.013713,0.074767,0.062182
0.070713,0.333116,-0.171097
-0.006157,-0.676324,0.045753
0.070925,0.803327,0.069314
0.182691,-0.599705,-0.030997
-0.196054,0.493274,0.009170
-0.082820,0.181811,-0.206082
0.009440,-0.120659,-0.234735
0.204779,0.614834,0.054412
0.124580,0.866272,0.024242
0.183061,-0.712848,0.077762
0.021878,0.851195,-0.011207
-0.054841,-0.038567,-0.097064
-0.085121,0.080585,0.024625
0.073414,-0.736206,0.176529
-0.089371,-0.491010,0.341641
0.013807,0.526662,0.027310
0.099424,0.817252,0.090987
-0.090823,0.822459,-0.052819
0.128280,-0.699699,0.057393
0.209873,-0.774132,-0.224835
0.013594,0.166395,-0.011660
0.048171,-0.556637,-0.071304
0.054248,0.786264,0.035173
-0.036667,-0.216806,0.069153
-0.037209,-0.440535,0.153972
0.004721,-0.137373,-0.129979
-0.181211,0.341908,0.085824
-0.184777,0.121550,0.234790
0.011861,-0.677349,0.032000
-0.221257,-0.006485,-0.046164
-0.214344,-0.415257,0.241921
-0.067075,-0.725770,-0.034397
0.193032,-0.674883,-0.136188
-0.336683,0.330578,0.125950
0.201028,-0.741288,-0.209119
-0.132289,0.191281,-0.177726
-0.101473,-0.034279,0.020143
-0.170248,0.338160,0.048080
-0.110778,-0.788881,-0.216147
0.001069,-0.451523,0.036163
-0.060077,-0.031180,-0.121274
-0.262694,-0.181551,0.185277
-0.268865,-0.155683,0.063631
-0.127357,-0.406748,-0.241447
0.023402,0.979061,0.018968
-0.105132,0.461795,-0.054774
0.022583,0.561601,0.154533
-0.293162,-0.740040,-0.181319
-0.093464,0.101424,0.306188
0.047318,-0.720856,0.174891
-0.003692,0.259091,0.023142
-0.038661,0.107689,0.162370
0.047746,-0.147241,-0.341548
0.030762,0.971201,-0.047173
-0.198207,0.343904,0.072809
-0.107378,0.172682,-0.258105
0.013594,0.166395,-0.011660
0.071467,0.391984,0.199291
-0.083629,0.835686,-0.018282
-0.008814,0.439390,-0.075175
-0.244462,-0.176910,0.172330
0.047318,-0.720856,0.174891
-0.198531,0.138759,0.158002
0.011687,-0.673303,0.008448
-0.108325,-0.151501,0.215668
-0.036259,0.534245,0.006544
-0.025574,0.439287,-0.054308
-0.019849,-0.467594,-0.001561
-0.111690,0.359329,0.171972
0.152412,-0.595529,-0.047731
-0.040434,-0.640135,-0.014267
-0.101473,-0.034279,0.020143
-0.247482,-0.466194,-0.257112
0.213835,-0.712005,-0.152588
-0.107768,-0.197945,0.047239
-0.051609,-0.500018,0.367654
0.027322,0.594133,-0.207012
-0.170248,0.338160,0.048080
-0.082187,-0.121506,-0.146243
-0.019398,0.685502,-0.039754
-0.061114,-0.496431,0.356903
0.011687,-0.673303,0.008448
-0.011970,0.533587,0.036592
-0.044519,0.576959,-0.233229
-0.096189,0.460876,-0.076666
-0.004966,0.407071,0.171847
-0.095002,0.111255,0.152086
-0.046439,-0.396226,-0.053269
0.032580,-0.439843,0.242640
0.074549,-0.438587,0.119678
0.032910,-0.317314,0.054187
0.059256,0.957143,-0.003615
-0.151614,0.000656,-0.160756
-0.170248,0.338160,0.048080
-0.084344,-0.563205,0.441081
-0.045937,-0.599538,-0.008075
0.201639,0.605632,0.083814
-0.047819,-0.181604,0.158722
0.181231,-0.646127,-0.113631
-0.011970,0.533587,0.036592
0.002162,-0.816414,-0.232704
0.071631,-0.430583,0.240943
0.092366,0.857316,-0.042001
-0.045655,-0.600515,-0.004688
0.041918,0.750009,-0.104601
-0.179220,0.575047,0.065516
-0.017883,0.175674,-0.146828
0.015386,-0.447145,0.254987
-0.277491,0.440152,-0.149629
0.017737,0.416566,0.005982
0.065886,0.975772,-0.030979
-0.010478,-0.734779,-0.058422
