-0.298708,-0.325490,-0.071582
0.008430,0.591298,-0.030322
-0.037078,-0.468302,-0.032849
-0.017651,-0.075598,-0.109170
-0.015254,0.431153,0.086095
-0.037288,0.262680,-0.018830
-0.032832,-0.459711,0.009497
-0.037629,-0.122996,-0.044692
0.179133,-0.209995,-0.017404
-0.061789,-0.491615,-0.018728
-0.002116,0.251857,-0.002246
0.036391,0.999279,-0.010814
0.093462,0.342689,-0.034789
0.246756,-0.231685,-0.026501
-0.046366,-0.557853,0.011756
-0.018596,-0.220897,-0.028397
-0.068723,0.306497,-0.062834
-0.112727,-0.336530,-0.034251
0.086902,0.174181,-0.083227
-0.081326,0.296787,-0.027450
0.013014,0.067196,-0.002759
0.143230,-0.217877,-0.014263
-0.111038,-0.340199,-0.000905
0.084654,0.688409,-0.071461
0.253679,-0.204667,-0.056589
0.005400,0.419651,0.060893
-0.004843,0.188671,-0.020998
0.027016,0.631507,-0.014809
0.003243,0.258065,-0.021637
-0.029861,-0.070404,-0.214400
-0.007594,0.398871,0.025298
0.060959,-0.255108,-0.006036
0.099656,0.179190,-0.075246
0.140831,0.352483,-0.099961
-0.172443,-0.312432,-0.021209
0.028752,0.104862,-0.030576
-0.047625,-0.114405,-0.046502
-0.006178,0.131596,0.000514
0.227307,-0.232156,-0.020407
-0.172318,-0.316909,-0.002615
0.038234,0.157574,0.000321
0.004996,0.179818,-0.024033
-0.059841,0.064783,-0.005495
-0.036787,-0.221593,-0.002255
-0.028602,-0.523548,0.004495
-0.031654,-0.483390,0.009578
-0.063405,-0.503536,-0.016564
-0.043693,-0.355385,-0.025891
0.168935,0.203984,-0.083084
0.125246,0.191389,-0.110072
0.105541,0.342602,-0.032640
-0.014622,0.381762,0.004634
-0.029861,-0.070404,-0.214400
-0.032334,-0.449540,0.009648
-0.037335,-0.208624,0.005659
-0.023657,-0.541187,-0.013548
0.100182,0.184301,-0.098595
0.013304,0.481130,-0.107687
0.120251,0.359937,-0.088429
-0.016334,0.474074,-0.069358
0.045954,0.551553,0.035976
-0.016627,0.230309,0.000822
-0.000077,-0.133047,-0.001102
0.019754,0.806556,-0.019966
0.145080,0.195715,-0.070269
-0.038606,0.037014,-0.008765
-0.017126,-0.475990,-0.145940
0.018528,0.353511,-0.002005
0.008430,0.591298,-0.030322
0.038559,-0.253099,-0.067749
-0.044505,-0.067053,-0.136310
-0.051157,-0.078322,-0.127198
0.006840,0.001211,-0.006540
-0.030696,0.253327,-0.015823
-0.306241,-0.326759,-0.078360
0.160290,-0.212279,-0.025812
-0.051157,-0.078322,-0.127198
-0.027744,-0.537823,0.002328
-0.003306,0.494187,-0.136851
-0.207641,-0.301014,-0.064222
0.030662,-0.037190,-0.015296
0.007358,-0.488592,-0.149345
-0.023166,-0.261892,0.009465
0.013014,0.067196,-0.002759
0.029395,0.670311,-0.012826
-0.029584,-0.405546,0.010087
-0.055628,0.290100,-0.043256
0.032658,-0.432317,0.046668
-0.001411,0.359845,-0.005773
-0.152065,-0.320508,-0.006913
-0.017816,-0.225088,0.007023
-0.017648,-0.242211,-0.029573
-0.120928,0.330505,-0.076969
-0.058289,0.283054,-0.016064
-0.026292,0.414978,0.033019
-0.000948,0.232394,-0.021460
-0.033398,-0.491239,-0.097497
0.006383,0.116931,0.000851
-0.098872,0.101028,-0.031062
0.008676,0.589565,-0.016913
0.230732,0.209501,-0.126872
-0.073674,-0.359757,0.017734
0.018863,0.495519,-0.001973
0.120799,-0.226305,-0.083180
0.023853,0.149547,0.003166
-0.197718,0.138568,-0.037170
-0.023529,-0.556948,-0.012087
-0.025944,-0.533700,-0.023090
0.007713,0.137147,0.000917
-0.002278,0.609731,-0.013641
-0.007260,-0.278238,-0.019814
-0.046663,0.653683,-0.040229
-0.199861,-0.310261,-0.016713
-0.028405,-0.342673,-0.030702
-0.059120,-0.451784,-0.014096
-0.144462,0.125096,-0.007291
0.273030,-0.235437,-0.033970
0.017861,0.289209,-0.017892
-0.045991,-0.301279,-0.006101
0.065421,0.162988,-0.083367
-0.031799,-0.486800,-0.031068
-0.013821,-0.409627,-0.004812
-0.017460,-0.232390,0.002467
-0.004296,-0.253440,-0.004317
-0.037695,-0.273528,0.004837
-0.221586,-0.313259,-0.082053
-0.036210,-0.436144,0.060244
0.172618,-0.207102,-0.046407
0.140831,0.352483,-0.099961
-0.028632,-0.459703,0.012351
0.025334,0.687302,-0.016050
-0.079064,-0.360164,-0.009371
0.004668,-0.431838,0.068196
0.031036,0.750891,-0.008367
0.030405,0.527400,0.015936
-0.002294,-0.297886,-0.010802
-0.020556,-0.301733,0.008450
0.023238,0.419480,-0.013644
-0.031746,-0.545213,-0.019228
-0.047434,0.424182,0.037541
-0.041055,-0.585406,-0.024507
0.018727,0.648053,-0.010136
-0.016873,-0.290742,-0.050932
0.051203,0.109074,-0.003392
-0.021617,0.387637,0.004880
-0.094965,0.326081,-0.071808
0.200008,0.205491,-0.099562
-0.045723,-0.070065,-0.158346
-0.000322,0.493276,-0.129871
-0.020650,-0.453528,0.002291
0.035665,0.802340,-0.025660
0.084747,0.162790,-0.057083
-0.031492,-0.358374,0.009463
-0.017433,0.482185,-0.127116
0.008398,0.477130,-0.008427
-0.067048,0.305341,-0.085550
-0.008108,0.409733,0.036496
0.005590,-0.051465,-0.007261
0.242670,0.203052,-0.131746
0.221302,-0.204159,-0.045090
-0.018116,-0.489620,-0.182798
0.092978,-0.231730,-0.080938
-0.073674,-0.359757,0.017734
0.222883,-0.215451,-0.075398
-0.010326,0.227296,-0.020460
-0.270174,-0.318980,-0.047884
0.028182,0.850991,-0.009753
0.027016,0.631507,-0.014809
0.063562,0.671366,-0.030221
-0.014708,0.427846,0.056769
0.007490,0.369549,-0.001511
-0.035743,-0.542124,-0.031031
-0.008740,-0.284977,0.002364
-0.054209,0.297997,-0.070935
0.174412,0.359226,-0.078942
0.018863,0.495519,-0.001973
0.004668,-0.431838,0.068196
-0.021365,-0.027980,-0.004693
0.269775,-0.240846,-0.032437
-0.020932,-0.444586,0.004540
0.111617,0.352845,-0.043986
0.104759,-0.235687,0.011784
-0.110359,-0.335825,-0.055803
0.064894,-0.254276,0.021660
-0.031897,-0.442668,-0.031528
0.201621,-0.204262,-0.042917
0.022511,0.346398,-0.014953
-0.159116,0.320896,-0.106691
-0.013740,-0.528484,-0.035045
0.155193,0.354606,-0.064879
-0.044505,-0.067053,-0.136310
-0.017375,-0.454119,-0.016059
-0.010144,-0.490703,-0.099230
-0.046625,-0.426139,-0.029062
0.222506,-0.232150,-0.084071
0.245109,-0.235697,-0.025489
0.056458,-0.258526,-0.001083
-0.002195,-0.497238,-0.088179
-0.046963,-0.351742,-0.022449
-0.005452,-0.181255,-0.001480
-0.034251,-0.199416,0.015825
0.029268,-0.273986,-0.014029
-0.026784,-0.476484,-0.027368
0.093462,0.342689,-0.034789
-0.095322,-0.349952,-0.002086
0.112777,0.179407,-0.059895
-0.073674,-0.359757,0.017734
-0.040172,0.656415,-0.025531
-0.061864,-0.611548,-0.011469
-0.083015,0.088267,-0.000717
0.028896,0.814339,-0.030277
-0.276911,-0.302586,-0.068537
0.048513,0.551787,0.044569
-0.234542,0.119570,-0.034596
0.007358,-0.488592,-0.149345
0.221141,0.206945,-0.115616
-0.034973,-0.518648,-0.031828
-0.056948,-0.602014,-0.000419
-0.251732,-0.309615,-0.040890
-0.045723,-0.070065,-0.158346
-0.121070,-0.335097,0.000674
-0.017882,-0.196062,-0.026867
0.100475,-0.230826,-0.084704
-0.053405,0.434509,0.052880
0.032332,0.910102,-0.013039
0.004771,-0.488942,-0.127679
-0.172318,-0.316909,-0.002615
-0.163020,-0.312273,-0.039159
0.242709,0.199425,-0.128410
0.065421,0.162988,-0.083367
-0.053834,0.665332,-0.027674
-0.016429,-0.336041,0.004889
0.039532,-0.431073,0.047428
0.004007,-0.078372,-0.124889
-0.046016,-0.316472,-0.004257
-0.063300,-0.530547,0.000751
-0.043732,-0.551880,0.010547
-0.009737,-0.122867,-0.053604
0.008036,0.051544,-0.020281
-0.017460,-0.232390,0.002467
0.204621,0.204212,-0.099510
-0.001812,0.123269,0.001858
-0.054761,-0.617475,-0.019416
-0.089991,0.310267,-0.096821
-0.035743,-0.542124,-0.031031
0.130527,0.361830,-0.092635
0.228601,-0.202079,-0.054220
-0.003324,-0.075828,-0.026310
0.148891,0.364222,-0.067016
-0.276911,-0.302586,-0.068537
-0.085669,0.307142,-0.095208
0.020941,-0.427722,0.076876
-0.053941,-0.394903,-0.019784
0.026737,0.591420,-0.013429
0.072148,0.340700,-0.081332
0.088164,-0.235291,-0.057900
0.016828,-0.056812,-0.021802
0.164807,0.361755,-0.098344
-0.033989,-0.248218,-0.026614
-0.174184,-0.310560,-0.027986
-0.114022,0.111064,-0.000796
-0.025422,-0.511041,-0.062140
-0.042848,-0.448881,0.009724
-0.153739,0.115104,-0.048995
0.246809,-0.220108,-0.027662
-0.093767,0.667443,-0.023888
0.016265,0.301656,-0.001467
-0.001347,0.310879,-0.015355
-0.053941,-0.394903,-0.019784
0.010673,0.389236,-0.001328
-0.028928,-0.083398,-0.013622
0.242076,-0.202954,-0.050104
0.045262,-0.424602,0.079682
0.021067,0.589092,-0.005188
0.020653,0.297219,-0.008212
-0.061026,-0.576471,-0.023789
0.022700,0.401643,-0.012478
0.051948,-0.247182,-0.069951
0.080161,0.336877,-0.039037
0.246756,-0.231685,-0.026501
-0.012912,-0.179152,-0.025426
0.024738,0.711047,-0.004412
-0.009237,-0.012521,-0.007439
-0.066159,0.302142,-0.050607
0.114493,0.163382,-0.025808
-0.033884,-0.529391,-0.037751
-0.113449,0.324931,-0.064270
-0.193110,-0.303288,-0.044361
-0.062032,-0.582503,-0.001958
-0.179674,-0.306263,-0.062754
-0.056196,-0.436212,-0.017921
-0.312229,-0.321174,-0.084968
0.191482,0.210415,-0.116229
0.002435,0.128923,0.001562
-0.031153,0.647717,-0.016166
-0.052934,-0.547363,-0.031701
0.089363,-0.241628,0.001922
0.007960,-0.487077,-0.157362
0.032332,0.910102,-0.013039
-0.110359,-0.335825,-0.055803
0.066163,0.676422,-0.033903
-0.190982,-0.307082,-0.026292
0.116191,0.358348,-0.058281
-0.046963,-0.351742,-0.022449
-0.197718,0.138568,-0.037170
0.221816,0.191188,-0.105408
-0.012875,-0.428495,0.079294
-0.157354,0.133666,-0.036916
0.008430,0.591298,-0.030322
0.023853,0.149547,0.003166
-0.019143,-0.379670,-0.027329
-0.014717,-0.002124,-0.022767
-0.093505,0.095167,-0.043167
0.022721,0.352998,-0.009841
0.190470,0.353492,-0.090361
0.027879,0.660828,-0.006680
0.197700,0.183123,-0.087202
-0.019201,-0.480550,-0.169019
0.108822,-0.234578,0.013194
0.018863,0.495519,-0.001973
0.141476,0.189147,-0.056533
-0.066876,-0.543751,-0.014215
-0.087843,0.321877,-0.074985
-0.083015,0.088267,-0.000717
-0.251732,-0.309615,-0.040890
0.241732,-0.202187,-0.055575
-0.026405,-0.083610,-0.001420
0.049732,-0.263792,0.016179
-0.011406,-0.302477,-0.021311
-0.196243,-0.317950,-0.008591
-0.173404,0.120725,-0.047826
0.006044,-0.490718,-0.134995
-0.054882,-0.457047,0.019315
0.028896,0.814339,-0.030277
0.029705,0.708773,-0.014161
-0.014708,0.427846,0.056769
-0.004718,0.492364,-0.147476
-0.081627,-0.351209,-0.053650
0.085614,0.560534,0.041411
0.014507,-0.267061,-0.062470
0.029078,0.758909,-0.006796
0.028025,0.843924,-0.009628
0.044682,0.648500,-0.013620
-0.023147,-0.507444,-0.066887
0.033013,0.538694,0.031095
-0.007904,-0.122568,-0.026650
0.172265,0.179165,-0.068412
0.015915,0.471790,-0.019614
-0.064572,-0.366244,-0.040215
-0.291482,-0.336469,-0.063662
-0.142004,0.317480,-0.083916
-0.016940,-0.060717,-0.025622
-0.063945,0.667457,-0.016011
-0.118052,0.107272,-0.048138
0.010993,0.128066,-0.071223
-0.035737,-0.295042,0.006723
0.025334,0.687302,-0.016050
-0.092185,0.323518,-0.093494
-0.009863,-0.240402,-0.025951
0.000772,0.203414,-0.012405
-0.028928,-0.083398,-0.013622
-0.029247,0.023473,-0.039456
-0.004124,-0.073814,-0.168191
-0.055628,0.290100,-0.043256
-0.085462,0.320011,-0.087567
0.023920,0.632722,-0.017106
-0.010011,0.043673,-0.023492
-0.037114,-0.378412,0.009772
-0.252307,-0.298343,-0.069734
-0.016236,-0.169103,-0.015320
-0.006136,-0.135945,-0.025692
-0.028405,-0.342673,-0.030702
0.022603,0.340897,-0.010593
-0.193110,-0.303288,-0.044361
0.245109,-0.235697,-0.025489
-0.013082,-0.036827,-0.025495
0.000778,0.354189,-0.014584
-0.021754,-0.344813,0.009396
0.191268,0.199952,-0.128091
0.048350,0.103902,0.001818
-0.006093,0.230658,-0.034510
-0.006353,-0.155905,-0.026415
0.010828,0.273791,-0.016320
0.278304,-0.243233,-0.034723
-0.230086,0.124420,-0.046107
0.061909,0.124536,-0.013303
0.013882,0.402004,0.036774
-0.177641,-0.307320,-0.059121
0.025782,0.474778,-0.010977
-0.010367,-0.362253,-0.008447
-0.011502,-0.445667,0.036765
-0.291482,-0.336469,-0.063662
-0.026509,-0.483312,-0.118017
-0.064138,-0.516317,-0.010398
0.010409,0.508864,-0.011143
-0.052934,-0.547363,-0.031701
0.019223,0.672185,-0.011046
-0.049329,-0.343149,-0.002838
0.001231,-0.130794,-0.005912
0.018727,0.648053,-0.010136
0.020280,0.293841,-0.031604
-0.058973,-0.190371,0.000332
0.236517,-0.203737,-0.045577
0.051764,0.147883,-0.070167
0.225342,-0.208231,-0.028319
-0.038396,-0.231942,-0.016164
-0.047948,-0.578855,-0.028838
0.234004,0.188724,-0.136594
-0.234542,0.119570,-0.034596
-0.014504,-0.299398,-0.032891
0.331104,-0.256734,-0.050993
0.139537,-0.220994,-0.007961
-0.014357,-0.156834,0.005209
0.143242,-0.215724,-0.035984
0.169637,0.198949,-0.123546
-0.022181,-0.308095,0.009122
0.266334,-0.221775,-0.067241
-0.054776,-0.534406,-0.030327
-0.021005,-0.370981,0.007680
0.066991,0.686450,-0.062660
-0.059923,-0.509911,-0.059439
-0.010667,0.238502,-0.036673
-0.016073,-0.476592,-0.164488
-0.006146,0.211234,-0.017379
-0.051437,-0.539448,0.011076
-0.031799,-0.486800,-0.031068
0.030220,0.717504,-0.008065
-0.039972,0.280704,-0.055554
-0.011136,-0.299075,-0.028977
0.134581,0.352339,-0.097552
0.018528,0.353511,-0.002005
0.125069,-0.221491,-0.030245
0.225342,-0.208231,-0.028319
-0.055279,-0.456127,0.020791
0.022511,0.346398,-0.014953
0.205392,0.349687,-0.106309
0.022287,-0.426232,0.082466
0.108920,-0.234848,0.006343
-0.016003,0.411509,0.034629
0.114596,0.176814,-0.051674
0.025380,0.770856,-0.013806
-0.042333,-0.489208,-0.135413
0.076413,0.566823,0.064741
0.026185,0.513777,0.006035
-0.016236,-0.169103,-0.015320
-0.086339,-0.349196,-0.050768
0.001609,0.298949,-0.002355
-0.184639,0.117991,-0.047862
-0.145977,0.111001,0.002481
0.054905,-0.253385,-0.043101
-0.067730,0.308860,-0.080711
0.010339,0.390743,0.025333
0.040538,0.543911,0.027259
-0.025884,-0.079459,-0.099722
0.117325,0.189335,-0.080656
0.013882,0.402004,0.036774
0.199662,0.204363,-0.125257
0.034523,0.651350,-0.022943
-0.318722,-0.337524,-0.086376
-0.038945,0.645031,-0.040451
0.010028,0.305858,-0.022149
-0.065422,-0.561967,-0.017290
-0.026292,0.414978,0.033019
-0.017446,-0.449759,-0.004086
-0.023529,-0.556948,-0.012087
-0.011430,-0.306360,-0.008772
0.108920,-0.234848,0.006343
0.095417,-0.233562,-0.087021
0.035205,-0.034154,-0.021920
0.034514,0.123666,-0.049901
-0.047625,-0.114405,-0.046502
0.015642,0.373456,0.011840
-0.001966,-0.112829,-0.064347
-0.022350,-0.250208,0.009452
-0.017596,0.485218,-0.121986
0.174412,0.359226,-0.078942
0.186157,0.356710,-0.088702
0.199783,-0.217975,-0.015467
0.156379,-0.216062,-0.009963
-0.037677,-0.392261,-0.020439
0.103786,-0.228563,-0.056623
0.173180,0.361411,-0.081139
-0.009632,-0.260077,-0.026150
-0.063114,-0.573455,-0.019587
-0.033205,-0.056663,-0.168543
-0.247557,-0.318734,-0.036374
0.060539,0.539694,0.000812
0.021207,0.399057,-0.016110
0.210522,0.182121,-0.096407
0.006558,-0.293946,0.005400
-0.067730,0.308860,-0.080711
0.026238,0.494935,-0.010194
-0.006788,0.463130,-0.053154
-0.121916,0.327701,-0.109228
-0.035737,-0.295042,0.006723
-0.001484,0.069786,-0.023891
0.222883,-0.215451,-0.075398
-0.006761,-0.313633,-0.011089
-0.004878,0.124185,-0.004912
-0.016073,-0.476592,-0.164488
-0.027744,-0.537823,0.002328
0.059890,0.327006,-0.042294
0.010794,0.495940,-0.015406
-0.002278,0.609731,-0.013641
-0.024303,-0.497970,-0.084806
-0.001812,0.123269,0.001858
-0.033539,-0.057482,-0.154306
-0.047948,-0.578855,-0.028838
-0.085611,0.295774,-0.026452
-0.017375,-0.454119,-0.016059
-0.060913,-0.525216,0.002380
0.025292,0.757296,-0.007371
-0.061789,-0.491615,-0.018728
0.042053,0.307316,-0.027277
-0.017596,0.485218,-0.121986
-0.049695,-0.422326,0.090133
0.154786,0.347082,-0.063800
-0.105767,0.104699,0.003078
-0.002995,-0.170076,-0.016769
0.023544,0.386376,0.022937
-0.038884,0.271833,-0.036389
0.010028,0.305858,-0.022149
0.010584,0.136080,-0.002618
-0.093620,-0.347145,-0.040686
-0.018596,-0.220897,-0.028397
-0.094965,0.326081,-0.071808
0.105541,0.342602,-0.032640
-0.065422,-0.561967,-0.017290
-0.006761,-0.313633,-0.011089
0.210522,0.182121,-0.096407
-0.093767,0.667443,-0.023888
0.002438,-0.074523,-0.129565
-0.053451,-0.437392,0.054456
-0.004878,0.124185,-0.004912
0.045262,-0.424602,0.079682
-0.062032,-0.582503,-0.001958
0.004104,0.193850,-0.024053
0.040770,-0.026850,-0.016928
0.242670,0.203052,-0.131746
-0.035969,-0.203648,-0.012836
0.014378,0.565647,-0.008860
-0.027798,-0.066363,-0.010191
0.130527,0.361830,-0.092635
0.023920,0.632722,-0.017106
0.003917,0.205811,-0.021384
-0.121876,0.102598,-0.050851
0.010584,0.136080,-0.002618
-0.017816,-0.225088,0.007023
0.156379,-0.216062,-0.009963
-0.113449,0.324931,-0.064270
0.021817,0.347864,-0.016401
-0.000728,0.176377,0.002624
0.021207,0.399057,-0.016110
-0.026368,-0.425492,-0.029701
-0.043623,-0.610202,-0.002107
0.274371,0.179130,-0.144691
-0.142964,0.314910,-0.084095
0.000453,-0.070103,-0.136318
0.037546,0.292318,-0.004213
-0.079015,0.677043,-0.028991
0.013134,0.456134,-0.002617
0.001629,-0.036670,-0.022461
0.123242,0.359703,-0.057657
-0.098872,0.101028,-0.031062
-0.045351,-0.554054,0.010666
-0.021273,-0.459587,0.002565
-0.043884,-0.067694,-0.149444
0.000510,0.134609,-0.023313
0.211953,-0.229866,-0.086756
-0.018415,-0.447006,-0.001458
-0.062523,0.669471,-0.020247
-0.057132,-0.473353,-0.022098
0.023544,0.386376,0.022937
-0.042109,0.040924,-0.027419
0.015915,0.471790,-0.019614
-0.007795,-0.171464,-0.023309
-0.018135,-0.055599,-0.196967
0.134532,0.360325,-0.056112
0.029015,0.297985,-0.028046
-0.014812,0.489167,-0.120484
0.212248,-0.203065,-0.055251
0.027880,0.381139,0.018795
0.027879,0.660828,-0.006680
-0.032832,-0.459711,0.009497
-0.004680,-0.290727,-0.038027
-0.211365,-0.306675,-0.024621
0.005094,-0.490110,-0.117458
0.273457,0.180641,-0.144025
0.207613,0.180783,-0.136232
0.255635,-0.232873,-0.029086
-0.002816,-0.225971,-0.010708
0.016558,0.271822,-0.018291
0.024201,-0.267739,-0.051973
-0.048737,-0.425263,0.082040
-0.001246,0.245103,-0.001412
-0.086339,-0.349196,-0.050768
-0.058601,-0.519194,-0.047384
0.139537,-0.220994,-0.007961
0.021791,0.718843,-0.012413
-0.025850,-0.104044,-0.022916
-0.081143,-0.357021,0.009755
-0.017375,-0.454119,-0.016059
-0.051142,-0.412955,-0.025191
0.031694,0.908131,-0.013011
-0.054195,-0.392982,-0.005168
-0.006761,-0.313633,-0.011089
-0.014812,0.489167,-0.120484
-0.037206,-0.453802,0.025290
-0.014325,-0.448735,0.031033
0.016401,0.441755,-0.019361
0.093143,0.147003,-0.011078
0.014366,0.109068,-0.049481
0.032044,0.903419,-0.008509
0.034594,0.524407,0.008227
-0.010011,0.043673,-0.023492
-0.014011,0.441287,-0.019969
0.005877,0.397784,0.030066
0.027049,0.821079,-0.042776
-0.130207,-0.325140,-0.068069
-0.042124,-0.286421,-0.022764
-0.226666,-0.299902,-0.068459
-0.001246,0.245103,-0.001412
-0.011974,0.491650,-0.137092
-0.061026,-0.576471,-0.023789
0.014075,0.255046,-0.020284
0.041380,0.137175,-0.062157
0.020714,-0.282968,0.010550
-0.004878,0.124185,-0.004912
0.012483,0.464569,-0.018344
0.004668,-0.431838,0.068196
-0.037677,-0.392261,-0.020439
-0.026490,-0.273155,-0.031583
-0.009165,-0.064977,-0.135699
-0.056948,-0.602014,-0.000419
0.140574,0.200378,-0.081366
0.016869,0.291617,-0.031737
0.271914,-0.243687,-0.032738
0.007358,-0.488592,-0.149345
0.027049,0.821079,-0.042776
0.001689,0.361662,-0.008083
0.139537,-0.220994,-0.007961
0.007255,0.431048,-0.015582
-0.081488,-0.167611,0.001967
0.174746,0.349785,-0.105418
0.007467,0.215815,0.001866
-0.071070,0.076029,-0.012806
-0.002575,-0.020876,-0.023854
-0.013635,0.099950,-0.005545
0.027685,0.148100,-0.001166
-0.001028,0.372580,0.004508
-0.211326,-0.300497,-0.063393
0.139537,-0.220994,-0.007961
-0.202641,0.126256,-0.046547
-0.006146,0.211234,-0.017379
-0.054140,0.276612,-0.006362
-0.017829,0.247549,-0.037427
-0.016627,0.230309,0.000822
-0.073770,0.078780,-0.010802
-0.047948,-0.578855,-0.028838
0.002901,0.125847,-0.005057
-0.017232,-0.056125,-0.196042
-0.012153,-0.238536,0.005746
0.018470,0.566232,-0.007880
-0.044415,-0.077897,-0.102361
-0.029259,-0.309361,-0.031634
0.086598,0.569783,0.053058
-0.120928,0.330505,-0.076969
0.131677,-0.221874,-0.080542
0.221141,0.206945,-0.115616
-0.058612,0.299788,-0.066011
-0.038334,-0.601977,-0.006682
-0.063300,-0.530547,0.000751
0.284371,-0.220332,-0.047737
-0.019727,-0.071110,-0.235325
0.022892,0.417964,-0.007631
0.140831,0.352483,-0.099961
0.007601,-0.488683,-0.153111
0.018429,0.589961,-0.005810
0.091635,0.152707,-0.025748
0.156611,-0.212896,-0.069335
-0.029334,-0.219153,-0.026351
0.023370,0.529278,-0.017071
-0.007215,-0.480977,-0.125314
0.241924,0.196604,-0.124991
-0.000019,0.494338,-0.115622
-0.052986,-0.435544,-0.024903
-0.172443,-0.312432,-0.021209
-0.131637,0.110428,-0.050181
0.149412,-0.231086,-0.088782
-0.008276,0.216705,0.002133
-0.043568,-0.489256,-0.031582
0.063430,0.682479,-0.039496
-0.044825,-0.430080,-0.029837
-0.012253,0.089632,-0.047091
-0.002423,-0.222635,-0.015125
0.193423,-0.229553,-0.082605
0.005269,-0.425812,0.084540
-0.043693,-0.355385,-0.025891
-0.036752,-0.322123,0.008056
0.048208,0.322250,-0.047304
-0.041981,-0.244037,-0.005836
0.025394,0.727580,0.005792
-0.213652,-0.301608,-0.079965
-0.019428,-0.490545,-0.007582
0.235252,-0.203546,-0.058333
-0.197395,-0.304931,-0.029774
-0.017497,-0.216558,0.013437
0.232394,-0.211991,-0.026640
-0.053491,-0.196670,-0.000559
-0.068184,0.443611,0.087398
-0.018826,-0.159920,-0.020571
0.240996,0.186242,-0.137907
0.040538,0.543911,0.027259
-0.027744,-0.537823,0.002328
0.115895,-0.225109,-0.078952
-0.063945,0.667457,-0.016011
0.306212,-0.228859,-0.054687
0.003641,-0.070927,-0.013950
-0.081760,-0.165308,0.005206
-0.010367,-0.362253,-0.008447
-0.033049,-0.545211,0.007784
-0.097647,0.315473,-0.099707
0.009953,-0.439102,0.047435
-0.040726,-0.520523,-0.049015
-0.012925,-0.060085,-0.148888
0.021318,0.417229,-0.004905
-0.044142,-0.070678,-0.119026
0.274371,0.179130,-0.144691
-0.001628,0.611167,0.000922
-0.080721,0.307171,-0.093019
-0.010428,0.223390,-0.011795
0.093517,0.172880,-0.066075
-0.043273,-0.286903,-0.018618
0.104937,0.174081,-0.054864
-0.014357,-0.156834,0.005209
0.031716,0.803661,-0.008453
0.234004,0.188724,-0.136594
-0.004114,0.256372,-0.007886
0.172265,0.179165,-0.068412
-0.098498,0.327701,-0.073899
-0.038945,0.645031,-0.040451
0.038353,0.138424,-0.066998
-0.159598,-0.317617,-0.072722
-0.042124,-0.286421,-0.022764
0.188073,0.192670,-0.131382
-0.011018,0.118102,-0.003970
-0.038304,-0.502641,-0.075693
-0.010323,0.161288,-0.008651
-0.126111,0.113391,-0.047906
0.029015,0.297985,-0.028046
0.026185,0.513777,0.006035
-0.150051,-0.317711,-0.043011
0.001602,-0.135983,-0.043851
-0.039673,-0.402972,0.009683
-0.102756,-0.341681,-0.039472
0.207613,0.180783,-0.136232
-0.081326,0.296787,-0.027450
-0.048951,0.273590,-0.014074
-0.320857,-0.342726,-0.096667
0.026375,0.535109,-0.012852
0.024457,0.595333,-0.015995
-0.047625,-0.114405,-0.046502
-0.019646,-0.404584,-0.027452
-0.010643,-0.095437,-0.083239
-0.080243,-0.167401,0.004001
0.184774,0.362903,-0.095261
0.074069,-0.245611,-0.022449
0.160290,-0.212279,-0.025812
0.019977,0.473926,-0.002436
-0.007959,0.077424,-0.023923
0.197700,0.183123,-0.087202
-0.087428,-0.354926,-0.001018
-0.085611,0.295774,-0.026452
0.018966,0.230406,-0.009223
-0.037272,-0.062515,-0.185547
-0.308233,-0.331892,-0.078937
-0.105767,0.104699,0.003078
0.206881,-0.221358,-0.016322
-0.026509,-0.483312,-0.118017
-0.183561,-0.317200,-0.078616
-0.022396,-0.030227,-0.014552
-0.019824,0.013407,-0.008990
-0.047441,0.423225,0.037762
-0.074998,0.308306,-0.090412
0.003112,0.061190,-0.024134
0.002438,-0.074523,-0.129565
0.201621,-0.204262,-0.042917
-0.017829,0.247549,-0.037427
0.094332,0.155739,-0.028455
0.110542,0.350690,-0.092087
0.024944,0.778069,-0.012930
-0.002094,0.023785,-0.024730
0.005094,-0.490110,-0.117458
-0.011974,0.491650,-0.137092
-0.066401,0.660859,-0.011879
0.072148,0.340700,-0.081332
-0.023883,-0.248345,-0.031354
0.007467,0.215815,0.001866
-0.152065,-0.320508,-0.006913
0.003556,0.302405,-0.021293
-0.218820,-0.318601,-0.082911
0.004105,-0.077928,-0.001985
0.221347,0.338236,-0.109790
-0.000543,0.053187,-0.024944
-0.023147,-0.507444,-0.066887
0.003723,-0.283103,-0.043230
-0.042728,-0.591989,-0.023559
-0.067492,-0.176055,0.006637
0.188073,0.192670,-0.131382
0.015945,0.261256,-0.002275
0.141625,0.199270,-0.108558
0.011012,0.193959,0.001635
-0.004561,0.614206,-0.010632
0.024429,0.774388,-0.011696
-0.000638,0.002021,-0.023316
-0.059153,-0.623158,-0.006833
-0.025336,-0.052952,-0.162531
-0.012248,0.488961,-0.142436
0.126738,0.172560,-0.035066
0.142500,0.177385,-0.046681
-0.032551,-0.505232,-0.030570
0.107357,0.187221,-0.094844
-0.004655,-0.286552,-0.014291
0.051933,0.132964,-0.043942
0.019541,0.639726,-0.007165
0.153002,0.185746,-0.055158
0.116191,0.358348,-0.058281
-0.034973,-0.518648,-0.031828
-0.164426,-0.312247,-0.069424
0.182401,0.352590,-0.083871
0.308235,-0.236651,-0.057841
-0.034451,-0.268341,-0.027171
0.139666,0.177468,-0.044627
0.008676,0.589565,-0.016913
0.092243,0.689195,-0.075208
0.044277,0.105481,-0.009816
0.274375,-0.237681,-0.070644
0.160478,0.192462,-0.064217
-0.161205,-0.316014,-0.074557
-0.055279,-0.456127,0.020791
-0.027006,-0.275968,0.008706
-0.011837,-0.169171,-0.025056
0.056941,0.181013,0.011319
-0.134691,0.119318,-0.046095
-0.034973,-0.518648,-0.031828
0.027880,0.381139,0.018795
0.104759,-0.235687,0.011784
-0.005076,-0.500110,-0.081865
-0.018783,0.042083,-0.012547
0.002234,0.225568,-0.042184
-0.093620,-0.347145,-0.040686
-0.023279,-0.159203,-0.024692
-0.009632,-0.260077,-0.026150
-0.113449,0.324931,-0.064270
0.019567,0.704549,-0.007556
-0.048951,0.273590,-0.014074
0.132431,0.364735,-0.071297
0.141940,0.202988,-0.090493
-0.084036,0.085497,-0.046751
0.009208,-0.451960,0.004130
0.005400,0.419651,0.060893
-0.062002,0.066507,-0.013269
-0.003036,-0.503772,-0.206778
-0.062032,-0.582503,-0.001958
-0.041873,0.438518,0.059298
-0.167387,-0.311633,-0.030379
-0.000322,0.493276,-0.129871
0.006558,-0.293946,0.005400
0.009783,0.047584,-0.006571
0.110542,0.350690,-0.092087
-0.023279,-0.159203,-0.024692
0.188073,0.192670,-0.131382
-0.022183,-0.329246,-0.030276
0.190470,0.353492,-0.090361
-0.017829,0.247549,-0.037427
0.182491,0.204212,-0.085719
0.008430,0.591298,-0.030322
-0.056592,-0.525366,-0.040115
-0.036981,-0.333639,-0.030048
0.007825,-0.083881,-0.113070
0.012022,0.440014,-0.036198
-0.064851,-0.524633,-0.009887
0.004135,-0.115721,-0.013686
-0.009165,-0.064977,-0.135699
0.003257,0.054372,-0.023875
-0.089787,-0.349373,-0.042197
0.026143,0.476239,-0.012773
-0.051163,0.053122,-0.040899
0.135372,-0.218288,-0.031519
-0.035356,-0.557850,-0.028996
0.002234,0.225568,-0.042184
0.145261,0.187642,-0.119963
0.053308,0.306098,-0.004309
0.307038,-0.248577,-0.042833
-0.047329,-0.587374,0.004948
0.060303,0.311770,-0.002245
-0.002667,-0.214906,-0.016874
0.148389,0.192188,-0.060644
-0.134691,0.119318,-0.046095
-0.014136,-0.119129,-0.027895
-0.016429,-0.336041,0.004889
-0.009455,-0.137496,0.005049
0.212399,-0.219443,-0.078696
-0.006093,0.230658,-0.034510
-0.018135,-0.055599,-0.196967
0.020277,0.564696,-0.003677
-0.173966,0.114820,-0.004054
-0.032611,-0.165145,-0.007947
-0.016236,-0.169103,-0.015320
0.035665,0.802340,-0.025660
-0.007632,-0.283283,-0.019836
-0.010474,-0.365601,-0.011113
0.008074,0.166681,0.001695
-0.043273,-0.286903,-0.018618
-0.037629,-0.122996,-0.044692
0.024631,0.688320,-0.010521
-0.052114,-0.567899,-0.029106
0.007578,0.115899,-0.000894
-0.010323,0.161288,-0.008651
-0.054370,-0.122717,-0.031739
-0.019718,-0.110135,-0.027224
-0.001083,0.148995,0.002215
0.002447,0.115579,-0.062545
0.017960,0.078732,-0.010783
-0.026638,-0.063457,-0.013370
0.002514,0.222843,-0.022997
0.223558,-0.226408,-0.019894
-0.024963,-0.091984,-0.023547
0.051933,0.132964,-0.043942
0.012532,0.098408,-0.039916
-0.196243,-0.317950,-0.008591
-0.083018,0.297647,-0.028690
-0.077284,0.665366,-0.015655
-0.036210,-0.436144,0.060244
0.201497,0.190346,-0.133505
-0.032256,-0.540593,0.007260
0.007175,0.391741,-0.017559
-0.011430,-0.306360,-0.008772
-0.169670,0.317305,-0.118302
-0.066159,0.302142,-0.050607
-0.049732,-0.348904,-0.015319
-0.009863,-0.240402,-0.025951
-0.065755,0.443395,0.082209
-0.013182,0.461941,-0.047943
-0.051157,-0.078322,-0.127198
0.220878,0.183316,-0.104034
0.006597,0.481046,-0.127555
0.016265,0.301656,-0.001467
0.029893,0.711930,-0.003523
-0.038981,-0.529031,-0.038592
0.029705,0.708773,-0.014161
0.021207,0.399057,-0.016110
0.006214,0.419332,-0.012564
0.065205,0.685289,-0.062723
-0.190982,-0.307082,-0.026292
0.006378,0.312442,-0.021923
0.012271,0.319114,0.000443
-0.038396,-0.231942,-0.016164
-0.070579,0.305251,-0.052063
-0.009188,-0.345652,-0.017532
-0.022523,-0.529229,-0.010309
-0.016692,0.484952,-0.106420
-0.032256,-0.540593,0.007260
0.145261,0.187642,-0.119963
-0.290733,-0.323718,-0.064514
-0.017497,-0.216558,0.013437
-0.190982,-0.307082,-0.026292
-0.172175,0.319374,-0.132036
0.049732,-0.263792,0.016179
-0.022862,-0.055878,-0.215813
-0.049875,-0.543074,-0.021883
-0.025422,-0.511041,-0.062140
0.026837,0.139683,-0.076688
-0.003925,0.005342,-0.025014
-0.013635,0.099950,-0.005545
0.178489,0.207777,-0.115822
-0.205409,0.134771,-0.042026
0.166982,0.357334,-0.103089
-0.023661,0.241233,0.005009
0.010580,0.053437,-0.014210
-0.022192,-0.319402,0.008666
-0.003659,-0.477506,-0.154039
0.065421,0.162988,-0.083367
-0.014357,-0.156834,0.005209
-0.037143,0.436480,0.058958
0.103933,0.173784,-0.055088
0.024336,0.492587,-0.013637
-0.183117,-0.311887,-0.012145
-0.018079,0.437737,0.074590
0.064894,-0.254276,0.021660
-0.017276,-0.464591,-0.003168
-0.021065,-0.191214,0.004881
-0.012616,-0.117769,-0.057881
-0.120732,0.104436,-0.051101
0.225153,-0.211404,-0.024804
-0.033539,-0.057482,-0.154306
0.000778,0.354189,-0.014584
-0.026867,-0.529183,-0.037246
-0.050858,-0.510370,-0.031351
0.044277,0.105481,-0.009816
-0.022489,0.638436,-0.009203
-0.074996,-0.358698,0.018429
0.081934,0.169182,-0.073729
0.154786,0.347082,-0.063800
-0.004636,-0.279995,-0.010082
-0.218876,-0.302859,-0.078052
-0.093505,0.095167,-0.043167
0.036774,0.105284,-0.019724
0.023370,0.529278,-0.017071
-0.308233,-0.331892,-0.078937
-0.098299,0.305960,-0.040764
0.002114,0.213532,-0.027854
0.164807,0.361755,-0.098344
-0.207641,-0.301014,-0.064222
0.044277,0.105481,-0.009816
0.028896,0.814339,-0.030277
0.014397,0.207620,-0.001186
0.012271,0.319114,0.000443
-0.081488,-0.167611,0.001967
-0.036876,-0.589928,-0.020008
-0.030663,-0.120712,-0.012427
0.001969,0.287126,-0.035851
0.004771,-0.488942,-0.127679
-0.038198,-0.272391,-0.025189
-0.008758,-0.192500,-0.023657
0.196462,-0.208458,-0.021885
0.239512,-0.202910,-0.057145
0.007617,0.148773,-0.022375
-0.044638,0.659607,-0.027693
-0.062339,-0.601787,-0.008380
0.016282,0.475031,-0.078053
-0.012317,0.073071,-0.001634
0.051933,0.132964,-0.043942
0.016558,0.271822,-0.018291
-0.021005,-0.370981,0.007680
0.046089,0.105482,-0.007362
-0.017504,-0.322778,-0.028455
-0.071203,-0.359081,-0.050768
-0.004508,-0.481108,-0.188947
0.208821,0.199444,-0.096730
-0.168622,-0.310420,-0.048926
0.081902,0.142090,-0.017791
0.010170,-0.494196,-0.203596
0.135283,-0.218342,-0.064024
0.017889,0.375947,-0.019555
0.108822,-0.234578,0.013194
-0.044638,0.659607,-0.027693
0.135372,-0.218288,-0.031519
-0.004718,0.492364,-0.147476
-0.018116,-0.489620,-0.182798
-0.019646,-0.404584,-0.027452
0.022700,0.401643,-0.012478
-0.128884,0.322174,-0.074139
-0.009737,-0.122867,-0.053604
-0.085462,0.320011,-0.087567
0.110542,0.350690,-0.092087
-0.036981,-0.333639,-0.030048
0.016401,0.441755,-0.019361
-0.063264,-0.199603,-0.016540
-0.042976,-0.469830,-0.002387
0.035665,0.802340,-0.025660
-0.000743,-0.118014,0.000723
-0.069896,0.306019,-0.054988
-0.023249,0.240743,-0.005156
0.201621,-0.204262,-0.042917
-0.027827,-0.471652,-0.010891
-0.202417,-0.313960,-0.080581
-0.054713,-0.378498,0.001257
-0.006108,-0.074461,-0.177810
0.166982,0.357334,-0.103089
-0.137105,0.106053,0.008800
-0.188921,-0.310469,-0.076906
0.300220,-0.249957,-0.040666
-0.017276,-0.464591,-0.003168
-0.025238,-0.096922,-0.023351
-0.050816,0.294743,-0.074017
-0.039972,0.280704,-0.055554
-0.015394,-0.072064,-0.221485
-0.037272,-0.062515,-0.185547
0.114596,0.176814,-0.051674
-0.085611,0.295774,-0.026452
0.012033,0.105820,-0.013566
-0.006702,0.477259,-0.073679
0.118780,0.191917,-0.101639
0.253679,-0.204667,-0.056589
0.025394,0.727580,0.005792
0.153002,0.185746,-0.055158
-0.015716,-0.380274,-0.023675
0.013905,0.115949,-0.056673
-0.168622,-0.310420,-0.048926
-0.019718,-0.110135,-0.027224
0.184774,0.362903,-0.095261
0.112777,0.179407,-0.059895
-0.023883,-0.248345,-0.031354
-0.008540,-0.305606,0.004511
-0.007215,-0.480977,-0.125314
-0.137041,0.120846,-0.002995
-0.231083,0.127811,-0.036511
-0.041628,-0.394063,0.010010
0.014263,0.154306,-0.016909
0.032341,0.693385,-0.010347
0.011114,0.146352,0.006079
0.015309,0.219886,-0.019848
0.067773,0.318258,-0.007943
-0.223331,0.132380,-0.041412
-0.030525,-0.507151,-0.028701
0.003556,0.302405,-0.021293
0.220878,0.183316,-0.104034
-0.041232,-0.253639,-0.017397
0.055329,0.667819,-0.025084
0.227307,-0.232156,-0.020407
-0.053793,-0.398589,-0.016915
0.122456,0.349199,-0.041307
-0.059153,-0.623158,-0.006833
0.039532,-0.431073,0.047428
-0.003557,0.613507,-0.000450
-0.048265,-0.333470,-0.002759
-0.020998,-0.164410,-0.016829
0.035205,-0.034154,-0.021920
0.046089,0.105482,-0.007362
-0.179439,0.132508,-0.044449
-0.025422,-0.511041,-0.062140
-0.002116,0.251857,-0.002246
-0.004795,-0.238278,-0.000494
-0.117752,0.336036,-0.090533
0.125246,0.191389,-0.110072
0.014727,0.497396,-0.018256
-0.036981,-0.333639,-0.030048
0.027245,0.628242,-0.007818
-0.069642,-0.364340,-0.033968
-0.036787,-0.221593,-0.002255
-0.044142,-0.070678,-0.119026
-0.006864,0.212492,-0.005702
-0.064851,-0.524633,-0.009887
-0.020618,-0.146071,-0.030480
0.098061,0.163577,-0.037799
0.265830,-0.228729,-0.032511
-0.047309,-0.095624,-0.071287
-0.009363,0.448771,-0.033110
-0.071976,-0.364642,-0.022768
-0.000948,0.232394,-0.021460
-0.038493,-0.484072,-0.134015
0.221141,0.206945,-0.115616
-0.033539,-0.057482,-0.154306
-0.233041,-0.297770,-0.051211
-0.023890,0.441011,0.089757
-0.026517,-0.186019,-0.024035
-0.008652,-0.281148,-0.021865
0.067773,0.318258,-0.007943
0.005590,-0.051465,-0.007261
0.026238,0.494935,-0.010194
0.024521,0.571617,-0.005877
-0.001235,-0.287658,-0.040056
-0.010909,-0.462604,-0.004192
-0.053968,-0.435300,0.001979
0.019882,0.681594,-0.011803
0.218853,-0.233868,-0.085103
-0.007959,0.077424,-0.023923
-0.003000,-0.194869,-0.007451
0.026444,0.778179,-0.007103
0.205957,0.183735,-0.135418
0.008838,0.429385,-0.016920
-0.153942,0.134362,-0.026465
-0.031877,-0.567442,0.002677
-0.056948,-0.602014,-0.000419
0.033098,0.975668,-0.010565
0.001563,-0.073412,-0.141053
0.227307,-0.232156,-0.020407
0.023238,0.419480,-0.013644
-0.061173,0.302345,-0.084936
-0.013740,-0.528484,-0.035045
-0.030696,0.253327,-0.015823
0.060539,0.539694,0.000812
-0.167387,-0.311633,-0.030379
-0.003391,-0.065397,-0.139233
-0.029591,-0.114779,-0.017788
0.269775,-0.240846,-0.032437
-0.092875,0.319280,-0.057989
0.168330,0.183014,-0.130967
-0.046963,-0.351742,-0.022449
0.168330,0.183014,-0.130967
-0.043568,-0.489256,-0.031582
-0.028928,-0.083398,-0.013622
-0.033305,-0.061066,-0.194719
-0.073817,0.309791,-0.060450
-0.080361,0.082428,-0.045673
0.065421,0.162988,-0.083367
-0.049188,-0.475804,0.008497
0.013952,0.136231,-0.007789
0.197610,-0.219077,-0.012807
-0.051936,-0.472599,-0.028284
0.178489,0.207777,-0.115822
0.036774,0.105284,-0.019724
-0.054209,0.297997,-0.070935
0.224750,0.180063,-0.138476
-0.043143,0.043591,-0.003481
0.210290,0.207676,-0.110148
-0.006108,-0.074461,-0.177810
-0.028405,-0.342673,-0.030702
-0.022192,-0.319402,0.008666
-0.032145,-0.224584,0.003758
0.002114,0.213532,-0.027854
0.031641,0.749139,-0.011664
-0.023147,-0.507444,-0.066887
0.016265,0.301656,-0.001467
-0.105672,0.106195,-0.033532
0.022513,0.617728,-0.015948
0.029268,-0.273986,-0.014029
0.027044,0.565853,-0.011115
0.239512,-0.202910,-0.057145
-0.047474,0.435158,0.052857
-0.016003,0.411509,0.034629
-0.029864,-0.105761,-0.014769
0.015691,0.350020,0.000121
-0.188921,-0.310469,-0.076906
0.241924,0.196604,-0.124991
-0.010517,-0.057230,-0.162767
-0.042523,-0.612761,-0.017054
0.037344,-0.424259,0.084396
0.041380,0.137175,-0.062157
-0.011549,-0.002479,-0.023695
0.042053,0.307316,-0.027277
-0.028857,-0.383412,0.010078
-0.019988,0.633888,-0.035095
-0.010408,-0.361563,-0.005572
0.209957,-0.218890,-0.016779
-0.062002,0.066507,-0.013269
-0.039972,0.280704,-0.055554
-0.015411,-0.335503,0.003955
-0.084036,0.085497,-0.046751
-0.113449,0.324931,-0.064270
-0.093620,-0.347145,-0.040686
-0.032493,-0.120092,-0.049494
-0.010824,-0.371579,-0.010415
-0.022181,-0.308095,0.009122
0.032044,0.903419,-0.008509
-0.130207,-0.325140,-0.068069
0.018935,0.259632,-0.012386
0.066521,0.329913,-0.040352
-0.207625,-0.312131,-0.080941
0.081934,0.169182,-0.073729
0.096859,0.150047,-0.013760
-0.016784,0.240259,-0.025940
0.037939,0.139897,-0.069245
-0.168622,-0.310420,-0.048926
-0.088261,0.675273,-0.027411
-0.026690,-0.123136,-0.022317
0.092231,0.162200,-0.044687
-0.092185,0.323518,-0.093494
-0.028515,-0.082141,-0.005305
-0.199416,-0.300884,-0.060573
0.022287,-0.426232,0.082466
0.259800,0.185494,-0.140508
-0.017683,-0.419402,-0.024379
-0.029591,-0.114779,-0.017788
0.063562,0.671366,-0.030221
0.010402,-0.425831,0.083307
0.016282,0.475031,-0.078053
-0.172318,-0.316909,-0.002615
-0.003153,0.130695,-0.022937
-0.238962,-0.315177,-0.032044
0.052061,0.537418,0.004382
-0.014220,0.092865,-0.005736
-0.036054,-0.496337,0.009912
0.063413,0.672955,-0.030685
0.031716,0.803661,-0.008453
-0.213270,0.139720,-0.033149
-0.019824,0.013407,-0.008990
-0.054440,-0.545660,0.009610
0.033013,0.538694,0.031095
0.059130,0.671705,-0.028026
-0.043003,0.269128,-0.019719
-0.029259,-0.309361,-0.031634
0.016243,-0.050795,-0.007248
0.009783,0.047584,-0.006571
0.032658,-0.432317,0.046668
0.034100,0.323115,-0.060821
-0.051172,-0.078909,-0.122235
-0.203807,0.137918,-0.028743
0.019345,0.415043,-0.003602
-0.262607,-0.305708,-0.078762
-0.205965,0.131007,-0.024958
-0.002116,0.251857,-0.002246
-0.052525,-0.452221,0.005461
0.024701,-0.430745,0.062807
0.010339,0.390743,0.025333
-0.290140,-0.333265,-0.062740
0.115895,-0.225109,-0.078952
-0.018023,-0.485085,-0.177687
-0.031010,-0.109150,-0.060827
0.024176,0.539253,-0.005344
-0.011191,0.624970,0.007041
0.024201,-0.267739,-0.051973
-0.224182,0.116976,-0.028494
-0.012243,-0.396748,-0.009177
0.079902,0.339415,-0.046535
-0.043693,-0.355385,-0.025891
0.016265,0.301656,-0.001467
-0.052986,-0.435544,-0.024903
0.147692,0.353028,-0.059519
-0.093620,-0.347145,-0.040686
-0.003530,0.092029,-0.044195
-0.115844,-0.333816,-0.041802
0.037344,-0.424259,0.084396
0.154291,-0.218967,0.000382
-0.040197,-0.609604,-0.007723
-0.052402,-0.374187,-0.005639
-0.161205,-0.316014,-0.074557
-0.046663,0.653683,-0.040229
-0.024162,0.271325,-0.067453
-0.023022,-0.070206,-0.234637
-0.029247,0.023473,-0.039456
-0.021365,-0.027980,-0.004693
-0.230336,-0.321334,-0.020394
-0.035169,-0.266061,-0.026667
0.116307,0.345615,-0.037547
-0.056311,-0.440979,0.047134
0.154107,0.206022,-0.097629
-0.002381,-0.232527,-0.015935
-0.037290,-0.490951,-0.153234
0.016282,0.475031,-0.078053
-0.028629,-0.063282,-0.128756
-0.039590,-0.264656,0.000451
0.000147,-0.494444,-0.097757
-0.047604,-0.444973,0.040602
-0.042333,-0.489208,-0.135413
-0.009272,-0.476015,-0.152664
-0.054370,-0.122717,-0.031739
-0.043143,0.043591,-0.003481
0.004902,0.389603,-0.005892
-0.006146,0.211234,-0.017379
-0.033262,-0.583644,-0.015984
-0.056744,-0.372481,-0.039328
0.017889,0.375947,-0.019555
0.013646,0.554283,-0.009367
-0.044557,-0.586326,0.004106
-0.037707,-0.512872,-0.060212
0.038845,0.512143,-0.019497
0.268930,-0.232963,-0.071757
-0.011916,0.434186,0.073024
-0.016784,0.240259,-0.025940
0.112777,0.179407,-0.059895
0.004996,0.179818,-0.024033
0.221816,0.191188,-0.105408
0.025257,0.816181,-0.029351
0.029592,0.704501,-0.006475
0.272186,-0.242793,-0.071428
0.030662,-0.037190,-0.015296
0.037659,0.292233,-0.003809
-0.046519,0.422931,0.039286
0.074786,0.332317,-0.035316
0.131677,-0.221874,-0.080542
-0.059828,-0.495660,-0.021414
0.037726,-0.265026,-0.034554
0.255635,-0.232873,-0.029086
-0.174184,-0.310560,-0.027986
-0.002938,-0.230617,-0.017507
-0.029861,-0.070404,-0.214400
-0.023022,-0.070206,-0.234637
-0.051698,0.054740,-0.002434
-0.052305,0.285541,-0.039441
-0.002575,-0.020876,-0.023854
-0.069845,0.448063,0.093154
-0.048486,-0.073865,-0.123066
-0.007404,0.429162,-0.013562
-0.006136,-0.135945,-0.025692
-0.013395,-0.105233,-0.070424
-0.038493,-0.484072,-0.134015
-0.003623,-0.126733,-0.050988
-0.156706,-0.320807,0.000664
0.148891,0.364222,-0.067016
0.008074,0.166681,0.001695
-0.116454,0.113898,-0.008575
-0.056541,-0.455252,-0.000845
0.018391,0.462940,-0.061603
-0.012747,-0.230437,0.006031
0.141476,0.189147,-0.056533
0.006044,-0.490718,-0.134995
-0.021065,-0.191214,0.004881
-0.063945,0.667457,-0.016011
-0.107308,-0.337001,-0.058212
0.029667,0.122835,-0.054106
-0.032611,-0.165145,-0.007947
-0.014249,0.055134,-0.019704
0.025605,0.281585,-0.006181
0.120839,0.192344,-0.086497
-0.248671,-0.301221,-0.047614
-0.263897,-0.317634,-0.045838
0.010657,0.054508,-0.006743
0.031427,0.145287,-0.084466
0.043998,-0.247072,-0.080356
-0.191863,-0.303777,-0.049313
-0.032637,0.027499,-0.016574
0.008036,0.051544,-0.020281
-0.030663,-0.120712,-0.012427
-0.209485,0.138488,-0.038756
0.005983,0.490592,-0.120598
-0.026690,-0.123136,-0.022317
0.064784,0.689968,-0.055188
-0.015176,-0.135470,-0.040398
0.010170,-0.507967,-0.225138
-0.033262,-0.583644,-0.015984
-0.053793,-0.398589,-0.016915
0.060004,0.541067,0.002742
0.014366,0.109068,-0.049481
-0.014504,-0.299398,-0.032891
-0.108277,-0.341060,-0.023011
-0.046486,-0.427242,0.080093
0.244079,-0.225725,-0.026427
0.010794,0.495940,-0.015406
0.137576,0.178196,-0.047845
-0.012614,0.625888,-0.041182
0.106033,0.168479,-0.040252
-0.036396,-0.231376,-0.022176
-0.002381,-0.232527,-0.015935
0.050712,0.539670,0.009315
-0.010716,0.161957,-0.013131
0.018299,0.475514,-0.082050
0.086135,0.141087,-0.010183
0.008883,0.596103,0.005559
-0.003561,-0.237396,-0.002464
-0.020618,-0.146071,-0.030480
0.025624,0.488194,-0.008340
-0.065422,-0.561967,-0.017290
-0.126653,-0.332628,-0.001486
0.026481,0.651280,-0.027323
-0.044689,-0.387740,-0.014192
-0.016923,-0.281110,0.007210
-0.081488,-0.167611,0.001967
-0.125320,-0.329867,-0.036749
0.010290,0.211733,-0.022499
-0.230336,-0.321334,-0.020394
-0.277615,-0.312645,-0.058844
0.025334,0.687302,-0.016050
0.027880,0.381139,0.018795
0.024521,0.571617,-0.005877
-0.193110,-0.303288,-0.044361
-0.068184,0.443611,0.087398
-0.005452,-0.181255,-0.001480
0.007255,0.431048,-0.015582
0.258337,-0.206151,-0.054794
-0.045070,-0.416464,-0.029393
0.046089,0.105482,-0.007362
-0.049695,-0.422326,0.090133
0.221347,0.338236,-0.109790
-0.043568,-0.489256,-0.031582
0.016828,-0.056812,-0.021802
-0.087843,0.321877,-0.074985
-0.218876,-0.302859,-0.078052
-0.069845,0.448063,0.093154
0.031957,0.537983,0.029670
0.010170,-0.494196,-0.203596
0.164232,0.201492,-0.078258
0.116307,0.345615,-0.037547
-0.017312,-0.062148,-0.213336
-0.019569,-0.370899,-0.028220
-0.015176,-0.135470,-0.040398
0.017105,-0.447610,0.007907
0.015105,0.368910,0.008323
0.204621,0.204212,-0.099510
-0.003306,0.494187,-0.136851
-0.024942,-0.169198,0.002994
0.118695,0.172556,-0.039449
-0.152309,-0.319192,-0.073630
0.032341,0.693385,-0.010347
0.123242,0.359703,-0.057657
-0.011837,-0.169171,-0.025056
0.002556,0.098410,-0.023609
0.017159,0.365454,-0.000719
0.196550,0.198022,-0.131127
-0.117722,0.326063,-0.107311
-0.159217,0.334521,-0.116846
-0.009221,0.485591,-0.164633
-0.012616,-0.117769,-0.057881
0.189367,-0.220057,-0.010268
-0.159598,-0.317617,-0.072722
-0.027509,-0.483551,-0.160753
-0.022192,-0.319402,0.008666
-0.054195,-0.446522,0.003619
0.032044,0.903419,-0.008509
-0.120732,0.104436,-0.051101
0.147808,0.201686,-0.108057
0.025394,0.727580,0.005792
0.019345,0.415043,-0.003602
-0.063296,0.067761,-0.021551
0.008760,0.483881,-0.008888
-0.001636,-0.069002,-0.003168
-0.007781,0.174183,-0.002887
-0.071070,0.076029,-0.012806
-0.172175,0.319374,-0.132036
0.212399,-0.219443,-0.078696
-0.135399,-0.328796,0.014350
-0.012614,0.625888,-0.041182
0.205392,0.349687,-0.106309
-0.011916,0.434186,0.073024
0.230732,0.209501,-0.126872
-0.074996,-0.358698,0.018429
0.005877,0.397784,0.030066
0.006226,-0.489341,-0.209802
0.020277,0.564696,-0.003677
0.059890,0.327006,-0.042294
0.024457,0.595333,-0.015995
-0.012715,-0.070874,-0.208405
0.025443,0.578553,-0.014942
-0.153006,0.133246,-0.028739
-0.014812,0.489167,-0.120484
-0.026650,-0.563747,-0.006971
0.256309,-0.217708,-0.031432
-0.248671,-0.301221,-0.047614
-0.036396,-0.231376,-0.022176
0.029521,0.883556,-0.011936
0.003311,-0.483173,-0.194842
0.012443,0.742436,0.026318
-0.065755,0.443395,0.082209
-0.019750,-0.485420,-0.111339
0.239512,-0.202910,-0.057145
-0.308233,-0.331892,-0.078937
-0.047533,-0.349209,-0.000317
-0.115844,-0.333816,-0.041802
0.086350,0.158167,-0.045466
-0.035060,-0.539435,0.009913
0.040770,-0.026850,-0.016928
0.236517,-0.203737,-0.045577
0.004864,-0.061006,-0.004625
0.037663,0.637163,-0.010488
-0.032429,-0.160276,-0.006883
-0.004655,-0.286552,-0.014291
-0.053296,-0.494059,-0.028735
0.191482,0.210415,-0.116229
0.009438,0.236062,-0.022798
0.008760,0.483881,-0.008888
-0.148429,0.115324,-0.048983
-0.014263,-0.436587,-0.011642
0.096859,0.150047,-0.013760
-0.031153,0.647717,-0.016166
0.077679,0.169550,-0.084133
