# .PCD v0.7 - Point Cloud Data file format
VERSION 0.7
FIELDS x y z
SIZE 4 4 4
TYPE F F F
COUNT 1 1 1
WIDTH 2013
HEIGHT 1
VIEWPOINT 0 0 0 1 0 0 0
POINTS 2013
DATA ascii
0.78293866 0.90316784 -2.29090595
0.75046152 1.23229325 -1.76741624
0.78402454 0.92343968 -2.43404245
0.77314478 1.04330802 -2.29728198
0.74931562 1.23642457 -1.71889293
0.78949362 0.90483302 -2.55865932
0.76236874 1.11158741 -1.94876516
0.78898245 0.92784482 -2.5935123
0.80157894 0.74379522 -2.66330051
0.77423155 0.99310362 -2.14746022
0.81099564 0.65596128 -2.82232642
0.81332523 0.62011647 -2.88433886
0.76344109 0.79045916 -2.82363296
0.81025875 0.62571621 -2.88564444
0.68598562 0.5257225 -2.95518112
0.67294139 0.58528203 -2.93713808
0.60374445 0.69576943 -2.85878968
0.22716606 0.93799144 -2.3772819
0.40237424 0.72992957 -2.59806919
0.4706175 0.74142444 -2.70097995
0.30130309 0.9247089 -2.48037171
0.18897764 1.00297189 -2.24745536
0.75640363 1.15541101 -1.89478672
0.78760183 0.94513005 -2.58313394
0.76170033 1.05556309 -2.41424966
0.75866258 1.07213724 -2.36026788
0.7640512 1.04535782 -2.43057132
0.72317177 0.84573209 -2.84337926
0.68288451 0.97675717 -2.6696322
0.70422745 1.00721729 -2.58486199
0.56102556 0.85899246 -2.78692508
0.63352537 0.94447362 -2.78944087
0.49359837 1.10490334 -2.54677892
0.49135113 1.09400237 -2.55274343
0.13316607 1.07976007 -2.0979445
0.21236849 1.03569031 -2.24731159
0.25922203 0.99698067 -2.33688593
-0.09463719 1.22884393 -1.58056951
0.72426438 1.24967372 -1.60205257
0.68374872 1.2651577 -1.70417917
0.70977318 1.240574 -1.50050211
0.61429346 1.20540369 -2.20905113
0.54235208 1.2399857 -2.16879511
0.53909647 1.21877289 -2.25117731
0.36864287 1.19049799 -2.27976489
0.43619633 1.14348173 -2.43567777
0.1320053 1.25324392 -1.93944871
0.33860433 1.23122728 -2.16571164
0.08499286 1.255494 -1.85603094
-0.03771313 1.27686369 -1.604442
0.69235319 1.27870476 -0.91693068
0.62398875 1.26453936 -1.01870239
0.60788453 1.29786372 -1.48217988
0.57705468 1.30239272 -1.63393569
0.55076641 1.30160463 -1.6401161
0.34747916 1.32081664 -1.63522899
0.50411952 1.30836046 -1.54326475
0.50261259 1.30511022 -1.60145378
0.33322626 1.31408978 -1.71797287
0.29885739 1.30874145 -1.73226857
0.14340131 1.30856037 -1.55220342
0.19846851 1.31033719 -1.60070801
-0.10442656 1.29935336 -1.35544229
-0.18844076 1.31167269 -1.11262548
0.5762949 1.29059029 -1.19829321
0.5329572 1.25324309 -0.97529268
0.53329712 1.28129947 -1.15658486
0.40451822 1.30849946 -1.44898677
0.48453015 1.28682792 -1.19718969
0.26013699 1.28430164 -1.19026029
0.40274042 1.26694751 -1.04314637
0.186903 1.30952001 -1.47098136
0.176128 1.28724015 -1.21639562
0.04687341 1.27026486 -1.02957416
0.18885157 1.27701151 -1.10326707
-0.02968176 1.29775453 -1.26791549
-0.12922308 1.29211926 -1.02842486
-0.13941379 1.26123571 -0.81312323
-0.12176671 1.2726078 -0.88639563
0.50547373 1.17717946 -0.5654406
0.49632058 1.20834851 -0.70068192
0.36026475 1.14756012 -0.50470781
0.36512294 1.22535145 -0.8351326
0.42367303 1.25028253 -0.92448896
0.29598296 1.18415642 -0.67006576
0.2558043 1.19089925 -0.70103514
0.15125203 1.19193387 -0.69859117
0.1677561 1.27271748 -1.06989467
-0.03333483 1.22875094 -0.81252146
-0.11793422 1.21862257 -0.66060734
-0.13776934 1.17867327 -0.48411784
0.43166569 1.09902215 -0.31736296
0.23570086 1.117818 -0.4426828
0.17356801 1.11855781 -0.4524121
0.11862009 1.12509346 -0.46572834
-0.1007048 1.16909981 -0.49537542
0.26441601 1.01227188 -0.12689456
0.00583905 1.01948214 -0.14338169
0.59843224 3.67761707 2.53310347
0.62600327 3.78561997 2.54087257
0.44493484 3.65092134 2.16820621
0.54806119 3.65203571 2.42277622
0.51921701 3.76931882 2.28574705
0.54081643 3.75066257 2.34963965
0.73445004 3.57976365 2.92446566
0.7516973 3.66238332 2.92584229
0.48517925 3.66202998 2.26369691
0.52251822 3.61227655 2.382447
0.81983006 3.74081159 3.05424118
0.42850921 3.66648626 2.1205399
0.96574259 3.51513147 3.53459811
0.62965196 3.67775393 2.61452532
0.70994371 3.55227327 2.87952852
0.97545761 3.55270481 3.54362607
1.07649076 3.7330215 3.44832826
1.13548195 3.49089003 3.8369441
1.08588684 3.54701138 3.7001822
0.88319844 3.76336861 3.15800667
1.16371047 3.50206399 3.65209961
1.15175569 3.55564833 3.67033148
1.16261482 3.55119514 3.60755777
1.19089687 3.42214561 3.57687664
1.18557477 3.46321893 3.56584167
1.24638653 3.61523962 3.18908024
1.23037624 3.65438795 3.2241981
1.37729359 3.53615522 2.40620828
1.25800109 3.5176549 3.18983412
1.29468048 3.63818479 2.93535471
1.25163949 3.40219736 3.2451148
1.2721597 3.53272772 3.09530973
1.30867374 3.59139156 2.60085273
1.30952489 3.60125589 2.66393328
0.31805637 3.61535525 1.8653816
0.56759173 3.66544652 2.45784903
0.19522262 3.51180983 1.60034657
0.6535812 3.71324444 2.63630438
0.47750577 3.71278405 2.13605928
0.51957542 3.66710138 2.31355214
0.610358 3.78595543 2.42131519
0.50556529 3.73316526 2.19007087
0.87181771 3.80344415 3.00801897
0.77615803 3.82381058 2.79433346
1.0115068 3.90010428 2.87991381
0.85879618 3.88879895 2.68888617
0.99878734 3.83791471 3.06289482
1.07839978 3.88268137 3.03625059
1.16561782 3.80757689 3.02158451
1.16433501 3.797194 3.11700153
1.1779021 3.7499373 3.35366416
1.25943327 3.70594907 2.86710072
1.13607132 3.8675077 2.84467173
1.25533962 3.75955915 2.46394682
1.30652034 3.49497867 1.87366498
1.29634154 3.58357239 2.02876568
1.29944038 3.55331802 2.1406734
1.28918803 3.63930655 2.45415092
1.28232646 3.68117714 2.20538092
1.2518034 3.45352244 1.48946154
0.55132312 3.75379467 2.27237916
0.33684868 3.59184599 1.8435812
0.42500857 3.65048146 1.93227613
0.60687119 3.80541396 2.27577996
0.53476202 3.74246192 2.15370321
0.36230141 3.59688854 1.8154273
0.60308546 3.79265499 2.20337987
0.94856095 3.90459418 2.71641612
0.84407115 3.87726045 2.59861612
0.8629477 3.84962797 2.31399536
0.70575356 3.80187798 2.14297271
0.84067512 3.85259175 2.42367768
0.63895208 3.78746367 2.15119433
1.15528524 3.8513 2.61356449
1.02596188 3.84367847 2.28472257
1.16139007 3.8335743 2.54239345
1.03778493 3.81253099 2.16910672
1.12515497 3.75582528 2.10279799
1.16975582 3.69102573 1.90928829
0.98976302 3.83427882 2.16360474
1.24631858 3.52403545 1.65806961
1.2573694 3.66500998 2.07840562
1.20011997 3.37633562 1.16081905
0.03967913 3.28270054 1.1561569
0.26824504 3.48620653 1.53056574
0.36334291 3.56738663 1.66712391
0.12725703 3.31302643 1.23728859
0.16690584 3.3539412 1.3038063
0.60047841 3.67023683 1.80698228
0.66478217 3.7866199 2.0637536
0.46096909 3.56813788 1.58522868
0.80374283 3.7586956 1.98878062
0.73061568 3.60977983 1.60220742
0.67282999 3.65102315 1.73887575
0.57648879 3.6139729 1.67234147
0.90008831 3.69960451 1.82079065
1.08920395 3.64585137 1.73924112
0.99422461 3.66956162 1.77240908
0.90939921 3.66191912 1.73372579
1.03342152 3.47006798 1.32016265
0.9646734 3.60308647 1.60967958
0.97908551 3.6005249 1.60734093
1.11650443 3.23707151 0.80183083
1.14806962 3.42642212 1.24689949
1.17224443 3.52027416 1.46952355
1.04842722 3.09258199 0.54147971
1.0612216 3.38426685 1.12920558
-0.07563938 3.01686001 0.78674328
0.07759019 3.21174335 1.04555345
0.3352001 3.41657352 1.32719421
0.0668899 3.08169985 0.88453192
0.31027055 3.36996722 1.26034307
0.57340223 3.53800511 1.49464345
0.45426574 3.44028759 1.35218525
0.41463351 3.49024844 1.43056333
0.37485525 3.36072612 1.23522687
0.46661487 3.32794642 1.17321777
0.74051136 3.51661468 1.43902266
0.7636289 3.58921933 1.56073916
0.40783817 3.27108717 1.08750033
0.83935112 3.55371761 1.48426795
0.78770196 3.51798725 1.43235505
0.77610826 3.50989008 1.42056978
0.7604543 3.47850871 1.36931622
0.73589444 3.21516013 0.92193848
0.89795834 3.34094429 1.10646415
0.82637691 3.20414758 0.88696361
1.03477418 3.40481639 1.18691361
0.98225176 3.33095622 1.07391512
0.89729404 3.12578654 0.71626103
0.90571558 2.9971993 0.47414666
0.927221 2.84776664 0.18961343
0.11024133 3.02475524 0.79941976
-0.07804797 2.87798142 0.62840229
0.07814751 2.81606388 0.5597803
0.09859548 2.91900992 0.68398756
0.48323858 3.22651744 1.00249279
0.5346787 3.24831867 1.02301526
0.44856265 3.12663317 0.88415211
0.49141264 2.99509454 0.6956436
0.43640834 2.92732167 0.61718005
0.44959569 2.97058105 0.67289156
0.66573751 3.19451165 0.91529506
0.6238867 3.15979362 0.88113546
0.61034667 3.13320708 0.8484506
0.61232054 3.03200483 0.70516235
0.78926313 3.09001088 0.72461063
0.60064965 2.8670032 0.47916681
0.87161946 2.95446229 0.4308148
0.78624445 2.81393409 0.26129979
0.71918815 2.84861517 0.38495582
0.81299299 2.72982168 0.10905798
0.78849256 2.80453062 0.24309501
0.14790308 2.81446028 0.54560554
-0.06733263 2.66004562 0.40572581
0.07126641 2.54627585 0.28380165
0.16793422 2.6309967 0.35141623
0.37436673 2.8768065 0.56733245
0.3164385 2.64486194 0.32699829
0.51188427 2.83549213 0.47304454
0.61229193 2.8046844 0.39342397
0.36654639 2.59260917 0.246851
0.67993742 2.72568059 0.22805201
0.68538785 2.67749691 0.1505558
0.66223198 2.59347749 0.04431667
0.14319149 2.29732275 0.02495159
0.22029765 2.39466071 0.10677519
0.35268265 2.45369792 0.10678722
0.43677166 2.47807646 0.07931784
-2.05450106 4.24977589 -0.82209843
-1.70688915 4.3792901 -0.76656514
-2.58776665 4.13873625 -0.89500433
-1.70631516 4.26677275 -0.78227669
-1.85914433 4.29029465 -0.79541236
-2.42610645 4.18522215 -0.87160999
-2.2917676 4.32592344 -0.83926815
-1.76985693 4.35742283 -0.77808201
-1.52855611 4.35008955 -0.75253332
-1.81989408 4.27085209 -0.79440355
-2.60805249 4.18399763 -0.8929373
-2.61284161 4.37089872 -0.76741624
-2.55795074 4.28247404 -0.83685142
-2.83531928 4.09371758 -0.91596293
-2.63605523 4.36261654 -0.768381
-2.68572855 4.09411001 -0.7359041
-2.60696959 4.22450113 -0.70184994
-2.45411944 4.23265648 -0.5624162
-2.16166711 4.2709794 -0.33864033
-2.46906519 4.17067909 -0.566769
-2.01111913 4.22297859 -0.21994498
-1.79676151 4.25345087 -0.09835985
-1.94580591 4.26825142 -0.17563628
-1.1737144 4.30155516 -0.71681535
-1.27772951 4.28671408 -0.72864705
-1.46086311 4.30994034 -0.74230891
-1.81069922 4.42540836 -0.7529431
-1.55673182 4.35522366 -0.7404899
-2.16624117 4.41224194 -0.79062998
-2.17876267 4.47978401 -0.6699509
-2.15315175 4.47961426 -0.67362654
-2.0161469 4.50074625 -0.65960789
-2.36120391 4.37146044 -0.55034304
-2.51998997 4.38104439 -0.68162888
-2.01498508 4.45061111 -0.37088794
-2.10477281 4.41244459 -0.39869413
-1.80667484 4.36531353 -0.18404843
-1.934708 4.33619738 -0.25026587
-1.181656 4.20573568 0.14824897
-1.04110408 4.17622423 0.20665893
-0.97090048 4.24287033 -0.68054044
-1.18252993 4.30645895 -0.67367798
-1.37639868 4.41193914 -0.64927924
-1.17384243 4.33971214 -0.64098805
-1.73790514 4.4773736 -0.69315112
-1.78143442 4.48656464 -0.63885957
-1.77718449 4.52096605 -0.45776087
-1.82347918 4.507689 -0.53998494
-2.02110457 4.53226614 -0.55189723
-1.91099226 4.51734638 -0.46621642
-1.87395716 4.50544786 -0.43149716
-1.77332306 4.44043446 -0.26142055
-1.63904786 4.47597313 -0.32364035
-1.48724496 4.37568998 -0.08119646
-1.45048988 4.3241663 -0.03067564
-1.0980953 4.24735022 0.10739337
-1.05128682 4.30081844 -0.61827552
-0.81007254 4.18742228 -0.58318132
-0.79277182 4.19612741 -0.53658468
-1.36591268 4.42610645 -0.52683645
-1.45016372 4.44849253 -0.45934486
-1.3188436 4.41377163 -0.56601453
-1.10481179 4.33009911 -0.33936018
-1.01621783 4.29869461 -0.38752902
-1.02260804 4.29989433 -0.42939746
-1.33724642 4.39678526 -0.26600739
-1.50869143 4.43704367 -0.23140071
-1.50327456 4.45580912 -0.32701942
-1.14496899 4.29339075 -0.04066974
-1.30311954 4.33602858 -0.02944385
-0.96976769 4.22077799 0.06137892
-0.63132536 4.06336927 0.2852048
-0.09807748 3.78246069 -0.50502151
-0.36514169 3.96457434 -0.54384685
-0.47334403 4.00514889 -0.39128196
-0.44886804 3.98997068 -0.48049623
-0.73514771 4.15385008 -0.41924539
-0.71497631 4.13016558 -0.35505289
-0.71229351 4.1164813 -0.20670836
-0.54948103 4.04315424 -0.35142303
-0.58389008 4.05742073 -0.30481282
-1.00700891 4.27158451 -0.23762843
-1.02782977 4.27017498 -0.11998457
-0.74844486 4.12750673 -0.12521392
-0.85761005 4.17084503 -0.00321361
-0.5644756 4.00649738 0.11655334
-0.51836985 3.99778509 0.24541333
-0.61917019 4.05183268 0.23117189
-0.29495236 3.87153125 0.33102453
0.02041253 3.65650821 -0.41275358
-0.17537484 3.77504206 -0.30283859
-0.35367322 3.8869338 -0.232977
-0.5793826 4.05190325 -0.26778078
-0.22799116 3.79566574 -0.18151948
-0.58608627 4.03496504 -0.1580648
-0.61636668 4.05227852 -0.08912087
-0.49956495 3.96870422 -0.01157633
-0.33629465 3.85181332 0.0741014
-0.19800435 3.79112101 0.28850475
-0.36307943 3.88782287 0.21108803
-0.04452567 3.67250943 0.30519533
0.03307929 3.60851812 -0.29843614
-0.0849867 3.69143844 -0.2454484
-0.19475624 3.76402545 -0.13765948
-0.16271918 3.72575188 -0.06947826
-0.09081165 3.66371274 -0.03932509
-0.04887411 3.66390228 0.26462412
0.06359884 3.57579136 0.28452954
0.28756711 3.31695318 -0.03626257
3.51552272 6.32183361 0.03490426
4.70356607 6.19917727 -0.28515795
3.37427115 6.29448462 0.07749267
3.33777285 6.39168835 0.07722063
2.94115663 6.34854078 0.19316483
4.19252634 6.31657791 -0.15447304
3.01770115 6.28501415 0.17855901
3.03803587 6.30357265 0.1708467
3.5139575 6.43352365 0.02326446
3.2185452 6.39617205 0.11018723
4.04723549 6.19022465 -0.10004423
3.14811659 6.24997234 0.1457583
3.74748945 6.26309347 -0.02291317
3.97947979 6.44691181 -0.10533193
4.69195652 6.18604851 -0.28034437
3.84976768 6.28728771 -0.05386995
4.0911026 6.20031452 -0.11328274
3.69450879 6.20725536 -0.00277934
3.41572022 6.25027561 0.07129046
4.53914356 6.3482008 -0.25285745
3.70607066 6.20484591 -0.00579199
4.24949455 6.29633093 -0.16676404
4.10323906 6.39221096 -0.13484378
4.21814251 6.21738958 -0.15050614
4.37686586 6.29349089 -0.2021959
5.25941896 6.10070753 -0.42875728
5.03865051 6.20169497 -0.376607
4.72469187 6.44370699 -0.38251039
4.59894466 6.42214298 -0.3003664
4.66367579 6.5587635 -0.43632394
5.34917641 6.15467405 -0.49483317
4.50540161 6.43958426 -0.26424724
5.09589672 6.3069458 -0.47543064
5.35930872 6.16351986 -0.50675714
4.77033758 6.41878939 -0.3878907
5.06280994 6.07072687 -0.61392444
5.28196955 6.09888983 -0.54828709
5.02352715 6.35519505 -0.53581148
4.8460722 6.52305794 -0.52976757
5.24700356 6.21492004 -0.52134365
4.65571022 6.23099995 -0.69376498
4.36394501 6.36187887 -0.74926227
4.55258751 6.47051239 -0.64690137
4.52377319 6.37608194 -0.68931246
4.76319122 6.25881863 -0.64716589
4.59537649 6.50895929 -0.61893427
4.61095715 6.15466881 -0.7200523
3.88578796 6.27369118 -0.88629013
4.61893129 6.11400461 -0.72421944
4.02081299 6.37692118 -0.83623594
4.1631403 6.28011942 -0.81479627
3.92961264 6.35839272 -0.86224532
4.3756609 6.2418623 -0.76659214
3.75980973 6.22279835 -0.92607164
3.5666008 6.30240297 -0.91574711
3.6630547 6.32184315 -0.89320022
3.12944221 6.21426296 -1.01851153
3.18563366 6.22614527 -0.99561739
3.39923406 6.28862906 0.06693289
2.44170237 6.12186289 0.35159957
2.45401669 6.03844976 0.3496207
3.01592422 6.28846312 0.17957865
3.40455818 6.32963514 0.06456215
3.30665898 6.31666756 0.07717124
3.34397817 6.31743956 0.06884771
2.85906124 6.25319529 0.19358167
3.53865004 6.35648775 0.01471817
2.4808898 6.05841494 0.33510584
3.61637902 6.53726101 -0.05741358
3.86950159 6.45086145 -0.08584318
4.03981638 6.50522375 -0.13937792
3.82656169 6.44040108 -0.07333856
3.78722644 6.56598663 -0.14165926
4.1438427 6.54375553 -0.21492812
3.82842636 6.56638908 -0.15676099
3.70776606 6.57033968 -0.1207786
4.07675505 6.65991402 -0.39215618
3.92633057 6.6434269 -0.3129847
4.04492331 6.67260551 -0.40081754
4.22188091 6.58812284 -0.33079228
3.98028302 6.59688902 -0.25899616
4.31910563 6.64685059 -0.45747018
4.72051191 6.58734703 -0.53121763
4.40367365 6.48201942 -0.693461
4.01942396 6.71616411 -0.52237737
4.28854275 6.58784723 -0.60594004
4.55245304 6.55362272 -0.59476674
3.80495572 6.4826479 -0.79637063
3.72245312 6.63537645 -0.65552831
4.03590679 6.507442 -0.73144394
3.62676382 6.54108906 -0.76771796
4.02064514 6.64594221 -0.59347129
3.66664004 6.55723763 -0.74445975
3.36768079 6.27583218 -0.89895457
3.40499687 6.36375475 -0.87431091
3.72466493 6.45116282 -0.82288468
3.88343191 6.39000702 -0.82242346
3.50766611 6.43289804 -0.8479436
3.1179235 6.22988319 -0.93377495
3.21694946 6.24672794 -0.9202984
2.01803708 5.98464489 -1.00748932
3.1868403 6.42295694 -0.87139601
2.68952823 6.23797607 -0.92709446
1.9916687 5.86490536 0.48236319
2.32320356 5.97022057 0.34780565
3.38215089 6.49077606 0.00252041
2.51453757 6.13541937 0.23269287
2.52331424 6.12810612 0.23835444
2.71327782 6.24461985 0.15921217
2.32051063 5.98410559 0.33723918
2.41801357 6.09758139 0.25722587
3.71216822 6.65386915 -0.33583403
3.49736452 6.57693291 -0.17654066
3.4252193 6.54332352 -0.07725029
3.72634983 6.64239597 -0.24879585
3.43384361 6.58835554 -0.2783809
3.50199008 6.60341692 -0.29299581
3.38555813 6.62602329 -0.40689543
3.36468434 6.58402443 -0.29501742
2.96311808 6.45646906 -0.09741693
3.17746592 6.5208497 -0.19224539
3.64649916 6.67366171 -0.43403506
3.68694925 6.66893959 -0.54279715
3.87574649 6.72273016 -0.49733302
3.2731421 6.59346342 -0.52085918
3.34265041 6.62045288 -0.48352605
3.4033556 6.52012157 -0.80603844
2.83852696 6.41752243 -0.75207525
2.74483728 6.38043356 -0.79910004
3.20325947 6.50520277 -0.72757465
3.1829648 6.51491213 -0.6881451
3.12022781 6.46815443 -0.78093576
2.75378084 6.2718358 -0.9079442
2.7088666 6.3239851 -0.85593337
2.34611893 6.12893677 -0.94601899
2.20845842 6.08720303 -0.95347768
1.84111083 5.954741 -0.96873832
1.48393798 5.78700066 -1.00108528
1.53461647 5.8099823 -0.99977243
1.55798841 5.55496645 0.57102847
2.23348761 5.98798466 0.29119602
1.42148817 5.43313503 0.57122427
1.86913621 5.79753637 0.30595061
2.35154819 6.11547184 0.14477903
2.46054983 6.17324638 0.13060971
2.2861166 6.07498789 0.16246504
1.85784233 5.77500248 0.33359733
2.87729311 6.42624235 -0.15061671
2.94680214 6.46759605 -0.21255147
2.87114549 6.42499018 -0.16998403
2.69612169 6.31691885 0.02669546
2.55686212 6.255795 -0.07369505
2.97208118 6.47859335 -0.19331068
2.5820713 6.27492189 -0.11458293
2.65032506 6.35508108 -0.33491683
2.53419852 6.26982307 -0.18268001
2.60053205 6.32012129 -0.27659786
2.63772678 6.30682707 -0.14854097
2.38660932 6.22753477 -0.27692026
2.50230455 6.26259136 -0.21134928
2.5837183 6.33120489 -0.47257495
2.4379077 6.2665081 -0.36714312
2.94746995 6.49872065 -0.48414493
2.88731146 6.46984291 -0.53047526
2.64752531 6.35425997 -0.73484492
3.02135921 6.5329814 -0.47687957
2.43254161 6.25385666 -0.70640028
2.31654549 6.20399427 -0.54220992
2.01666451 6.05590534 -0.7317003
2.25897765 6.17898464 -0.46914867
2.27458787 6.18086863 -0.6457262
2.20935607 6.14588928 -0.7774477
1.62851298 5.86793137 -0.90451574
1.24393952 5.68421555 -0.97549063
2.01132894 6.05006981 -0.86431712
1.72391307 5.91357803 -0.80850208
1.76000476 5.9224124 -0.77165049
1.05882239 5.56938887 -0.95596063
1.29435766 5.32749462 0.57989949
1.40816414 5.40738106 0.47612533
1.35677779 5.35590601 0.46623755
1.36796021 5.36802578 0.47177112
2.10871482 5.98854351 0.15710571
1.54582489 5.55150652 0.26024386
1.30790007 5.31264734 0.468449
1.27257764 5.29244089 0.45297092
2.17079234 6.05158091 0.008831
1.92048883 5.86747885 0.02157272
1.80884027 5.77406168 0.14618103
2.13999176 6.03977585 -0.1037956
1.78487277 5.76064777 0.10303811
1.91594338 5.86409569 0.02222865
2.20453978 6.10408497 -0.2540966
2.13088441 6.04873419 -0.22115259
1.73843038 5.75523615 -0.05246726
1.93291461 5.90536451 -0.15857807
1.7420311 5.78491688 -0.18378492
1.59911001 5.6234827 0.13994515
2.16627836 6.13197327 -0.54257244
1.97377801 6.00434732 -0.5421685
2.04080105 6.06717777 -0.64595073
1.94624674 5.94724369 -0.32322162
1.98480368 6.01244545 -0.54663277
1.74751687 5.82272482 -0.36357671
1.94292235 5.9565115 -0.38784865
1.64601016 5.80300474 -0.64093691
1.73483348 5.84195805 -0.52293944
1.69250655 5.82226563 -0.57266086
1.61311007 5.78081942 -0.63998312
1.6864779 5.78273726 -0.36831418
1.35815024 5.65848637 -0.72870946
1.47317946 5.75579691 -0.78954142
1.80325913 5.92510653 -0.71791631
1.39232087 5.67002678 -0.70788693
1.28794575 5.59536457 -0.6832267
0.90568256 5.34583092 -0.71664912
0.77525455 5.32240295 -0.82636935
1.17219365 5.50916576 -0.66856509
1.47926021 5.50453615 0.21168655
1.15860343 5.18444777 0.37013209
1.19482374 5.22748089 0.42666709
1.09930074 5.15741777 0.21296141
0.87550378 4.89781952 0.43720472
1.06038845 5.09202242 0.33394143
1.36841846 5.43201447 0.04209472
1.30276155 5.35796595 0.1390667
1.48345828 5.53426838 0.05980667
1.55652094 5.61597586 -0.04336685
1.62772036 5.70256853 -0.19147372
1.1801312 5.27688503 -0.00612339
1.12069499 5.26011133 -0.14240763
1.0798701 5.18142891 0.0380264
1.16511238 5.24425364 0.07529277
1.14101803 5.29127741 -0.19136523
1.25036216 5.4240613 -0.32164451
1.42381251 5.63115692 -0.51727426
1.47168076 5.58269453 -0.24195038
1.40322649 5.62455654 -0.55011362
1.07483459 5.28975391 -0.36236614
1.08829081 5.27246428 -0.27142188
0.99772036 5.19772863 -0.27630866
1.12197089 5.30244732 -0.27656895
1.13014042 5.40911055 -0.56124747
0.80656767 5.21593952 -0.62725264
0.86581212 5.27612829 -0.6536414
0.96500778 5.24055529 -0.48646975
0.95290869 5.34977198 -0.66943049
0.7178328 5.08809614 -0.54469198
0.74459684 5.14755964 -0.59134007
0.8231799 4.85733461 0.25923496
0.90324557 4.94774628 0.26034611
0.76183707 4.78109741 0.3507055
0.72856486 4.76918507 0.18076083
1.04288042 5.17415476 -0.09176859
0.83787191 4.90180969 0.124046
0.98574603 5.09081411 0.00037081
0.70937246 4.82792187 -0.08534358
0.92265886 5.04704714 -0.08986856
0.94012171 5.12950277 -0.24922717
0.79674035 4.94799232 -0.16155899
0.80926412 4.96514559 -0.17222643
0.68857688 4.89469433 -0.29063892
0.85438818 5.11591005 -0.41679689
0.68950766 4.92466974 -0.35192552
0.60922837 4.88118887 -0.38737985
0.53218806 4.87472725 -0.47118267
0.62385321 4.93387699 -0.44411343
0.46281388 4.79277468 -0.44235492
0.52901626 4.54137564 0.18998942
0.44369632 4.46156073 0.04586773
0.52405041 4.5637846 0.0415931
0.5834111 4.69552279 -0.09614034
0.39960942 4.59708309 -0.26813167
-1.65933478 7.24550676 1.68096197
-1.71477687 7.16178131 1.73536968
0.23464373 5.64677143 -0.04745287
0.50280952 5.64548016 0.17914948
0.38619164 5.45026875 -0.02640462
0.35633984 5.60877895 0.05463426
0.42650843 5.52697992 0.06788778
0.45318729 5.51216316 0.07744905
0.63344973 8.18961143 -3.01705074
0.54672575 8.1687212 -3.43606138
0.58795089 8.22730064 -3.22846365
0.63370252 8.31606293 -2.9929328
0.50729328 8.18106461 -3.62909603
0.48274153 8.39648819 -3.33034325
0.58289725 8.35898685 -3.13527584
0.55072623 8.38685036 -3.17070079
0.43204558 8.33115673 -3.57424355
0.40983167 8.18323612 -3.77741241
0.38092378 8.34663868 -3.46288514
0.4118188 8.19672775 -3.76593304
0.24407695 8.35308075 -3.10358572
0.18643902 8.3250494 -2.98934507
0.21817392 8.33810902 -3.05495572
0.20113519 8.21344566 -3.12780285
0.17040803 8.23431969 -3.01175046
0.12720528 8.15176296 -2.93471503
0.53752357 8.43208313 -3.05474401
0.4974966 8.45492649 -3.05683112
0.28605613 8.43238544 -2.99413872
0.39252472 8.4746809 -3.32348299
0.34890032 8.45815563 -3.18300223
2.65932679 9.15259647 2.45966005
2.7742548 9.13653469 2.55222654
2.59133196 9.15158367 2.40702868
2.77280736 9.13675022 2.55105829
2.88139486 9.12548065 2.63824677
2.61717677 9.18853378 2.42135429
2.66854405 9.12031269 2.47390103
2.69071507 9.21551132 2.47346163
2.98215985 9.19207382 2.70415068
2.68925714 9.13254356 2.48771882
2.6685915 9.15074635 2.46829319
3.15514946 9.14559078 2.84871101
3.17115021 9.40071297 2.65699887
3.36226869 9.08538818 3.01877975
3.08886933 9.40986633 2.6080246
2.81797075 9.36006737 2.51420498
3.41630936 9.07267666 3.05659556
3.25959086 9.18224335 2.88560724
3.33972001 9.16792393 2.79909945
3.33596182 9.2189436 2.82484531
3.37501025 9.14000511 2.86190701
3.18794799 9.3493185 2.54743791
3.21633244 9.26977158 2.55708194
3.19390345 9.28183842 2.50274014
3.11597013 9.28756523 2.28062105
3.16403627 9.24329948 2.38014698
3.02143955 9.04053879 1.94258153
3.08981586 9.18950939 2.14845085
3.15851188 9.13728333 2.29459882
3.20857406 9.02827454 2.37977839
3.23349285 9.06433392 2.44932437
3.15370035 9.07747173 2.26528525
2.3986187 9.28301334 2.23313832
2.72742105 9.41023731 2.34433675
2.73931837 9.39715385 2.39566016
2.55840158 9.44852257 2.13531351
2.75979495 9.51387501 2.15117526
2.72172308 9.48247433 2.1879487
2.91811228 9.46370506 2.37568021
3.10729027 9.45359993 2.52208304
2.98247719 9.42173195 2.24858141
3.10386109 9.36810112 2.35710001
3.07745361 9.32950306 2.23995638
2.83106208 9.32469654 1.8084594
2.79188418 9.41846848 1.91560245
2.82424259 9.30354691 1.75745404
2.82040167 9.31970119 1.78089869
2.92094707 9.2666769 1.87889624
2.66100049 9.47271633 1.89683187
-2.28407907 10.10777664 -0.53414673
-2.27811766 10.20182228 -0.52234924
-2.25732017 10.19798756 -0.52360076
-2.31141782 10.10831928 -0.53312796
-2.61723232 10.25366497 -0.50627995
-3.06594992 10.18958187 -0.46565083
-2.52876067 10.36785316 -0.44268516
-2.46003652 10.30972481 -0.49974689
-2.6603334 10.37321663 -0.41196376
-2.74483943 10.40704346 -0.36970851
-3.0397737 10.06330967 -0.36335999
-2.74887848 10.38861275 -0.33983308
-3.03398395 10.08352852 -0.36785346
-2.5175879 10.27136993 -0.15673213
-2.75976634 10.32332611 -0.31949219
-2.74338388 10.2332592 -0.27259102
-2.73143983 10.25551891 -0.27485728
-2.64736652 10.09345722 -0.1730976
-2.6204505 10.15747452 -0.17187995
-2.51269054 10.08734131 -0.10506531
-2.36359 10.40864086 -0.4070015
-2.6275785 10.44588852 -0.35003328
-2.65767407 10.45237064 -0.34061989
-2.29531217 10.46281815 -0.315882
-2.10127568 10.49316597 -0.2640146
-2.37248993 10.43941402 -0.22517663
-2.38405704 10.48045731 -0.27305767
-2.5706799 10.4156723 -0.26183802
2.52527046 10.88700294 -0.47509795
3.35893106 11.06201458 -1.0806396
2.64943361 10.93340683 -0.56713665
2.84237671 10.96248436 -0.70624352
2.61980724 10.94361877 -0.54711235
2.70635629 11.07515144 -0.62029427
3.06365728 11.04371643 -0.86907697
2.7621367 10.98351383 -0.65041792
3.25104189 11.06109619 -1.00346231
3.21316528 11.16399002 -0.98428428
3.19865751 11.17226982 -0.97460246
3.0877347 11.16508293 -0.89528531
2.69186068 11.0380764 -0.60460281
3.56065488 11.12175846 -1.22682297
3.56303906 11.2178812 -1.29772663
3.58940291 11.16885853 -1.27772188
3.51330233 11.15466118 -1.1970396
3.24555659 11.21923923 -1.01499903
3.5751152 11.20130825 -1.39318323
3.64390087 11.14826393 -1.42622352
3.7892158 11.05731869 -1.48703957
3.3482964 11.1497221 -1.39316428
3.37124753 11.29043198 -1.33010781
3.14768267 11.21512508 -1.34796369
3.40708756 11.13041687 -1.40647423
2.60163093 11.02019405 -1.33922791
2.9683857 11.15084648 -1.35534656
2.9845314 11.06289768 -1.38048851
2.67897034 11.01888657 -1.35015202
2.58013844 11.03197861 -1.33321416
2.25897312 10.96848011 -1.25999475
2.27178073 10.97331142 -1.26472199
2.47985864 10.9279356 -0.447716
2.59186029 11.05194283 -0.56404364
2.45087862 10.86856461 -0.42824396
3.0652771 11.23625278 -0.89744765
2.88673496 11.3849535 -1.05993831
3.12673569 11.35447216 -1.13297844
3.00159669 11.30244064 -0.99158102
2.8497808 11.31640148 -0.93728572
3.14036131 11.34461594 -1.23013985
2.98595715 11.29306984 -1.23993587
3.12685561 11.34081173 -1.23010242
2.82747316 11.38706303 -1.06355762
2.57247066 11.25433064 -1.13866007
2.81427431 11.23729038 -1.24838495
2.2838316 11.03334904 -1.18963313
2.35865951 11.08443356 -1.19557202
2.34137201 11.0065527 -1.21698761
2.65086913 11.1756258 -0.63558668
2.73587561 11.28141403 -0.83848441
2.58710551 11.20993328 -0.76469696
2.5363915 11.20075703 -0.76730496
2.44845772 11.12814045 -0.65315324
2.36901593 11.20639324 -0.82295734
2.29968405 11.10439301 -0.64806002
2.82443166 11.38963509 -1.04832101
2.46417761 11.21869755 -1.13929009
2.36137176 11.1980257 -0.96582884
2.15896559 11.09700108 -1.02754009
2.1627717 11.10352898 -0.99435341
2.22253728 11.14049339 -0.92778802
2.14549732 11.05375099 -0.70152342
2.15205956 11.09775162 -0.80707783
0.78954971 12.1069622 2.42005873
0.85689265 12.3506031 2.49369287
0.83235282 12.19520664 2.50626087
0.70052129 12.12507629 2.12148476
0.9695248 12.22167015 2.93413377
0.93078995 12.21301842 2.81400728
0.80079001 12.29404926 2.34574366
1.15690029 12.20447826 3.55015206
0.6901921 12.11333466 2.09503126
0.85179752 12.14931393 2.59913349
1.23130202 12.18074036 3.80665541
1.1122148 12.40995884 3.30086374
1.05047774 12.32777023 3.145329
0.77800679 12.11690235 2.37830091
1.0379746 12.32956982 3.10404158
0.94182104 12.1674242 2.87991905
1.18447733 12.16993427 3.66134429
0.92998028 12.14106846 2.85570979
0.91830528 12.16388226 2.80594134
1.24932182 12.23527718 3.84250331
1.31952465 12.24207973 3.9730165
1.27498913 12.21500683 3.93467879
1.35630345 12.25350189 4.02291632
1.19190669 12.37961483 3.50433969
1.35711324 12.41569901 3.75387907
1.34136677 12.37979698 3.78424406
1.43250763 12.30043411 3.97026873
1.48941064 12.11228371 3.93845415
1.43724835 12.17597485 4.11665916
1.43858278 12.35736847 3.86134863
1.53794277 12.29681969 3.55610776
1.44242597 12.41275406 3.77176881
1.46300924 12.36253929 3.75326157
1.5682224 12.25123978 3.49752665
1.66833699 12.14815426 3.11066532
1.55822897 12.05664444 3.6952672
1.71066296 12.16384697 2.897048
1.61856651 12.08261776 3.38869262
1.65013063 12.17248821 3.18483424
1.74230623 12.11372662 2.77260041
1.68463993 12.06523418 3.07909393
1.71528506 12.07514572 2.37837029
1.7778275 12.04736423 2.30060315
1.66235495 12.25854015 3.03817749
0.7005679 12.08741951 2.13343191
1.0841316 12.40095425 3.21497774
0.67734581 12.09469032 2.06028676
0.47603148 11.82297611 1.5239203
0.72676694 12.09482384 2.16106725
0.69772506 12.05732632 2.09724545
0.88193214 12.25752926 2.56531453
0.95919681 12.36080742 2.72919655
0.88190657 12.20547581 2.65269232
0.60597837 11.94825649 1.87984383
0.79713064 12.17355919 2.33606052
1.17736387 12.44005585 3.3249855
1.17033994 12.43938255 3.30260873
1.33537698 12.47489834 3.59951782
1.3157078 12.49118423 3.40379357
1.32754302 12.5260067 3.2328589
1.35802042 12.52470684 3.34383631
1.3621875 12.5341444 3.30075741
1.1123445 12.47441483 2.81746721
1.48648691 12.45707989 3.30690503
1.42358065 12.49789238 3.71075273
1.4115411 12.55413151 3.06847858
1.42965031 12.5263834 3.18993115
1.60274017 12.34820843 3.05011034
1.61837983 12.34952927 2.76485801
1.60080624 12.3743372 2.67479157
1.58629096 12.37498856 2.91021848
1.68234205 12.22205257 2.32959032
1.64950168 12.26759148 2.88028145
1.6905458 12.16741848 2.3836832
1.70515776 12.14118671 2.16511512
1.68591821 12.1808157 2.43035722
1.73489749 11.72667313 1.22275627
1.72565854 11.9277544 1.68803024
0.5931595 11.89820671 1.73956239
0.74061483 12.11794376 2.10895848
0.55584943 11.84118652 1.61604893
0.69776994 12.042346 1.97222161
0.57476217 11.86381626 1.60411096
0.81258857 12.20102882 2.20259237
0.99838012 12.41115284 2.60639834
0.98528099 12.38481522 2.52537799
1.01122928 12.39760113 2.55600023
1.11340904 12.37206936 2.37529755
0.95316261 12.28405952 2.18644524
1.29769957 12.52347946 2.8296783
0.9236086 12.27350712 2.1784513
1.29880238 12.5215168 2.8188405
1.43485188 12.43661499 2.58556581
1.38282156 12.49599457 2.71409678
1.38708746 12.57280827 2.97670507
1.46549058 12.47539902 2.75650406
1.53613293 12.28077698 2.21259403
1.59803653 12.32211208 2.42523599
1.60726333 12.19665527 2.03764224
1.44324291 12.34997272 2.31153631
1.6453861 12.06742096 1.80420923
1.64513898 12.28206635 2.36488771
1.68572104 11.92023945 1.56279445
1.69777632 11.80436897 1.30399621
1.66784358 11.81212902 1.30180323
0.63457096 11.89422703 1.62103271
0.61006564 11.90547562 1.61608887
0.67179787 11.85947704 1.52817285
0.65653467 11.86416435 1.55557942
0.73171043 11.90002251 1.53730154
1.00429308 12.28173923 2.13086462
0.94896275 12.14179134 1.9048121
0.94696701 12.26112556 2.10287189
0.89460766 12.20356274 2.01308656
0.85236067 12.04078484 1.74777269
0.87494922 11.94992161 1.57604527
0.9306491 11.97226906 1.59778643
0.94223636 12.05633831 1.75768697
1.25043118 12.33869934 2.18848038
1.18176436 12.21326733 1.97018385
1.46995151 12.22367001 1.9947803
1.32231855 12.35521317 2.21631622
1.30444169 12.22591114 1.98218656
1.19896054 12.09080601 1.72883153
1.59463739 12.14115334 1.85903335
1.48072815 11.97408199 1.55404842
1.21034086 12.05620766 1.66790092
1.43932116 11.94714928 1.50236011
1.29511714 12.05855179 1.68135226
1.422948 11.97189808 1.543854
1.58767986 11.6779871 1.04684997
1.60738528 11.62377167 0.9538992
1.60621321 12.01677704 1.64229071
1.57641971 11.49789047 0.7711941
0.69097662 11.77147388 1.37560606
0.54389328 11.50991344 1.11060464
0.75334603 11.76099586 1.34968317
0.84075063 11.89367104 1.49903035
0.71835709 11.6498127 1.22104061
0.81760526 11.7569952 1.33907819
0.95155174 11.78420639 1.3583678
1.03453159 11.71542835 1.24655008
0.90989131 11.68030739 1.23136652
0.79889792 11.58678627 1.13549495
1.21069753 11.74372673 1.24453783
1.09678864 11.75391006 1.28189647
1.174999 11.88896561 1.4426173
1.35860026 11.75290394 1.22541845
1.12500715 11.64318848 1.13068175
1.46083045 11.76946068 1.22603953
1.35283577 11.64711189 1.08943272
1.45100045 11.73510361 1.18354738
1.09743381 11.56511402 1.0347681
1.4939152 11.68079758 1.08523774
1.51801252 11.42006111 0.69031149
1.37762356 11.46967316 0.85128331
1.40376401 11.49771786 0.87560225
1.11556005 11.51605988 0.97331136
1.16375661 11.49071789 0.93018514
-1.02571833 13.05240536 -1.48396981
-1.54972422 13.16641998 -1.69828522
-1.16852844 13.06365871 -1.54456449
-0.53976417 13.03414631 -1.27556849
-0.94672698 13.18399429 -1.43525243
-0.94271934 13.03929615 -1.44947779
-1.06089878 13.14391708 -1.49068666
-1.48237586 13.11121941 -1.6753751
-1.31923294 13.27060318 -1.59015131
-1.83359921 13.17542171 -1.82071769
-1.2590555 13.18163967 -1.5725472
-1.2351203 13.25989056 -1.55490756
-1.3121891 13.25374985 -1.58869374
-1.7345444 13.22011375 -1.77434814
-2.06743956 13.26407242 -1.85173941
-1.89236832 13.23186779 -1.82607055
-1.86552811 13.2290287 -1.82062387
-1.8875035 13.29344177 -1.7803669
-2.11867332 13.20529366 -1.86280203
-2.30781794 13.1005125 -2.03096271
-1.88043964 13.37691975 -1.67414618
-1.94571304 13.13583374 -1.59718454
-1.69160819 13.27119637 -1.33123195
-1.96977699 13.21200848 -1.68562448
-1.47552907 13.1256876 -1.00139964
-1.7603159 13.12583065 -1.3577652
-1.62628257 13.21447086 -1.22088516
-1.6296581 13.14884281 -1.20229161
-1.59286988 13.22012711 -1.18104672
-1.33333385 13.12962246 -0.85098159
-1.07758868 13.0213623 -0.63465506
-0.36591572 12.94025421 -1.20688355
-0.46316725 12.995471 -1.24502087
-0.25957298 12.869174 -1.16550851
-0.77288604 13.2118845 -1.3241297
-0.33841115 12.95570087 -1.17373109
-0.68801653 13.14427757 -1.30051792
-1.28733003 13.3093071 -1.56981444
-0.62028265 13.05838871 -1.29215705
-1.11248684 13.33109951 -1.4322716
-1.34590709 13.34158802 -1.57187855
-1.11357796 13.39169788 -1.32961249
-1.51160514 13.4130249 -1.52320242
-1.37058115 13.48519135 -1.32074881
-1.49206519 13.42062187 -1.32843256
-1.71053159 13.43932724 -1.54387307
-1.68908632 13.42757797 -1.50821948
-1.44855833 13.36039734 -1.20309258
-1.41692412 13.41166782 -1.25073981
-1.39715993 13.32538795 -1.10799515
-1.03548336 13.10944271 -0.64519686
-1.46068263 13.25253487 -1.08164465
-1.00202131 13.02917957 -0.58403337
-0.95856345 12.98364449 -0.52741301
-0.97224915 13.1142149 -0.61947805
-0.04311906 12.73594379 -1.05167449
0.15241987 12.59684467 -0.97799385
-0.14804174 12.8212862 -1.06493068
0.30949533 12.4941082 -0.91196805
-0.15687548 12.82440186 -1.07086158
-0.82031751 13.26713848 -1.28086686
-1.07401562 13.3770647 -1.3045094
-1.2386055 13.44693565 -1.26454794
-0.49509627 13.12164974 -1.08868742
-1.20033872 13.43074131 -1.25149202
-1.01243067 13.35004902 -1.03782153
-1.31846511 13.46504688 -1.24532175
-1.18759191 13.31290627 -0.93166834
-1.0056138 13.25753307 -0.83877999
-0.89072019 13.29793072 -0.94142139
-0.90318161 13.19891262 -0.7305913
-0.81214911 13.08288288 -0.53148317
-0.57787383 12.89075661 -0.27319726
-0.44589347 12.73934937 -0.08977182
-0.33578429 12.69997215 -0.06269434
0.09265717 12.66268539 -0.9600926
-0.11878155 12.82631969 -1.01010263
0.09782818 12.62636185 -0.88425452
-0.15769951 12.84831524 -0.99132735
0.03375314 12.68172264 -0.91275036
-0.32660359 12.97792912 -0.95891798
-0.30840498 12.95625496 -0.92645681
-0.36635262 13.00244427 -0.95769006
-0.4866032 13.06109524 -0.89587283
-0.66450095 13.17823887 -0.90734279
-0.38295501 12.97416973 -0.76374215
-0.41438365 13.01267815 -0.88543469
-0.78780568 13.22139168 -0.81903148
-0.77750248 13.19545555 -0.76378524
-0.73663592 13.10252953 -0.57114333
-0.38521665 12.94877243 -0.63360912
-0.44976875 12.93887424 -0.52382636
-0.52864403 12.92920399 -0.39590156
-0.33714217 12.73419857 -0.14560895
-0.26765683 12.65886784 -0.04296942
-0.21221185 12.63621044 -0.07622226
0.51308751 12.18290424 -0.70345074
0.58553046 12.1573801 -0.73596185
0.12217271 12.57582569 -0.76174557
0.48844841 12.19073677 -0.68151134
0.16855767 12.52734375 -0.75270665
-0.21733741 12.83090878 -0.6854524
0.08101389 12.5744133 -0.67016941
-0.00050112 12.67673969 -0.74249542
0.26483551 12.39515305 -0.61475474
-0.08041767 12.66631222 -0.55101949
-0.03910097 12.61215401 -0.49224174
-0.13017647 12.66277218 -0.41790086
-0.29725325 12.84345436 -0.53715175
-0.17011015 12.66388512 -0.32624251
-0.06407247 12.50443172 -0.13162759
-0.00049051 12.48333836 -0.2201452
-0.06750438 12.5483408 -0.24452716
-0.028538 12.4459219 0.08010628
0.03880044 12.37711334 0.11605936
-0.14818633 12.57780075 -0.10230295
0.2030293 12.191432 0.31832573
0.18418297 12.21522331 0.33056861
0.51940048 12.09928799 -0.5745309
0.66073537 11.94026947 -0.55765146
0.29797208 12.35139561 -0.59964097
0.6590541 11.89183903 -0.49877197
0.2466751 12.40445614 -0.59664661
0.3594051 12.241745 -0.52134418
0.16864693 12.44254589 -0.51933998
0.46941045 12.04321003 -0.37231481
0.11553585 12.41569233 -0.36398882
0.28139967 12.22843552 -0.33860558
0.08808205 12.44608116 -0.36475319
0.08690447 12.34881592 -0.08892474
0.13499004 12.37203789 -0.30284038
0.34899291 12.08123207 -0.15333951
0.29720065 12.09923363 -0.04586534
0.30340579 12.06554508 0.29306439
0.31618866 12.04888248 0.20624423
0.38265523 11.95997334 0.23877779
0.68124712 11.78070545 -0.37297982
0.5959205 11.81769943 -0.26572257
0.58690596 11.80824661 -0.23220497
0.54317659 11.82907677 -0.1663658
0.60250944 11.76453876 -0.19371736
0.39391187 11.95430946 0.0266238
0.44561505 11.94596672 -0.13563526
0.54262698 11.72937107 0.09949204
0.38885671 11.94884968 0.119565
2.32904172 13.37368584 -0.55270684
2.06235051 13.42171288 -0.3729609
2.51901674 13.41446304 -0.68795645
2.48032928 13.39137173 -0.65872163
1.9885751 13.34812546 -0.31219915
2.82075524 13.30709171 -0.88507569
2.80758548 13.32832432 -0.88671249
2.77731395 13.35849953 -0.88422632
2.89850855 13.2802124 -0.95019543
2.54590416 13.40330601 -0.88347048
2.3288095 13.37996292 -0.87991214
2.52918768 13.33419895 -0.906537
1.97829521 13.35848618 -0.81531394
1.81048048 13.30615139 -0.18442257
2.064749 13.40402031 -0.38966823
2.41873097 13.4774332 -0.64496422
2.46654415 13.51532078 -0.76145279
2.3222146 13.49498463 -0.62028438
2.40140653 13.4807682 -0.83686244
2.18001556 13.5090332 -0.7630648
1.698089 13.31999779 -0.74318838
1.97399354 13.37785625 -0.32975224
1.99910057 13.39007092 -0.35444769
2.11028028 13.47351551 -0.46264991
2.20777035 13.5461731 -0.66319847
2.14181685 13.52666378 -0.72582245
1.77831149 13.42236233 -0.64748937
1.81184161 13.39643097 -0.73649901
1.18975818 13.13397884 -0.5720486
1.8150481 13.3562088 -0.28920439
1.85703254 13.39856052 -0.36406884
1.62716043 13.28645039 -0.32273948
1.63420808 13.30853653 -0.37267035
1.66696835 13.3497057 -0.45284224
1.62622654 13.34417439 -0.54062212
1.60989594 13.35207462 -0.64136422
1.01807749 13.0403738 -0.51187825
1.34920347 12.94304848 0.03971395
1.33978343 12.95600986 -0.00391757
1.53362191 13.17970848 -0.19638354
1.45397973 13.18415165 -0.33276209
1.5133872 13.25966072 -0.42523792
1.33386803 13.13725758 -0.39239433
1.15300107 13.04346085 -0.41583979
0.9847635 12.9615736 -0.41348448
1.2764715 12.89250946 0.03311173
1.2984122 12.94060516 -0.04381596
1.33837295 13.02596855 -0.14395832
1.1598531 12.89435196 -0.16931842
1.12137794 12.87910748 -0.19137146
1.08423042 12.87347889 -0.22650823
0.82989699 12.82131481 -0.34791893
0.87338597 12.7932148 -0.29585499
1.01600516 12.64111423 0.02280684
1.03899348 12.71124172 -0.05062482
1.0463804 12.78717327 -0.1485247
0.92371488 12.72309208 -0.19881323
0.93413997 12.59371662 -0.03126051
-0.69824022 15.18870068 2.05679083
-0.63933027 15.14525127 1.91535318
-0.42330366 15.07434177 1.43043816
-0.89722353 15.21035576 2.4867866
-0.44209754 15.2320261 1.53044868
-0.42142931 15.09583473 1.43466818
-0.65252119 15.18747997 1.95942676
-0.53356028 15.1407938 1.68762493
-0.53887111 15.188097 1.71543348
-0.82323706 15.29763126 2.35827255
-0.77425003 15.30222321 2.25572443
-0.57773048 15.23237228 1.81351256
-0.90755051 15.26890755 2.52750254
-0.62032008 15.19960022 1.89261961
-0.71523386 15.15458965 2.07869959
-0.83856583 15.34071159 2.40483165
-1.07537901 15.23387814 2.91739011
-0.92327356 15.30750656 2.59805846
-0.95283329 15.30613232 2.69619012
-0.79047495 15.40230274 2.40435719
-0.97550029 15.31941414 2.81141639
-0.91896462 15.21550083 2.9014709
-1.12539482 15.11046982 3.09928226
-1.12191427 15.1508522 3.08124352
-0.64778316 15.36011219 2.66126084
-0.75205213 15.20144653 2.79322457
-0.83419281 15.21194935 2.84257674
-0.47476137 15.30796051 2.56940675
-0.150333 15.09608746 2.37571931
-0.47121945 15.2019453 2.59496784
0.02491844 15.11340618 2.24209833
-0.57186091 15.11827755 2.68532038
-0.77370685 15.10544014 2.83790493
0.32285768 15.00407219 1.91124511
0.4051429 14.96598625 1.82364333
0.26768881 15.0262661 1.95165968
-0.24774641 14.97182846 1.02750957
-0.29770148 14.99132538 1.14298677
-0.35851085 15.00885773 1.28229165
-0.46399009 15.25508976 1.64648509
-0.55654478 15.35860538 1.88090324
-0.467484 15.13205338 1.56435716
-0.46757165 15.33830357 1.712322
-0.49159211 15.26011467 1.69787073
-0.65730959 15.41559887 2.225559
-0.7608223 15.48562908 2.6435585
-0.53748703 15.49737549 2.29753876
-0.57749254 15.48233128 2.31648707
-0.53291941 15.50181389 2.3044219
-0.43559659 15.39120674 2.44225097
-0.57379079 15.45698738 2.49537301
-0.45231625 15.37268448 2.48619914
-0.20631225 15.39167881 2.19752789
-0.37584996 15.4853754 2.24526763
-0.0761303 15.33630276 2.13737226
-0.02331881 15.22142029 2.16287351
0.37783667 15.00635815 1.8150624
0.34804496 15.04955673 1.83239317
0.47967544 14.96888828 1.72141969
0.62842441 14.86902523 1.55188727
0.2403969 15.15147877 1.88182342
-0.19769025 14.88191509 0.95187843
-0.08575001 14.72708893 0.72482431
-0.27257979 15.17773247 1.36707258
-0.37810224 15.18623638 1.47447979
-0.39468241 15.46105862 2.04741311
-0.41490042 15.33697319 1.70523381
-0.34399351 15.47216415 2.0685606
-0.29400021 15.31528473 1.67932916
-0.19109868 15.39832115 1.86190248
-0.30838242 15.44690609 2.0008986
-0.0584906 15.34396935 1.894297
-0.08826996 15.35919476 1.94526005
-0.09076095 15.36049747 1.84824312
-0.00869691 15.31768608 1.80803442
0.20097741 15.2055397 1.67420721
0.24794471 15.18064213 1.67933714
0.32891721 15.09458923 1.78545129
0.10207611 15.25446892 2.00635791
0.58607912 14.93715096 1.45396233
-0.08604913 14.79790306 0.81743723
0.05233578 14.5307436 0.52694154
0.00165387 14.6250782 0.64330781
-0.17853522 15.07780933 1.19452512
-0.10814853 15.21159744 1.45746195
-0.06985489 15.20173359 1.46549344
0.0012524 14.92155647 1.00921535
-0.0822541 15.31400871 1.65917456
-0.0089058 15.25714684 1.59160864
0.09809127 15.04686832 1.26689947
-0.00932939 15.07798576 1.2818135
0.25891921 15.06193924 1.39966512
0.27574497 15.08264351 1.46452415
0.114769 15.19705582 1.56618786
0.19438519 15.18561745 1.6202482
0.37512353 14.99934959 1.3753916
0.28712326 14.98670578 1.25604832
0.34985504 15.06326008 1.49524736
0.62945408 14.88050842 1.36507726
0.70692956 14.76978874 1.19236159
1.0884397 14.48579121 0.93744159
0.15568186 14.31795979 0.32223862
0.11621319 14.49908066 0.52106071
0.16199981 14.53723907 0.59986103
0.12451215 14.56144142 0.61332113
0.21117999 14.22452736 0.27063972
0.08328277 14.81497002 0.88897347
0.22254077 14.74368382 0.89325744
0.18116835 14.87650299 1.04017413
0.37692976 14.74741364 0.98350948
0.37615806 14.70031166 0.92137057
0.29694834 14.58731365 0.73238045
0.31310242 14.82479477 1.05200601
0.46904266 14.71669769 0.99328136
0.45965171 14.77362156 1.06396675
0.5147084 14.84923077 1.19525933
0.4578087 14.66405487 0.9168812
0.55689186 14.56739998 0.84379053
0.70239747 14.49735451 0.83315587
0.64662361 14.72144127 1.09852433
0.8885588 14.56203938 0.97819465
0.88510299 14.5788002 0.99654543
1.00885999 14.35351276 0.76312745
1.16712534 14.22679138 0.65922821
1.06706262 14.26542282 0.68757409
0.2820926 14.27711487 0.36428061
0.29988462 14.08765316 0.17870685
0.39837047 14.16335583 0.33433473
0.39913735 14.08893108 0.26281303
0.38212794 14.46487141 0.63120019
0.45519698 14.16239548 0.36622712
0.57522064 14.2166872 0.48968396
0.53998059 14.43647194 0.69912708
0.61683708 14.39215088 0.68805748
0.7070471 14.24472046 0.57936263
0.7489382 14.45265102 0.80407715
0.72974902 14.20743847 0.55186605
0.9002707 14.1140604 0.53270608
0.83329296 14.35443401 0.74215919
0.96334022 14.17058086 0.59642553
0.87705922 14.31522274 0.71957397
1.00105238 14.20778179 0.63223076
1.01084769 13.99061298 0.44546267
1.22329092 13.96104336 0.43603483
0.49329329 13.93011761 0.17087847
0.55083632 13.94863033 0.22613934
0.66368872 14.01080418 0.34359139
0.67707211 13.97737217 0.32340235
0.73522115 13.79742813 0.20138274
0.89514208 13.97857666 0.41071665
0.77959239 14.03107548 0.41053423
0.91754699 13.81630898 0.28956306
0.87969136 13.78015614 0.24667466
1.19347548 13.80540085 0.31768331
1.01771879 13.95447826 0.41816074
1.14182448 13.73460674 0.26074106
0.71707481 13.64501667 0.07291205
0.89546227 13.57194901 0.11034153
0.97902137 13.55718517 0.12018171
0.98611081 15.58429527 -1.17197585
0.96023953 15.59979057 -1.2474556
0.98986614 15.58836079 -1.16070306
0.83411276 15.76523685 -1.60068393
0.89726007 15.6335783 -1.43271422
0.73187023 15.70853424 -1.92045176
0.76278776 15.75805473 -1.80500424
0.76908535 15.78001976 -1.75392282
0.65267771 15.70168686 -2.09764028
0.6660592 15.82016468 -1.79788947
0.56043971 15.7081356 -1.48912299
0.51016378 15.63781357 -1.29383314
0.54916412 15.67903423 -1.26714778
1.06261659 15.51959896 -0.94901013
0.99441934 15.60023594 -1.11680686
0.93599492 15.72473145 -1.23890579
0.89738458 15.76902485 -1.26328421
0.71034443 15.87178326 -1.45004928
0.64258277 15.80407047 -1.2852639
0.53712493 15.61960316 -1.08723605
0.56906199 15.71526814 -1.14906967
0.51797092 15.54521751 -0.84240627
0.97544634 15.66598225 -1.12095499
1.01652634 15.56681824 -0.99035823
0.93653822 15.69361305 -1.10746276
0.81013846 15.72355556 -1.03593457
0.62663597 15.76718616 -1.18125653
0.61025959 15.71046066 -1.05796528
0.56938279 15.66291714 -1.0041554
0.52250826 15.32186031 -0.43358272
1.15876365 15.23258781 -0.57435119
1.03339934 15.40939045 -0.70976192
0.99859172 15.51513577 -0.82375288
0.93823874 15.48116207 -0.75519246
0.9153446 15.48803139 -0.75180984
0.64829206 15.6145649 -0.84486473
0.71698219 15.4587698 -0.64018047
0.57778925 15.40531158 -0.5467701
0.62492633 15.37167645 -0.50908947
1.11064732 15.17679405 -0.50696295
1.19463468 14.88426495 -0.28502697
0.89440256 15.38072586 -0.62848526
0.89191151 15.32097912 -0.56629133
0.68713623 15.37572384 -0.54264504
0.73345411 15.34522438 -0.52911937
0.68102354 15.3419733 -0.50618738
0.62347233 15.10778713 -0.21802475
1.03635561 14.9826479 -0.32533133
1.00214756 15.0973711 -0.40062177
0.89846307 14.95086098 -0.2524437
0.71861911 15.13804245 -0.32091075
0.73642784 14.99793243 -0.21656072
0.70652097 15.00959015 -0.20223156
0.71484417 14.84007645 -0.06393997
1.08906209 14.7376461 -0.17564657
0.79621476 14.87751102 -0.15324719
0.72875482 14.6933794 0.03184855
0.99294877 14.65744305 -0.10145061
0.97331786 14.60991955 -0.07146037
1.90517724 17.22111511 1.29408801
1.6591562 17.13155937 1.10349751
1.95912313 17.18304634 1.34448838
1.93957663 17.17797089 1.32931507
2.27180862 17.30169678 1.58618712
1.74491382 17.09676361 1.17997324
2.24115634 17.28733826 1.56288183
2.26925778 17.39441109 1.53102255
2.2651794 17.35004997 1.56944728
2.50189018 17.34615135 1.72276235
2.52280807 17.31402397 1.73116624
2.32464552 17.38305283 1.41895056
2.13233089 17.12731361 0.80836594
2.31912708 17.28423119 1.29376161
2.12431526 17.108675 0.77963078
2.0303781 17.04097557 0.61462247
1.36170375 16.92889595 0.88544399
1.638484 17.20793915 1.04235578
1.69688475 17.17058945 1.1186974
1.81462741 17.28981018 1.19381511
1.97148299 17.36685944 1.27231359
1.8571105 17.32586288 1.17681646
2.22011566 17.35046768 1.16339147
2.24618459 17.45898438 1.36120594
2.0483861 17.33760834 0.97861892
1.92203867 17.00650406 0.53623116
2.08901024 17.25437927 0.90265429
1.832196 16.94657707 0.42770478
1.36322856 16.90989876 0.86128122
1.37819231 16.92277336 0.84531021
1.19878232 16.70615768 0.74470484
1.83099937 17.33981514 1.07002032
1.656744 17.22782707 1.03632772
1.60542893 17.14583969 0.82626241
1.94597983 17.3827076 1.00526512
1.81819081 17.09767723 0.5752213
1.92592013 17.19928932 0.71745133
1.73094475 16.89213371 0.33116901
0.93448275 16.32837105 0.53249538
1.19186628 16.67180634 0.65269768
1.43405318 16.93186378 0.69112599
1.408337 16.94236374 0.73463207
1.608585 17.07032013 0.68212348
1.49353695 16.94727898 0.62654054
1.71453094 17.03691483 0.536466
1.58747947 17.01161194 0.60580689
1.59262013 16.87582779 0.41282639
1.56015396 16.58272171 0.03712345
1.54096901 16.65728188 0.16435882
0.9480716 16.24175072 0.46373206
1.09856105 16.46696281 0.51855683
1.09833992 16.44811058 0.49471664
1.33173966 16.75917816 0.5547986
1.37098086 16.78225327 0.53811187
1.26785624 16.58413315 0.43571079
1.23213387 16.53652382 0.42311233
1.53151679 16.71622849 0.263524
1.42215192 16.57275963 0.22677779
1.39974034 16.3764267 -0.01624668
1.38265193 16.34980583 -0.02267543
1.08616722 16.37178993 0.42265564
1.05357337 16.21682358 0.33331397
1.08121574 16.21541786 0.30249524
1.09757805 16.19727516 0.26889426
1.1687032 16.31290436 0.28817135
1.30936611 16.37837982 0.15862764
1.26606536 16.38298607 0.22721094
1.30188811 16.2766571 0.06540762
1.32583988 16.19665146 -0.12412173
0.90505207 15.90553474 0.26349929
0.96170616 15.90700531 0.21221806
1.02679944 16.02441978 0.21513629
1.0335716 15.86064625 0.09065482
1.14533806 15.99090195 0.02996884
1.18687582 16.01532555 -0.01487827
1.20629859 15.98156929 -0.11350629
1.10357487 15.7647171 -0.11295359
0.92536312 15.73141003 0.13898686
0.97519094 15.65771389 0.04773801
0.99688882 15.73260403 0.06108641
0.99264443 15.58321476 -0.03269007
-0.18207011 17.69446945 -0.361121
0.19713989 17.62567329 -0.35840866
-0.21389496 17.79383087 -0.35381228
-0.16123852 17.80186844 -0.35210538
-0.41341788 17.85313034 -0.32978511
-0.5924235 17.78822327 -0.2841031
-0.40956184 17.79885483 -0.20527002
-0.29427552 17.74085236 -0.12439248
0.56715137 17.31553078 -0.37299913
0.32279354 17.53531837 -0.35151017
-0.16342869 17.89024162 -0.23200929
-0.34619558 17.91248703 -0.25332856
-0.11855416 17.78700829 -0.08814812
0.25433391 17.55034637 0.10853906
0.52062273 17.37483788 -0.33058932
0.05809608 17.79051208 -0.25061786
0.21576959 17.71906281 -0.1461467
0.09098528 17.73830032 -0.03637443
0.2637009 17.62020874 0.03648748
0.40140623 17.46490669 0.13870387
0.59445131 17.28654861 -0.33170649
0.59114993 17.30212784 -0.28561038
0.37578973 17.56023026 -0.29569981
0.50457323 17.42532158 -0.17611687
0.41458642 17.51959038 -0.1633743
0.35352284 17.56787491 0.01912207
0.49511907 17.41620636 0.0956095
0.85424525 16.92004204 -0.33484423
0.5927372 17.31761742 -0.24856862
0.62861472 17.25702667 0.01905792
0.62866503 17.25728989 0.11539614
0.64833778 17.24151039 0.15282722
0.88505733 16.91175842 0.23723699
0.75436115 17.05570602 -0.12234761
0.74078196 17.07513428 -0.07081559
0.82151538 16.93444443 0.01988846
0.84926224 16.88890457 0.06061514
0.81823868 16.99416924 0.1802513
0.95946133 16.79135323 0.26551229
0.95527178 16.61905479 -0.08485064
0.9142375 16.72282219 -0.10172166
0.96082187 16.69668388 0.15847388
1.00996208 16.56304932 0.14774559
1.01022196 16.46394157 -0.04716179
0.97056735 16.57169151 -0.051066
1.70270085 18.42113686 -0.35862815
1.74418199 18.36899376 -0.40960777
1.85583282 18.48182678 -0.56761009
1.92535019 18.59378242 -0.71786863
1.86072707 18.57996178 -0.76156515
1.67233348 18.51212502 -0.69950193
1.69799173 18.35918999 -0.34852329
1.63276899 18.32366371 -0.27287233
1.78006303 18.60374832 -0.61992824
1.40839314 18.37369156 -0.54326791
1.54263771 18.22754478 -0.18138885
1.69610476 18.56763649 -0.53014207
1.6177814 18.50909805 -0.46505952
1.38152862 18.37434387 -0.43392652
1.48607886 18.24969673 -0.2108513
1.44958532 18.29779625 -0.28283203
1.33336794 17.90537453 -0.02651927
1.37736487 18.15375519 -0.18732969
1.31152701 18.03765106 -0.13905367
1.31576228 18.22564888 -0.28949594
1.1972121 18.00592613 -0.18779263
1.28850687 17.75967979 0.0329203
1.08093679 17.87813187 -0.17746101
1.0959028 17.63114738 -0.04411647
0.78879684 19.3791008 0.56325841
0.77330929 19.51039886 0.71976548
0.76214629 19.54355431 0.86289966
0.75635189 19.53000832 0.9422254
0.80474931 19.40404129 0.48610896
0.85714561 19.51532745 0.57864201
1.10256565 19.30761147 0.43353266
0.83543086 19.17253494 0.21867287
1.19507551 19.12458611 0.23559138
0.87648314 19.17592049 0.22070085
0.9240607 19.22483444 0.25389868
0.95016176 19.20041275 0.23611723
1.10913062 19.14942169 0.23001747
0.95218456 18.84727669 0.06095682
1.00087643 18.97982025 0.12184457
1.08834338 18.86099243 0.08638266
1.20992506 18.85726166 0.08257278
0.99253744 18.63290596 0.00084186
1.04533184 18.78149796 0.05374852
1.07935667 18.78501129 0.05975385
1.19907773 18.66875267 0.01873115
1.11810935 19.97511482 -0.38108435
1.16000593 19.90766907 -0.29615933
1.0592432 19.99914551 -0.26031035
1.13493812 19.75165749 -0.09475039
1.16722047 19.6406002 -0.06837156
0.20940445 0.45210481 0.01979697
0.12096465 0.25578517 0.08452544
0.29052693 0.91942525 0.17281094
0.28471923 0.78215677 0.08502094
0.25418046 0.72133398 0.11256336
0.09289142 0.26314658 0.10521212
0.02901185 0.1278573 0.09599653
0.10514727 0.64713484 0.19762383
0.2411992 0.83684093 0.1922991
0.05606036 0.70898646 0.22768831
-0.03015164 0.42150217 0.13832611
0.04574195 0.8608638 0.25073805
-0.06436934 0.2158062 0.08626632
-0.06458884 0.12516132 0.06229486
-0.12789825 0.67963678 0.08125241
-0.11301104 0.85946178 0.17368935
-0.16120982 0.88603783 0.06457948
-0.11409906 0.32279176 -0.00340139
-0.10587152 0.67873561 -0.13463756
-0.09727706 0.37690374 -0.06130069
-0.14701553 0.87129927 -0.09455605
-0.12683675 0.52654308 -0.03603156
-0.06468683 0.39905629 -0.11931653
-0.02188457 0.79594052 -0.20972236
-0.03256136 0.60171109 -0.16991831
0.02321444 0.76142526 -0.22297782
0.03204457 -0.00026846 -0.06239575
0.08915434 0.21675165 -0.09495804
0.11410856 0.64870578 -0.1945235
0.14032458 0.62064457 -0.17713723
0.1467721 0.65072 -0.18222228
0.15906504 0.4159309 -0.11261496
0.3264218 0.83704138 -0.02663183
0.23716888 0.65579593 -0.10469683
0.25296623 0.79595518 -0.17078149
-0.12436399 1.80856085 0.09397379
-0.14945687 1.39888442 0.06606817
-0.16005018 1.23432314 0.04791426
-0.17043865 1.01574206 0.07356672
-0.12310038 1.79630935 0.12035867
-0.13263552 1.83387125 -0.04285327
-0.13855274 1.69942188 -0.01797603
-0.12952636 1.86131442 -0.02071137
-0.13210541 1.74057007 0.04078411
-0.11465766 2.21028233 -0.09229102
-0.15699074 1.40705109 -0.04362561
-0.11445011 1.5418725 -0.13910463
-0.1315209 1.6243943 -0.11502068
-0.09219069 1.74247205 -0.15344642
-0.10931954 1.7456255 -0.13369
-0.13827552 1.46760309 -0.11597884
0.02154731 2.25618625 -0.25516868
-0.06329226 1.74475002 -0.18637702
-0.04569501 1.90391064 -0.19770989
0.0152207 1.9105128 -0.26704809
-0.08618508 1.99500704 -0.14634039
0.1168304 1.24422956 -0.27090159
0.106448 1.24393046 -0.27010533
0.08743168 1.12575829 -0.26627272
0.10228714 1.08751607 -0.26663148
-0.00544409 1.34537399 -0.26363701
0.13057883 2.0004344 -0.28717491
0.12440194 1.62331295 -0.27912021
0.1670932 1.68043864 -0.28348956
0.13726699 1.78511953 -0.28334653
0.18891326 2.23769736 -0.29634893
0.30667263 0.99135756 -0.15878804
0.31856436 1.01285803 -0.15088223
0.24168991 0.9501422 -0.21011451
0.27463076 1.90596306 -0.28368679
0.40374786 1.92923796 -0.17451064
0.40877053 1.77234864 -0.15348977
0.32802182 1.71833396 -0.21776617
0.33806252 1.45075727 -0.18063635
0.3943184 1.50109351 -0.13720606
0.40647981 1.93219781 -0.17245632
0.37348628 1.23094559 -0.06368772
0.43577671 1.80482161 -0.07105306
0.39538574 1.38833272 0.00296363
0.34968081 0.95334524 0.03007799
0.46264106 2.05549335 -0.07924298
0.45192853 1.93585956 -0.04532571
0.47914168 2.18078589 -0.03961731
0.39593616 1.38566327 0.01496588
0.4352935 1.73821366 0.0258334
0.24965958 1.02950406 0.21893321
0.37020603 1.1983856 0.10458869
0.31417868 1.22633982 0.1720176
0.28936803 1.05118525 0.17671205
0.33206612 1.16623092 0.14362167
0.34110373 2.13528728 0.26349643
0.43933952 2.08847427 0.14547423
0.44198143 2.12650704 0.14757991
0.3098363 1.46737218 0.20930955
0.32429051 1.57139444 0.20684737
0.09513359 1.14906383 0.26798287
0.23369563 1.66713238 0.27486402
0.2062664 1.59192812 0.27438965
0.29021764 2.07139301 0.28393337
0.11776149 1.30726719 0.27149561
0.13301612 1.85810375 0.28822595
0.06893045 1.53764844 0.28243053
0.18427694 1.83080292 0.28369811
0.14384925 1.99028039 0.29172587
0.03882957 1.53457999 0.28447223
0.03921573 1.96569741 0.27103627
-0.07505909 0.99817288 0.20753804
-0.01522873 1.6566447 0.2351796
-0.0734923 1.44540215 0.19239971
0.03934097 1.7167089 0.28033015
-0.04932474 2.25720835 0.18280482
-0.0390245 1.98344874 0.2021424
-0.08915584 1.84655929 0.16357237
-0.02671656 1.75394368 0.22155887
-0.09321479 1.42082071 0.17612553
0.30176237 2.37917423 -0.28654805
0.25524858 2.88738275 -0.35529912
0.2718021 2.57826304 -0.31876111
0.35035199 2.35749388 -0.26265192
0.31359476 3.18123055 -0.3567149
0.3785623 2.86858773 -0.29808438
0.36082724 2.93248367 -0.31206891
0.46262711 3.17591572 -0.28927797
0.47568524 2.42491865 -0.14980644
0.4567233 2.35988593 -0.17646688
0.49783942 2.83330226 -0.23874332
0.47197625 2.39026666 -0.14709815
0.55113226 2.70335817 -0.05077379
0.53097969 2.40092516 0.00515434
0.57041848 3.01853704 -0.11360259
0.57559335 3.2303524 -0.17644571
0.59303916 2.87373781 -0.00137158
0.59308523 2.90254116 0.03197818
0.53733057 2.49079275 0.02957426
0.46864322 2.27644515 0.11494726
0.52037722 2.64034176 0.11170153
0.42497754 2.35614944 0.23434383
0.49350607 2.81397724 0.22271329
0.59073573 3.04306173 0.07948224
0.53915709 2.93921304 0.16079125
0.47917867 3.07676649 0.2796495
0.31937236 2.33367682 0.27485922
0.43328363 2.57030869 0.25287116
0.45967302 2.78961444 0.26203561
0.33898377 2.9016819 0.31671485
0.24336499 2.7483871 0.33905563
0.25146547 2.88520122 0.34785041
0.27406716 3.06684208 0.35511947
0.19106516 2.84383965 0.33733839
0.23227645 3.04353762 0.36072984
0.19037224 2.89311552 0.33812246
0.0941626 2.61116624 0.28763562
0.01704188 2.70556879 0.25438496
-0.0274083 2.35732055 0.22613575
0.07403131 3.2542851 0.29291448
0.03057302 2.53966355 0.25683668
0.0730602 3.05879426 0.28804952
-0.07403161 2.59007978 0.11115989
-0.0251619 2.81815743 0.22840881
-0.08605207 2.59454775 0.07880992
-0.07947853 2.48800445 0.10253416
-0.0937195 3.10149169 0.0288203
-0.09417889 2.93076277 0.03753272
-0.0422098 3.01390696 0.17154846
-0.10041452 3.2963779 -0.00041449
-0.09494001 2.84358788 0.04057438
-0.09045045 2.40273929 -0.08496764
-0.11041462 2.54126978 -0.03478901
-0.09616847 2.44504595 -0.07047864
-0.09944351 2.36725736 -0.06672365
-0.05882353 3.00517869 -0.12785941
-0.05890123 2.99867916 -0.12797748
-0.0392023 2.71477294 -0.18404563
-0.03048047 2.78667593 -0.20007287
0.00715186 3.31696939 -0.25942945
0.04453056 3.12998176 -0.2832433
0.0922048 2.57455683 -0.28635314
0.02750526 2.33742166 -0.25518605
0.07071465 2.35666275 -0.27221745
0.05937724 3.18396306 -0.29036269
0.09531429 3.23344016 -0.30538017
0.09762179 3.0997901 -0.30265492
0.07140027 3.23868537 -0.29641613
0.1248012 3.2983191 -0.31835699
0.38913116 3.95207763 0.26803017
0.30818403 3.42711997 0.33803043
0.28974035 3.73216653 0.29622719
0.42069757 4.2490797 0.2281816
0.35892266 3.93629217 0.26965705
0.2577669 4.04326391 0.25326285
0.20187892 3.68809724 0.30067253
0.17297319 3.52059436 0.32298452
0.15338722 3.60645771 0.30691382
0.13458964 3.5820899 0.29397315
0.05414255 3.54848409 0.21917084
0.12955508 3.86260819 0.21163526
0.23011367 4.23570538 0.21416362
0.01623536 3.73240304 0.12917027
0.04368197 3.77162552 0.14700335
0.14788568 4.21484137 0.13424541
-0.02732006 3.58108926 0.06783581
-0.03220013 3.53818941 -0.07964399
0.01007667 3.75030994 0.00642014
-0.06268464 3.42027664 0.12003241
-0.01790991 3.60968614 -0.05207308
0.07355452 4.04397678 -0.04885805
0.07536069 4.04448175 -0.10800502
0.04463032 3.66847038 -0.18036203
0.05419486 3.38444018 -0.26155654
0.13208665 3.59942412 -0.27955404
0.00344317 3.37641263 -0.21623182
0.04020673 3.7196455 -0.16321258
0.24655937 4.18986893 -0.23545757
0.18094265 4.18737698 -0.17531227
0.14542754 3.44337559 -0.33167773
0.35364747 3.82009387 -0.28310925
0.355492 3.56540155 -0.31662384
0.26849666 4.1121726 -0.24778557
0.23159191 3.37714386 -0.34608883
0.38309312 3.32943082 -0.34670499
0.40126175 4.24460459 -0.22520337
0.3239361 4.13371372 -0.24284968
0.42113617 4.14478111 -0.23761429
0.55631459 3.40308857 -0.20275474
0.57865071 3.40534687 -0.17861992
0.5937326 3.50016332 -0.15144975
0.52758026 3.42049074 -0.23143595
0.47341979 3.61475897 -0.26667619
0.55355811 4.05245304 -0.1300714
0.48936665 4.30236626 -0.16952223
0.48282552 4.3662529 -0.16907145
0.62616843 3.33400083 -0.06163305
0.62399805 3.38408661 -0.08753785
0.62317139 3.40945721 -0.10953536
0.5773344 4.16828203 -0.08035363
0.6184206 3.47935343 -0.08964007
0.57556003 4.12218857 0.09811308
0.57381576 4.16843796 0.05827536
0.59343094 3.82416391 0.06634565
0.59962362 3.56482744 0.1459365
0.47845513 3.62189198 0.25599805
0.52922601 3.47288442 0.22389784
0.45043033 3.32926774 0.31572044
0.57003093 3.81662416 0.14616509
0.50670528 4.31996536 0.15024923
0.46263015 3.72206759 0.25992316
0.48578954 3.86391449 0.22179255
0.29067835 4.56627178 -0.19604108
0.25982746 4.76237392 -0.16870281
0.29364538 4.80661964 -0.18605389
0.30910483 5.14992428 -0.17822085
0.37328482 5.08138847 -0.21850464
0.34798801 5.12090015 -0.20201738
0.37713316 5.04397726 -0.21958415
0.40134406 5.26780558 -0.21597822
0.39922354 4.87680817 -0.21155339
0.42119706 5.3584795 -0.21175385
0.439426 5.32677889 -0.20639794
0.46563092 5.11097193 -0.19660752
0.56508201 5.02220297 -0.1261739
0.53052527 4.65986586 -0.14672628
0.55501312 4.55589867 -0.09248158
0.57833481 5.20777655 -0.1236541
0.57772315 5.05627823 -0.10800328
0.53946257 4.38838196 0.12386976
0.54605544 4.37131119 0.09543508
0.59331578 4.87457418 0.04085676
0.60830885 5.31046247 0.09097467
0.62234151 5.36197424 0.0509417
0.59121239 5.13704491 0.11269113
0.44855264 4.48992777 0.19171035
0.41118655 4.38524103 0.20968707
0.4833678 4.75992775 0.18089366
0.44225255 4.91901064 0.20985483
0.52673304 5.22050047 0.17153132
0.47630402 5.35082674 0.20479052
0.39310813 5.05624247 0.21004014
0.38085145 4.94455194 0.20960641
0.45506793 5.40707541 0.2176844
0.33922827 5.00848293 0.19674833
0.27577657 5.1906209 0.17139065
0.26118642 5.05882215 0.16422017
0.2388922 4.99899912 0.13393715
0.26420626 5.41484356 0.12071747
0.14002503 4.45658255 0.03747208
0.17018074 4.53366518 -0.07809241
0.14711833 4.5562067 0.0134236
0.16732295 4.73791695 -0.00846247
0.19595234 4.94769907 -0.05324835
0.19479056 4.89681053 -0.06367588
0.21472669 5.2731657 -0.02810042
0.66306955 5.6921258 -0.02301461
0.66654015 5.70898151 -0.04280206
0.56233442 5.47195768 0.15854205
0.47971994 5.48541975 0.20967892
0.36841267 5.43263292 0.1986338
0.29829744 5.5620718 0.15510364
0.26662031 5.45647192 0.1209432
0.33032113 5.58020782 0.19213943
0.22392748 5.51839352 0.05742806
0.22512802 5.57684231 0.0669622
0.24627192 5.60765743 -0.10803087
0.42673597 5.48985481 -0.20647258
0.49783391 5.56825399 -0.20375842
0.4926399 5.53423786 -0.20285706
0.52237189 5.56131172 -0.20147786
0.62968034 5.49474144 -0.08869714
0.54760641 5.43886185 -0.17802715
0.87513691 12.27597904 0.13652541
0.87885022 12.3082037 0.13492562
0.77727932 11.71679115 0.16698711
0.75336438 11.83694839 0.14793701
0.7548328 12.43096733 0.11498636
0.76656359 12.21927357 0.13310122
0.66008663 11.76387405 0.07125793
0.67325586 12.21002865 0.0027926
0.64769983 11.82048798 0.01923411
0.63472086 11.7412796 -0.02176734
0.69222891 12.20531845 -0.06009717
0.69464076 11.8097086 -0.12746249
0.75415021 12.18816948 -0.13151953
0.7968899 12.17312145 -0.14570963
0.80726385 11.93815708 -0.15945056
0.89509356 12.26336765 -0.12815194
0.9472366 12.00221062 -0.08575384
0.95926672 12.4244566 -0.07543816
0.98689342 12.4105835 0.01140576
0.93039906 11.74152946 0.09761117
0.92971212 12.20487022 0.11601648
0.73519814 13.21315861 -0.05183454
0.79297662 12.93197918 -0.13170053
0.76273495 12.95163536 -0.09686777
0.83248502 12.62495518 -0.13797282
0.79196823 12.61044884 -0.13557103
0.88513941 13.21438313 -0.13843083
0.92460293 12.65745449 -0.11675219
0.9549461 13.21452141 -0.11150371
0.96625012 12.88372993 -0.08817988
0.97892576 12.5272398 -0.02219574
1.01497173 13.36559391 -0.06303663
1.0124054 13.21851635 0.01272494
0.98807299 12.65728951 0.03046907
1.00516009 13.09190655 0.05317682
0.96297348 12.49459648 0.07068465
0.98510665 13.185112 0.08006817
0.95408511 13.00823307 0.10592142
0.9034912 12.6666069 0.13535327
0.8140021 12.54385376 0.14061396
0.90493178 13.18834496 0.13617887
0.77905089 12.51797485 0.13073003
0.78674543 12.56007671 0.13574512
0.78159356 13.30159855 0.09807584
0.79181617 13.3105011 0.10689847
0.71721274 12.82947159 -0.00357968
0.72051591 12.95510101 -0.04823082
0.73811847 13.24715233 0.00937977
1.02487838 13.6134901 -0.06051506
1.04052866 14.07210159 -0.05729087
1.05055809 14.34810734 -0.03851653
1.04106855 14.02394199 0.00257229
1.03181195 13.99410152 0.05976736
0.97915864 13.52712727 0.10153618
1.01346159 14.38354588 0.09258474
1.02000451 14.43835735 0.08729094
0.88458681 13.60354328 0.13535611
0.93014526 13.45742989 0.13512525
0.88433111 14.34187317 0.12853575
0.85015011 13.56501484 0.13696811
0.80501741 13.83431721 0.09078076
0.81287813 13.69763184 0.10572563
0.83317447 14.20710659 0.09598437
0.76441115 13.65002537 0.06364568
0.76985633 13.84438038 0.00652222
0.7876417 14.13271046 0.04713152
0.7972067 14.37003326 -0.04573278
0.79756856 13.7887373 -0.08566187
0.78124958 13.5516119 -0.08327033
0.81913918 13.83485889 -0.10612655
0.8377589 14.42443371 -0.08802872
0.88924837 14.20054054 -0.12740111
0.83634013 13.69141102 -0.13207723
0.92034006 13.94184303 -0.1318233
0.90422332 14.24296951 -0.12742747
0.99382317 14.05066681 -0.10129847
1.02021277 13.52356148 -0.06294418
0.8505106 14.80929565 0.07274148
0.87778395 15.09657097 0.08328324
0.90646416 15.55073547 0.0792296
0.90352321 15.58455658 0.07165481
0.83996511 15.12062168 0.02658103
0.82454264 14.86262131 0.01965054
0.86814809 15.32205772 -0.05839499
0.89497679 15.00973225 -0.09865798
0.94283229 15.50327969 -0.10419958
0.9366498 15.09046841 -0.11790887
0.98356253 14.76958656 -0.11461517
0.98022336 15.31011391 -0.10686074
0.96832019 15.38030434 -0.10780576
1.03721964 15.24822521 -0.08539953
1.04737365 15.07732296 -0.06735913
1.06285298 15.4617939 -0.05388304
1.068012 14.75584984 -0.01743584
1.06525278 14.84043407 0.00814301
1.05831981 15.01087666 0.06619873
1.03038132 14.87410259 0.08574072
0.97264153 14.76741028 0.12604146
1.00172579 15.56195641 0.10714368
0.96821159 15.20979118 0.11266364
0.94037443 14.9639225 0.11528861
0.93884605 15.43356037 0.101037
0.96135235 15.53122711 0.10192362
1.01578665 15.96705341 -0.09732613
1.05958641 16.22851753 -0.08632912
1.05889726 15.66969395 -0.07096843
1.11341977 16.34626389 -0.01179581
1.09152341 15.8840723 0.01054685
1.10914862 16.34764481 0.00493515
1.05449867 15.91230965 0.07935617
1.02824497 16.28663826 0.09929058
0.96342146 15.76597214 0.0984653
0.9478606 16.36884308 0.08362002
0.89761543 15.87574005 0.04047853
0.91818064 16.27966118 0.04313127
0.88613069 15.66923523 -0.03407875
0.92474294 16.40811729 -0.05048379
0.90683961 15.73185444 -0.0726723
0.9601326 16.04363823 -0.09278039
1.0812887 16.63760567 0.07103173
1.05658174 16.55189323 0.08974963
1.07120228 17.21287346 0.08476697
0.97738087 16.51961327 0.09138176
1.01302993 17.00308418 0.08559112
0.99224454 17.20542717 0.07249466
0.95849341 16.97670746 0.0469519
0.93596762 16.81141853 -0.00186491
0.94969589 16.97577477 -0.03915676