# .PCD v0.7 - Point Cloud Data file format
VERSION 0.7
FIELDS x y z
SIZE 4 4 4
TYPE F F F
COUNT 1 1 1
WIDTH 2434
HEIGHT 1
VIEWPOINT 0 0 0 1 0 0 0
POINTS 2434
DATA ascii
-0.70297128 1.91479719 0.01795544
-0.54693562 1.9838053 0.04963303
-0.63242352 1.89429545 0.01929612
-0.23703201 1.9170233 0.06123469
-0.09411381 1.57928443 -0.01056794
0.11704039 1.69001341 0.03698
0.09196214 1.69952559 0.03705591
0.03632254 1.64938688 0.01894318
0.21874475 1.59580815 0.02196598
0.1753847 1.47400475 -0.01233011
1.3490901 1.19783461 0.0255427
1.46185684 1.38376081 0.08286423
1.15831745 1.21658909 0.01289049
1.41553843 1.25939453 0.04736201
1.39806211 1.30686998 0.05767086
1.30899096 1.36025476 0.06278142
0.97074646 1.22042859 -0.00323489
1.1734972 1.37712598 0.05462895
1.08274901 1.48665559 0.07394465
0.91318387 1.19001269 -0.01624428
0.83914053 1.21674645 -0.01588549
0.84053957 1.31436777 0.00819759
0.80586869 1.24693131 -0.01176258
0.75496435 1.52909291 0.05493613
0.65155071 1.31671381 -0.00872248
0.54976314 1.43895161 0.0132034
0.40629742 1.5610677 0.03077023
-0.65344322 2.80032015 0.05879781
-0.56775993 2.77117872 0.05916984
-0.27979171 2.65818644 0.05752539
-0.42537856 2.58342838 0.02508926
-0.0449868 2.57386827 0.05773752
0.06010339 2.3993125 0.02298445
0.28235021 2.46836066 0.06071378
0.29861495 2.31420851 0.02374394
0.19514973 2.29637814 0.0099216
0.27207327 2.13762093 -0.02313573
0.5518356 2.26212239 0.03391218
0.56908059 2.24024057 0.02995459
0.49584913 2.10455012 -0.01068695
1.7919569 1.9987489 0.08124999
1.26869214 1.8740809 0.00186639
1.44652593 1.99710894 0.04903165
1.47038865 2.07819414 0.07172029
1.2579031 1.96664464 0.02424962
1.30272114 1.98545754 0.03324565
1.09855807 1.93408024 0.00102239
0.95100307 1.97217798 -0.0023192
0.98119354 2.10914493 0.03476778
1.15023804 2.18739772 0.06954853
0.87388647 1.87566221 -0.03397456
0.85794836 1.9508543 -0.01662089
0.77466649 2.04429221 -0.00025633
0.76993454 2.08440232 0.00918419
0.74984074 2.17655277 0.03006217
0.61845237 2.00331855 -0.02505035
0.64123321 2.10764742 0.00299702
-0.37226269 3.53044868 0.09091657
-0.04415834 3.32449746 0.06876052
-0.18950738 3.23580384 0.03329969
-0.09952649 3.0748837 0.00061536
0.04332729 3.0508604 0.00813676
0.25275812 3.27563715 0.08331765
0.41363779 2.9716742 0.02204498
0.47408652 2.98691082 0.03135497
0.51646525 2.87837481 0.00758418
0.38672674 2.88088393 -0.00363593
0.57142317 2.88165307 0.01341732
0.76903319 2.77669978 0.00506874
2.22299886 2.56972051 0.08608448
2.00986028 2.59806347 0.07381412
1.69268239 2.76215005 0.08658417
1.28062117 2.46313596 -0.02676707
1.25663805 2.51259255 -0.01672738
1.32813334 2.60987234 0.01505845
1.21174622 2.59927154 0.0016488
1.35207713 2.74693203 0.05092103
1.16409099 2.74800467 0.03425416
0.81633925 2.70926046 -0.00694919
-0.1529991 3.90834022 0.0360962
0.14383581 3.97056746 0.07906615
0.00678076 3.98076725 0.06911545
0.33805311 3.87071705 0.07154766
0.18167022 3.77923942 0.0340741
0.24748382 3.75784683 0.03473447
0.114682 3.69289422 0.00619027
0.41524532 3.85189342 0.07381862
0.4197827 3.77856541 0.05571923
0.68369442 3.48727226 0.00650088
2.41877246 2.97416973 0.03638669
2.40887451 3.03772283 0.05172814
2.40724063 3.07963705 0.06180338
2.38899231 3.12767363 0.07233561
2.00047112 2.95703983 -0.00574999
2.08183885 3.18898368 0.06005609
2.24329567 3.17972112 0.07250525
1.82239747 3.0995419 0.01388821
1.92298269 3.24323559 0.05883848
1.64295912 3.25044417 0.03483155
1.65789771 3.32748246 0.05547447
1.49483204 3.09671068 -0.01724369
1.6054374 3.31266737 0.04710956
1.34079742 3.13484216 -0.02187249
1.31312978 3.18553257 -0.01104136
1.48659599 3.39073706 0.0564244
1.33020926 3.39913249 0.04381306
1.03752303 3.20501971 -0.03199158
1.07852149 3.25323534 -0.0161685
0.20281917 4.6682725 0.09791123
0.25229248 4.5626955 0.0756788
0.14718665 4.4631567 0.04090863
0.11527979 4.38495493 0.01846605
0.48053062 4.55946016 0.09591258
0.40909055 4.46287155 0.06491981
0.33386678 4.41733217 0.04657857
0.28888297 4.27779865 0.00767104
0.65128195 4.4871788 0.09340663
0.67703801 4.38414383 0.06986149
0.6245532 4.3952446 0.0677714
0.48790926 4.32727432 0.03810727
0.61394757 4.05982447 -0.01751879
0.82593995 3.96326637 -0.02254571
1.01356685 4.08143711 0.02408055
1.11603665 3.97668481 0.00770432
1.17665303 3.91385984 -0.00256624
2.337219 3.48114848 -0.00561864
2.71667027 3.52058077 0.03897951
2.61665559 3.68537259 0.07178719
2.23948288 3.53098392 -0.00210046
2.44671607 3.71690702 0.06411306
2.2643342 3.82319283 0.07410213
2.16405606 3.60933781 0.01106169
2.17550802 3.77173567 0.05307299
2.09010458 3.9095521 0.07948478
1.90598953 3.59730387 -0.01567727
1.83267713 3.72374177 0.00967167
2.01366305 3.82872128 0.0522731
1.73657131 3.57399249 -0.03733635
1.6647433 3.78908443 0.01042498
1.68442547 3.83406162 0.02364314
1.5364815 3.68036222 -0.02882928
1.37938499 3.84457707 -0.00141602
1.25663435 3.81641078 -0.02002678
1.27449763 3.98477244 0.02387059
0.11904949 5.10270786 0.0439624
0.01972408 5.00153875 0.0092759
0.06344961 4.93106556 -0.00414303
0.77091855 4.99339056 0.07592936
0.50368518 4.90265226 0.02926196
0.45602158 4.77194214 -0.00853766
0.57075989 4.67478704 -0.0220064
0.78967017 4.8085804 0.03129008
0.92297149 4.5859437 -0.01227198
1.14637613 4.68879795 0.03391455
0.99876094 4.6056776 -0.00042941
1.27691531 4.5610261 0.01351094
1.29149115 4.38917494 -0.02810669
2.88881302 4.24962234 0.08273599
2.94052005 4.29689598 0.099415
2.5650816 4.20404768 0.04182648
2.37681556 4.30281639 0.04951898
2.4097836 4.42646313 0.08388583
2.32822227 4.48740816 0.09182233
2.27079344 4.35018539 0.05187557
1.86160791 4.20412445 -0.02276721
1.96637201 4.40510511 0.03739992
2.05635118 4.47821665 0.06426494
1.75608432 4.26112175 -0.01785405
1.8077203 4.52456903 0.05291428
1.67468095 4.29908657 -0.01596884
1.68273747 4.49345112 0.03368133
1.59738386 4.55414438 0.04148599
0.77953738 5.6566534 0.09506037
0.51444793 5.58149099 0.05141333
0.43518198 5.61652708 0.05322623
0.58177179 5.52695084 0.04356271
0.86289024 5.50831413 0.06535567
0.67451829 5.4919939 0.04338865
0.66499466 5.40200186 0.02038294
0.73113018 5.32690668 0.00762493
1.07902932 5.41966629 0.06231096
0.91160411 5.26621628 0.00842411
0.82317591 5.20538235 -0.01463332
0.86365753 5.17978573 -0.01754386
1.09073853 5.3043766 0.03461752
1.12480891 5.17914104 0.00613836
0.99814719 5.14972925 -0.01299216
0.9344039 5.1088891 -0.02902147
1.30564296 5.38461637 0.07457113
1.38507092 5.25435448 0.04856148
1.18437636 5.17833948 0.01142545
1.17564607 5.02448893 -0.02807325
1.35678971 5.05942726 -0.00282391
1.52812481 4.931499 -0.01870357
3.06710649 4.83110523 0.09650515
2.6724112 4.67927408 0.02220478
2.73414135 4.73334503 0.04138783
2.8044076 4.88325357 0.08532362
2.94190598 4.92830992 0.10935636
2.65240312 4.88202238 0.07125901
2.51323771 5.00988722 0.0905409
2.34899259 4.70741367 -0.00014812
2.32218266 4.82258844 0.02633466
2.35711932 4.99265528 0.07177626
2.42224932 5.11057997 0.10799139
2.25186133 4.88482046 0.03539518
2.10003424 4.82620287 0.00637224
2.22366381 4.98132324 0.05670397
2.16514254 5.05453014 0.07041648
1.80990911 4.75102139 -0.03871246
1.87562442 4.93349266 0.01355072
1.62918556 4.89682245 -0.01888882
0.45288733 6.38095522 0.10342522
0.50251287 6.24960327 0.07503112
0.98778439 6.10680437 0.08361595
0.9035489 6.04565048 0.06065714
0.90376246 5.99499369 0.04748292
0.81262338 5.92106867 0.02065451
1.18427777 6.03809929 0.08470133
1.30667925 5.93928289 0.0704708
1.28061736 5.92126131 0.06357845
1.25428891 5.83383751 0.03926724
1.3113966 5.6591363 0.00091518
1.59139264 5.65382957 0.02517061
1.72054446 5.59963083 0.02331896
3.21969724 5.14875841 0.0470201
2.94697952 5.17445278 0.02852246
3.00137496 5.29582071 0.06384629
2.58722448 5.10697603 -0.02125621
2.78264642 5.21598005 0.02386587
2.72843671 5.27689123 0.03414448
2.7316494 5.43994236 0.0754295
2.47428226 5.17430925 -0.01492625
2.28253245 5.26798773 -0.00884058
2.44873691 5.39049816 0.03728743
2.17578697 5.41901588 0.01920131
1.94358087 5.46214914 0.00876826
1.81992364 5.3573451 -0.02867478
1.90089202 5.56490469 0.03070871
0.83470392 6.72975111 0.08815014
0.68777174 6.73662901 0.07660446
0.63594419 6.65257311 0.05089873
0.95487404 6.7031579 0.09235379
0.91214687 6.63013458 0.07056742
0.72043812 6.64703321 0.05721727
0.76874524 6.47689486 0.01844186
0.9263916 6.38855457 0.01070347
1.05083477 6.41723633 0.0294702
1.29480124 6.46897221 0.06481849
1.32572258 6.35541344 0.03922363
1.17431486 6.33069706 0.01926802
1.57450879 6.35721636 0.06223967
1.5657922 6.26021194 0.03699881
1.38884676 6.166255 -0.0025886
1.74992716 6.26726151 0.05554455
1.54433262 6.2019515 0.02048946
1.86246681 6.13551521 0.03312666
1.63478208 6.05101538 -0.00884091
1.69882011 5.96091795 -0.02615727
3.28103328 5.6203928 0.03324902
3.44370818 5.68217707 0.06359564
3.20765972 5.94554996 0.10808159
3.08557272 5.69370604 0.03388267
3.16249061 5.87265682 0.08586526
3.1356945 5.92718887 0.09694063
2.96795034 5.69463015 0.02339207
2.8945775 5.79587269 0.04184365
3.05500484 5.82727575 0.06456491
2.87495804 5.8829236 0.06217966
2.98236465 5.93729687 0.08548342
2.72770786 5.8573823 0.04223495
2.84280252 5.92070198 0.06885897
2.71112108 6.00136423 0.07680027
2.54456592 5.64591265 -0.02820893
2.51066113 5.78278208 0.00349028
2.29699421 5.99508476 0.03745771
2.21772575 5.95146084 0.01944663
0.82815796 7.24510717 0.08445521
0.68840778 7.24130106 0.0707941
0.80466974 7.05799675 0.03478921
1.3303268 7.10560608 0.09504043
0.92111027 6.9618454 0.02138556
1.21795738 6.92284822 0.03864758
1.43419099 6.9256897 0.05897486
1.76710725 6.82265186 0.06403244
1.63226688 6.60438728 -0.0033859
1.501248 6.53484058 -0.03307832
1.83970416 6.53535652 -0.00165341
1.91063404 6.39635992 -0.03017676
3.55779266 6.06656981 0.03776206
3.599787 6.21138525 0.07819575
3.35756946 6.2608676 0.0686626
2.99641585 6.0416584 -0.01964754
2.95351505 6.07345629 -0.01568133
3.14966965 6.22259855 0.03978136
3.20350552 6.25601816 0.05328396
3.07429624 6.29078197 0.04991094
3.01504421 6.4013238 0.07236385
2.77182508 6.14924526 -0.01350365
2.91437149 6.16618633 0.00370776
2.83949423 6.42210817 0.06167152
2.61280012 6.30254602 0.01058041
2.65481186 6.32630539 0.02032107
2.55184412 6.32396936 0.01047388
2.59553933 6.36654186 0.02515585
2.63933277 6.54157829 0.07367995
2.30276132 6.26576805 -0.02696519
2.40549755 6.46628284 0.03318636
2.23956347 6.26087379 -0.03402435
2.34808564 6.54066038 0.04634392
1.06092608 7.69359589 0.09061681
0.82529235 7.68174791 0.06589846
1.30416536 7.51638222 0.06836443
1.35989738 7.45732498 0.05861206
1.54935825 7.40183067 0.06186392
1.32128763 7.44365168 0.05166937
1.29422748 7.32561159 0.01917567
1.63626277 7.39945745 0.06898695
1.8213253 7.09348774 0.00934765
1.88124871 7.06410408 0.00744048
1.92507088 6.92688036 -0.02329606
2.25937724 6.86641598 -0.00779686
3.80532384 6.4322648 0.02450551
3.71920824 6.61666536 0.06265908
3.247648 6.42576647 -0.02808241
3.5635047 6.50682116 0.02093549
3.4676826 6.68013668 0.05573675
3.26940036 6.48928833 -0.01000339
3.23732543 6.55815601 0.00408428
3.34127593 6.62212896 0.02988633
3.35562301 6.73545408 0.05953547
3.012748 6.50451994 -0.03012213
2.93550515 6.59669828 -0.01345746
2.98114729 6.64383316 0.00253008
3.07248092 6.73973751 0.0350839
2.82975459 6.61906433 -0.01780471
2.93737173 6.81184435 0.04037336
2.90557432 6.87662792 0.05354204
2.6321435 6.65960598 -0.0261722
2.6954093 6.97525263 0.05909283
2.52530956 6.66564226 -0.03435465
2.34660316 6.70323753 -0.04091694
2.28684402 6.79946375 -0.02196461
2.44893384 6.88503075 0.01377738
1.33343244 8.08829498 0.09126402
1.27145517 8.07523537 0.08239005
1.07540596 8.08203316 0.06634456
1.07493901 7.98520756 0.04160182
1.26117074 7.86218548 0.02807189
1.41056383 7.75388527 0.01442434
1.80715013 7.92775726 0.09439139
1.61675584 7.9246068 0.07609675
1.64298129 7.86327839 0.06295865
1.48827112 7.83256674 0.04116102
1.8966378 7.7680254 0.06207345
1.76187432 7.71637249 0.03708944
1.70405567 7.62890577 0.00930711
1.63853431 7.58139706 -0.00823998
1.98336434 7.67676687 0.04728975
1.86825776 7.47273731 -0.01447815
2.10191107 7.50586367 0.01517106
2.24402833 7.53272867 0.03516781
2.14765215 7.39656401 -0.00851093
3.94839334 7.0645175 0.07302868
3.74158835 7.21186638 0.09145596
3.61512113 6.99119806 0.02411094
3.59196544 7.03271914 0.03260978
3.75423121 7.13222837 0.07209738
3.59914184 7.21077633 0.07794838
3.4390974 6.98909664 0.00720556
3.48082519 7.00985622 0.01640766
3.28865647 7.07700586 0.01573307
3.40719199 7.28199911 0.07817554
3.06906557 7.00138283 -0.02301077
3.2338686 7.35836554 0.0816739
3.00438094 7.06398439 -0.01333009
2.96031737 7.10971403 -0.00594235
3.042799 7.25641441 0.03827946
3.07957435 7.29525232 0.05141729
3.1270225 7.3979001 0.08211037
2.89035225 7.33637094 0.04473523
2.71984816 7.18139172 -0.01013027
2.64456534 7.24877691 -5.482e-05
2.7725215 7.33587837 0.03412301
2.48895431 7.1695962 -0.03375601
2.50043559 7.20280218 -0.02443168
1.40458012 8.44946098 0.06923654
1.59971225 8.49315453 0.09876459
1.66355681 8.39157104 0.07865794
1.63398933 8.11133575 0.00503893
1.87535775 8.38289833 0.09639014
1.80618227 8.31374454 0.07207621
1.75571966 8.06280518 0.00412056
2.16274405 8.24695587 0.08783191
1.92526603 8.23416424 0.06299852
2.17826867 8.04680538 0.03890679
2.18216395 7.95264196 0.01544923
2.39991426 8.01865578 0.05228343
2.36753011 7.9895215 0.04186135
2.27522945 7.9142189 0.01436095
2.51259089 7.88946915 0.03024373
2.36529231 7.75665283 -0.01712213
2.59422398 7.84334803 0.02617121
2.51848555 7.76451302 -0.00076633
2.47304916 7.70195389 -0.02079236
3.78090429 7.43076134 0.03115847
3.993541 7.53900671 0.07741597
3.93290138 7.61774063 0.09152394
4.00555086 7.67300224 0.11247358
3.84877825 7.71020794 0.1071986
3.65829515 7.49218082 0.03477524
3.79273486 7.65180206 0.08753985
3.81056452 7.66694021 0.09289151
3.25367713 7.63702536 0.03467162
3.11603832 7.44659996 -0.02593598
3.16772246 7.59937668 0.01718348
3.0847311 7.73460817 0.04376376
3.13983583 7.75710344 0.05456292
2.99826813 7.68405151 0.02314252
3.07500076 7.8778863 0.07883102
1.73020077 8.88591194 0.09443636
1.4428426 8.92971325 0.07942697
1.59859478 8.80333042 0.06124727
1.46342885 8.77387905 0.04206588
1.54373515 8.6927948 0.02867915
1.71799266 8.7462883 0.05799951
1.70124006 8.72970963 0.05244822
1.78313661 8.59647179 0.02680619
1.85617113 8.67136765 0.05234438
1.81088281 8.59111786 0.02805109
2.2958951 8.61590481 0.07831904
2.18120193 8.51406384 0.04240246
2.1072495 8.46180725 0.02271716
2.31450081 8.31306362 0.00350064
2.52988911 8.40496826 0.04704219
2.39097333 8.3234129 0.01315095
2.26298714 8.18832874 -0.03242186
2.50908136 8.23575783 0.00198596
2.56833005 8.19491959 -0.00266403
2.67391348 8.16706371 0.00029973
3.93746448 7.84488773 0.03449549
4.12913322 7.93483686 0.07452528
3.87481737 7.91456413 0.04621822
3.76401854 7.92237139 0.03824324
3.87024331 7.99660778 0.06682099
3.86179829 8.05946159 0.08168808
3.54714584 7.93386412 0.02173193
3.73265243 8.00013256 0.05523852
3.581774 8.08549213 0.06278837
3.69656301 8.12719154 0.08363511
3.39038706 7.99306107 0.02220177
3.57066059 8.10240746 0.06598351
3.43771553 8.09665871 0.05244193
3.17257476 8.04007435 0.01398403
3.14561343 8.14515972 0.03766828
3.1771059 8.28579617 0.07629867
3.00745296 7.98378754 -0.01597912
2.98509812 7.99208784 -0.01588635
3.04733801 8.15377808 0.03079521
2.92623281 8.20903015 0.03368791
2.84434509 8.08177471 -0.00602928
1.65031326 9.32419014 0.08700009
1.81993926 9.22035694 0.07660838
1.64052737 9.25078011 0.06781939
1.63248265 9.21163177 0.05715541
2.08623195 9.21674728 0.09945267
2.14048791 9.15175724 0.08830021
2.00526977 9.15203762 0.07624501
1.93821967 9.06315804 0.04735053
2.13233185 9.11164856 0.07761072
2.06397343 9.04326534 0.05370086
2.44420314 9.00640202 0.07941478
2.27097273 8.95893192 0.05135901
2.2568059 8.71112728 -0.01156504
2.63200283 8.89572716 0.06864697
2.4593904 8.68558884 0.00064342
2.76531482 8.83028316 0.06455396
2.73993564 8.77680874 0.04890729
2.70550632 8.69890404 0.02621696
2.72996688 8.68697071 0.02535245
2.90538311 8.63389397 0.02820291
3.73299241 8.17690372 -0.01084349
4.00111675 8.48365211 0.09032189
3.88325524 8.48774719 0.08070989
3.73944378 8.2189827 0.0002727
3.69630027 8.24354553 0.00249256
3.5406909 8.36800003 0.01920455
3.66060758 8.46285534 0.05387942
3.55148768 8.42933369 0.03555257
3.5252974 8.50941277 0.05326398
3.53733087 8.52745819 0.05888593
3.29998326 8.27159595 -0.02695807
3.26893854 8.59137917 0.05058037
3.24165487 8.62114811 0.05540079
3.0422864 8.35113907 -0.03068562
3.08147645 8.41720963 -0.01053132
3.13488388 8.45797539 0.00475234
2.91870427 8.5644989 0.01201761
1.94409704 9.61908722 0.08130073
1.93156409 9.56178379 0.06556512
1.92084539 9.51621437 0.05318564
2.13362837 9.52219677 0.07423744
1.96919775 9.51846218 0.05823664
2.1868329 9.41495705 0.05192235
2.42159581 9.30957699 0.04732621
2.35021973 9.22800064 0.01994895
2.38315678 9.19206047 0.01392171
2.64682484 9.19467926 0.0390161
2.52752829 9.18222523 0.02498233
2.81213522 9.16718006 0.04705231
2.67405128 9.07078075 0.01034917
2.56256914 8.96969795 -0.02579872
2.90627813 9.12042332 0.04388084
2.86555982 9.08172894 0.030561
2.81554031 8.98791599 0.00235187
2.94551969 8.95828056 0.0069256
4.3167181 8.53481102 0.02582436
4.02852535 8.6308279 0.02376961
4.03702307 8.71004105 0.04432173
3.84651732 8.7508316 0.03738297
3.58021188 8.57722282 -0.03113165
3.6369729 8.82989979 0.03803622
3.64341044 8.9116993 0.05906346
3.50120521 8.77654552 0.01176864
3.4126544 8.7321949 -0.00753502
3.33438301 8.86048317 0.01745967
3.46833539 8.90592289 0.04148699
3.22533393 8.75972176 -0.01756453
3.14066458 8.77197456 -0.02187555
3.27935505 8.97295189 0.04119422
3.09634995 8.7669754 -0.02726658
2.33397675 9.89407253 0.08378182
2.23929501 9.88166523 0.0717001
2.07558584 9.86110973 0.05205453
2.10721064 9.77425766 0.03281899
2.09211922 9.75356007 0.026028
2.39739704 9.86699867 0.0827272
2.16162848 9.77626324 0.03827104
2.23329854 9.73297405 0.03374407
2.49535894 9.74159527 0.06018142
2.48963332 9.71677017 0.05327397
2.57224298 9.64768124 0.04374621
2.60223317 9.56541729 0.02524935
2.50323653 9.41843605 -0.02072437
3.07846618 9.47866726 0.0473304
2.94377112 9.30709362 -0.00815755
4.4305315 9.08241844 0.07150337
4.33873034 9.11758614 0.07197787
4.09760714 9.03703022 0.02928973
3.99064684 9.15387344 0.0488898
3.65820098 9.21797943 0.03461687
3.55210042 9.25161839 0.03385825
3.34601951 9.1564579 -0.00942454
3.27578235 9.18326473 -0.00900287
3.42377377 9.28260136 0.02950384
3.28368497 9.24104595 0.00641084
3.27692628 9.31513977 0.02446618
2.43229747 10.22657108 0.07747532
2.24541759 10.22173786 0.05874552
2.32474136 10.17608261 0.05442938
2.72488022 10.11700821 0.07622831
2.54966164 10.08393192 0.05195829
2.63795829 10.04706097 0.05101349
2.51645589 10.06179237 0.04343703
2.64920044 9.95843887 0.03009998
2.49279833 9.9848938 0.02207433
2.84722066 9.90724277 0.03506382
2.85104847 9.80421162 0.0096766
3.1425631 9.71096992 0.0128393
3.20634222 9.71888161 0.02054803
3.20053816 9.67533493 0.00915078
3.16256428 9.60029602 -0.01308694
4.26262283 9.53061581 0.0697489
4.14393473 9.61081409 0.07934512
4.08853006 9.44969463 0.03386976
3.80005884 9.3990984 -0.00567517
3.86917162 9.51857662 0.03082566
3.7896893 9.46475506 0.01001696
3.71115613 9.49864292 0.01127281
3.67968559 9.56331444 0.02484295
3.76086736 9.70504665 0.06790444
3.52466249 9.46442509 -0.01477724
3.6105113 9.64747334 0.0399921
3.46055841 9.56082916 0.00385713
3.38830066 9.67880344 0.02739479
2.2923665 10.55406666 0.05187754
2.40992141 10.47566605 0.04298678
2.5944109 10.23936367 0.00034142
3.09749603 10.19711494 0.03573382
2.92655325 10.12782383 0.00278027
3.38821435 10.04740524 0.02493805
3.33816838 9.90815926 -0.0144918
4.48736906 9.672019 0.03139053
4.44968224 9.70712852 0.03662381
4.50453472 9.7911787 0.06267645
4.40840578 9.84644222 0.067634
4.22360945 9.94705105 0.07611724
4.18020821 9.8091116 0.036952
4.15539312 9.95352459 0.07131968
4.01696682 9.74461269 0.00661725
3.98741174 9.85127926 0.03036779
4.0473361 9.92719555 0.05500931
3.7462337 9.7432766 -0.01907469
3.88857341 9.84285069 0.01934403
3.80815649 10.03007603 0.05917647
3.56770778 9.84400272 -0.0097892
3.52637529 9.93685532 0.00959177
3.70144701 10.04995823 0.05384148
2.64848399 10.89813995 0.08012055
2.61743093 10.69417286 0.0263247
2.79348302 10.62689114 0.02488391
2.76675081 10.5902462 0.01322048
2.95507526 10.6531496 0.04650587
2.92402983 10.55652332 0.01963081
3.08530664 10.66311646 0.06116809
3.1651237 10.61604786 0.05663213
3.00831532 10.6145916 0.04160286
2.96462321 10.4858675 0.00541739
3.29670405 10.60186481 0.06513694
3.31034231 10.46574974 0.03229304
3.29335523 10.45316315 0.02759241
3.3378284 10.3170166 -0.00272366
3.31605124 10.30671883 -0.00736248
3.509202 10.2973938 0.0076166
3.45070314 10.2532177 -0.00890316
3.36595273 10.22092342 -0.024805
4.51940632 10.0486002 0.03805546
4.41141272 10.02552032 0.02222899
4.20761681 10.10460567 0.02348247
4.12668514 10.16249847 0.03014905
3.98177624 10.23606968 0.03586086
3.6420536 10.1873579 -0.00785479
3.56028748 10.19582844 -0.01301219
2.85240054 10.97197914 0.03052403
3.23849082 10.88818359 0.04446882
3.14076018 10.8345232 0.0220639
3.14519262 10.77860355 0.00825003
3.29767418 10.78073311 0.02299622
3.25739241 10.65965748 -0.01135005
3.52951264 10.73462772 0.03211521
3.52354217 10.67431545 0.01656909
4.04690599 10.34987831 -0.01687161
4.14796543 10.45286369 0.01838718
4.01946926 10.40467834 -0.00607101
3.88135076 10.64590836 0.04245262
3.68226671 10.50033474 -0.01252861
3.00586224 11.38141918 0.06390478
2.98725677 11.23811817 0.02595477
3.09153271 11.23184204 0.03386044
3.27927613 11.17865849 0.03807374
3.22219825 11.11192226 0.01612145
3.45245814 11.21599007 0.06342051
3.43306994 11.15814209 0.0466556
3.3695488 11.08836842 0.02349449
3.63405943 11.0333271 0.03405549
3.59369493 10.96195126 0.01244893
4.66194344 10.60468578 0.01988932
4.75800705 10.64086246 0.03845958
4.43874502 10.66437817 0.01455536
4.43649244 10.78005409 0.04371079
4.21671867 10.79178715 0.02637156
3.9861927 10.67257786 -0.02440165
3.07184076 11.45350647 0.00853861
3.27241921 11.5507431 0.05191057
3.56235981 11.32993984 0.02295161
3.61314178 11.18889618 -0.00814781
4.35325956 10.94206524 -0.00281609
4.2685771 10.93161583 -0.01318335
4.08152342 11.16644764 0.02914425
3.31431866 11.71798515 0.02400525
3.40239787 11.65503788 0.01588071
3.742275 11.54905224 0.02085542
4.49649334 11.26656628 0.01832134
4.60662174 11.29916191 0.03658745
4.35796785 11.23986244 -0.00035956
4.46085358 11.35247326 0.03724637
4.25763464 11.40979862 0.03296825
4.2032814 11.46531391 0.04195469
3.36821961 11.9127779 0.01274956
3.54028821 11.89153004 0.02339833
3.60516572 11.89070415 0.02925562
3.80390549 11.8442297 0.03534951
3.81815195 11.79591179 0.0242582
4.39517355 11.56807709 0.02037331
4.41568613 11.60448265 0.03145569
4.43112087 11.65441227 0.04555985
4.09190464 11.62900543 0.00731768
4.0262537 11.6360817 0.00354312
3.56484365 12.13888168 0.03231821
3.70077872 12.0583353 0.02462596
3.80740738 12.04649448 0.0319932
3.84500861 11.96837997 0.01517768
4.6887517 11.6887722 0.02227868
4.67202854 11.72341728 0.02891951
4.32337761 11.70364475 -0.0077077
4.16389227 11.87849426 0.02189638
4.39684916 11.99398422 0.02704969
4.32910585 12.00927448 0.02466682
4.51101828 12.08862305 0.02650076
0.10612927 0.8134312 0.00392857
0.40596816 1.70728266 -0.02499286
0.69334859 2.45404077 0.01928933
0.7111513 2.60251951 0.01270762
0.89626813 3.03090668 0.02210595
0.82332665 2.90350246 0.01809731
0.84335357 2.95317936 -0.01880189
1.0064187 3.31217885 -0.01915432
1.19617105 3.89927864 -0.02204202
1.39576232 4.41441774 0.02345611
1.24183464 4.05607843 -0.01659526
1.23725569 3.97909427 -0.02347993
1.26712692 4.01737165 -0.01543201
1.46436119 4.55914068 0.0142799
1.59124053 4.91077614 -0.01786633
1.67347622 5.26066732 -0.00081546
1.67858219 5.14439964 -0.01232237
1.92012167 5.8141551 0.01657711
1.78340685 5.50873184 -0.02274418
2.00231862 6.13838053 0.01880565
2.03154516 6.24245596 0.00334073
2.02632809 6.12988424 -0.02110194
2.13630557 6.40409231 -0.01328171
2.17759466 6.53627253 -0.01977995
2.30680847 6.86643744 -0.00926391
2.33298731 6.93065166 0.00257177
2.28580308 6.92147493 0.01805125
2.57228065 7.60049057 0.01304488
2.54824615 7.54811239 0.01912718
2.53593302 7.5423398 0.02285177
2.53395486 7.62448978 0.00109298
2.73674703 8.07051849 0.0195768
2.58719587 7.75898314 0.01131593
2.6362195 7.89255142 -0.01281513
2.67336869 7.87877131 -0.01309183
2.68935728 7.91587639 -0.00654013
2.90477347 8.5101099 0.00964353
2.94093847 8.60000038 0.00097959
3.35005617 9.80003738 -0.02442851
3.42450809 10.05929279 -0.01144004
3.39723349 9.97862816 -0.01664459
3.56476068 10.39019108 -0.02446963
3.70518875 10.84330845 0.00188149
3.69415736 10.69058704 -0.01821717
3.7940259 11.07088661 0.01566791
3.81308556 11.0528183 -0.02303059
3.92753386 11.35131931 0.0209221
3.82260418 11.15737629 -0.00809085
3.84882998 11.20404339 -0.01994039
3.97780609 11.49622726 0.02177219
4.06197119 11.69870472 0.01757711
4.12501097 11.86389637 0.0108721
4.1954422 12.08251381 0.02011239
-0.99982339 1.62393451 0.07549676
-0.83524644 1.64565492 0.07359773
-0.7576822 1.6005224 0.05834483
-0.48607546 1.61065555 0.04810607
-0.45789054 1.47742176 0.01178962
-0.50120753 1.35329604 -0.01907256
-0.37302473 1.48720074 0.01030873
-0.33054519 1.47105753 0.00383109
1.13527524 2.0360229 0.08511531
0.98856378 1.96033001 0.0717918
0.8315618 1.75100434 0.02370372
0.92216551 1.88998163 0.05658621
0.7151258 1.93855011 0.07858586
0.71987331 1.79605055 0.04087108
0.74935716 1.88734579 0.06332077
0.59873658 1.91436136 0.07787292
0.525554 1.77284074 0.04378228
0.41327992 1.88089299 0.07765026
0.43259123 1.62170863 0.00841837
0.39069867 1.71548712 0.03473902
0.33206293 1.80072498 0.06025009
0.21407422 1.64458942 0.02411117
0.10913201 1.59484625 0.01595641
0.14170289 1.69840539 0.04160032
-1.13288283 2.26788616 0.06445038
-1.14137077 2.14357519 0.03197789
-0.98737317 2.34196591 0.07730863
-0.97788095 2.24220896 0.05076625
-0.85517621 2.18172097 0.02922899
-0.82336193 2.04815435 -0.00738323
-0.46766597 2.35678267 0.0571648
-0.53677213 2.07590961 -0.01348268
-0.46509901 2.10205531 -0.00979882
-0.2974427 2.16269159 -0.00168113
0.92016417 2.58751297 0.05361946
0.98733664 2.67593265 0.07366168
0.71111554 2.44261146 0.02539802
0.78233266 2.60684228 0.0650927
0.59963173 2.39835811 0.01872022
0.68898642 2.46355319 0.03187717
0.59301132 2.51061249 0.04850434
0.42346767 2.29042816 -0.0016899
0.40697557 2.37723088 0.02228244
0.48937801 2.50613213 0.05226999
0.43029279 2.5087347 0.05576454
0.21762176 2.38494205 0.03314794
0.16810644 2.17091203 -0.02137152
0.14596523 2.44954705 0.05314514
0.05053805 2.17453814 -0.01463125
-0.09832004 2.2561481 0.01366123
-1.50718844 3.06500459 0.11491515
-1.5260781 3.00817513 0.10029114
-1.35975409 3.00885272 0.09296519
-1.42714107 2.9099493 0.0699128
-1.39918303 2.81392932 0.04310963
-1.0736568 3.04534912 0.08906973
-1.18356514 2.87475729 0.04920609
-1.16569769 2.79362297 0.02687652
-0.95852482 2.81623411 0.02368539
-0.80829889 3.00847721 0.06717315
-0.82732904 2.98972511 0.06300921
-0.62452316 2.6818428 -0.02725113
-0.39974684 2.76595569 -0.01554932
0.83139443 3.05597854 0.00344519
0.99523348 3.18040061 0.02863114
1.08103871 3.3210187 0.06184251
0.71375602 3.02845001 0.00148566
0.66273153 3.01956391 0.00151195
0.56241471 2.96185327 -0.00909076
0.61915052 3.1936326 0.04926355
0.45720181 3.15740108 0.04750871
0.43521383 3.01703334 0.01125223
0.27844056 3.03615189 0.02423484
0.25680256 2.87198234 -0.01846607
0.19623159 3.09126115 0.04252181
0.17393833 3.10663342 0.04756251
0.10419045 3.0979054 0.04840881
0.09474693 2.99061418 0.02037575
-0.02948366 3.04298091 0.03986599
-0.12366028 2.8606236 -0.00381267
-0.10122294 3.03714395 0.04174556
-0.17807338 3.00671792 0.03719509
-1.8221209 3.47284198 0.06711222
-1.8011179 3.32648182 0.02771512
-1.62253749 3.46215296 0.05524772
-1.65775967 3.43382406 0.04931624
-1.48340976 3.38545728 0.0286229
-1.21636474 3.3219676 -0.00038466
-1.08300269 3.50713253 0.04210621
-0.98806649 3.61940336 0.06709453
-0.85922366 3.57152963 0.04838666
-0.90048748 3.53484988 0.0407369
-0.93002462 3.38677812 0.00302567
-0.75599796 3.62604976 0.05794311
-0.84216678 3.57289767 0.04793125
-0.7339766 3.50626063 0.02534928
-0.72353745 3.34537649 -0.01723802
-0.43578929 3.48851299 0.00710882
1.03139043 3.95324874 0.06136654
0.88017964 3.91677952 0.05882615
0.83633935 4.00419426 0.08374206
0.82006967 3.90007019 0.05714946
0.64900726 3.98978519 0.08871888
0.44734937 3.57474327 -0.01165946
0.45587292 3.78155088 0.04282001
0.23263845 3.51713085 -0.01672976
0.14146897 3.87972832 0.08299169
0.21465696 3.50451446 -0.01921725
0.14855 3.66311073 0.026045
-0.08387081 3.67021585 0.03841328
-0.17206429 3.62671542 0.03084976
-0.27544165 3.4127593 -0.02036281
-0.33776101 3.50127649 0.0054116
-0.37874678 3.52614641 0.0141279
-0.37579283 3.57689714 0.02769853
-1.87418199 4.10679674 0.07495226
-1.71375299 4.15651035 0.0804432
-1.59656942 4.13620424 0.06954961
-1.67698896 4.07233191 0.0563294
-1.61157525 3.9894433 0.03131044
-1.76451945 3.92740917 0.02256529
-1.57778645 3.92497253 0.01255311
-1.3342942 4.24529839 0.08583454
-1.25566888 3.94662762 0.00363621
-1.02021241 4.2437849 0.07068192
-1.14308858 4.10968304 0.04135989
-1.12937713 4.01162672 0.0149438
-1.06587625 3.89287305 -0.01929727
-0.81012917 4.20274734 0.05066344
-0.75730526 4.22474194 0.05396795
-0.73912764 4.10506344 0.0214051
-0.67023951 4.06457424 0.00703494
-0.75225222 3.90597177 -0.0302976
0.8179689 4.41094685 0.02967713
0.83938086 4.49733305 0.05146096
0.5855903 4.27823448 0.00537551
0.74370944 4.4821806 0.05159905
0.35256088 4.29570055 0.02095765
0.39871165 4.40511036 0.04729865
0.28788355 4.45460463 0.06605975
0.3245489 4.54217958 0.08726493
0.12566495 4.27242947 0.02549689
0.09260337 4.39209604 0.05873803
-0.02438868 4.32220793 0.04535849
-0.19041821 4.11604738 -0.00137635
-0.24718195 3.97474599 -0.0361698
-0.32877967 4.17555332 0.02099273
-0.28225225 4.26320076 0.04174307
-0.33415309 3.98429132 -0.0295216
-0.46920183 4.01651287 -0.01474773
-2.043926 4.68107128 0.07894754
-2.28029346 4.59779787 0.06765614
-2.13308406 4.5366416 0.04487148
-1.81456482 4.67781162 0.06743222
-1.73693097 4.68454409 0.06549139
-1.96150327 4.59379482 0.05231331
-1.87649751 4.4716239 0.01537323
-1.30327189 4.51906204 0.00175986
-1.18301988 4.66596985 0.03464779
-1.1423918 4.5836792 0.01108906
-1.25387478 4.49645233 -0.0065474
-1.02268231 4.41985846 -0.03780983
-0.92262691 4.5082984 -0.01902347
0.75502408 5.08556175 0.05499342
0.71495104 5.13711166 0.07078362
0.53171176 4.86445618 0.0072153
0.6574797 5.01030922 0.03936508
0.31568834 4.80034208 0.00065558
0.31329611 5.11517 0.08353124
0.06062314 4.66917276 -0.0225919
0.1629182 4.82389402 0.01396722
0.15062992 5.00179338 0.06126079
0.1241845 5.06009722 0.07775935
-0.1045171 4.66219521 -0.01625162
0.01399931 4.7411294 -0.00085616
-0.02075212 4.81610584 0.019856
-0.0505012 4.86590815 0.03447283
-0.30787453 4.70047379 0.00312092
-0.2622222 4.80391598 0.02798266
-0.52402616 4.53256559 -0.03121089
-2.10865188 5.30483627 0.09683793
-2.22305942 5.191998 0.07264213
-2.20745397 5.14742136 0.06021152
-1.90197694 5.31489706 0.0898668
-2.10223794 5.17157125 0.06160585
-1.96682811 5.07231998 0.02891395
-2.0211668 5.06271505 0.02870971
-1.62667608 5.28105259 0.06840713
-1.76905739 5.18775702 0.04992143
-1.56960893 5.2107563 0.04675365
-1.45856023 5.16792107 0.030349
-1.40285778 5.06761599 0.00192024
-1.34774721 5.35998774 0.07580573
-1.24148667 5.35002518 0.06875184
-1.27011526 5.2458334 0.04255142
-1.27167356 5.04691601 -0.00989167
-1.08195639 5.05787754 -0.01548847
-0.85018873 5.04519415 -0.02999715
0.61196733 5.61199856 0.05137844
0.65381402 5.7089119 0.0750409
0.6200946 5.75026894 0.08737015
0.50388056 5.79082155 0.10374331
0.45431301 5.72972631 0.08964667
0.16226563 5.29323626 -0.01208334
-0.11484552 5.27037144 -0.00504925
-0.14461464 5.3059144 0.00559733
-0.25926542 5.48468685 0.05851274
-0.29287568 5.25842619 0.00019099
-0.3655917 5.43168497 0.049242
-0.3711516 5.12761211 -0.03045942
-0.46366748 5.14983416 -0.02029733
-0.52490181 5.28351116 0.01765334
-0.56770301 5.3421607 0.03537464
-0.64012504 5.26877737 0.0192166
-2.34415054 5.72508097 0.07545494
-2.27258611 5.66007662 0.05507771
-2.03915906 5.51818085 0.00654154
-1.85346138 5.86659098 0.08960919
-1.77606189 5.76163149 0.05826516
-1.7665112 5.58006716 0.01018078
-1.7940383 5.51346254 -0.00590199
-1.55216026 5.93668461 0.09393243
-1.57445431 5.79674149 0.05843616
-1.56677079 5.67427397 0.02553858
-1.42885184 5.9088006 0.08124194
-1.3097322 5.84926367 0.06002586
-1.41415 5.48598194 -0.03128219
-1.02760077 5.90538406 0.06142534
-1.08647478 5.73734045 0.01969257
-0.89533991 5.60773134 -0.02289026
0.56726718 6.08399868 0.0344934
0.66114658 6.17940474 0.05547519
0.58348995 6.24082994 0.07558215
0.35971403 6.07470512 0.04168917
0.09711192 5.72827721 -0.03725685
0.1095079 5.78796911 -0.02206273
0.10879044 5.84463978 -0.0069173
0.15028277 5.94258928 0.01648476
0.22603378 6.10609913 0.05655079
0.00382069 6.11407089 0.06854489
-0.07624003 5.70785379 -0.03446883
-0.13213123 5.88356972 0.01410627
-0.04156849 6.0242486 0.04685058
-0.1487513 6.06803608 0.06380493
-0.20567298 5.65858889 -0.04190113
-0.21699002 5.72358656 -0.02429907
-0.21252 5.74544573 -0.01873051
-0.17910303 5.94795799 0.03366553
-0.22815876 6.08780384 0.07236732
-0.29665935 5.68980598 -0.02926113
-0.36969396 5.69667721 -0.02390898
-0.48797277 5.94114304 0.04616773
-0.61187083 5.7464571 0.00011735
-0.58199143 5.87838793 0.03390273
-0.56583101 5.5825572 -0.04517099
-2.33160591 6.33247852 0.09680873
-2.34511232 6.23175192 0.07076608
-2.43412757 6.16488028 0.057017
-2.30787206 6.11174345 0.03706789
-2.13093948 6.27440023 0.07214271
-1.75469315 6.43065262 0.09548668
-1.87893927 6.11873531 0.0195584
-1.88336456 6.01881218 -0.00691027
-1.70414197 6.15478325 0.02099127
-1.73747313 6.11363125 0.0117897
-1.48875034 6.24347544 0.03414159
-1.41996205 6.03191996 -0.02471921
-1.37390077 6.25199461 0.03145117
-1.24528456 6.21558285 0.01520127
-1.29488945 6.11868286 -0.00754821
-1.37990797 6.08180952 -0.01331048
-1.01402473 6.26515532 0.01782341
0.41321129 6.56019497 0.02921426
0.35495201 6.68965483 0.06630005
0.08686166 6.79875708 0.10756391
0.16847411 6.59708166 0.05008706
0.05587426 6.72476149 0.08937754
-0.09559813 6.54097939 0.04809276
-0.22893296 6.65910196 0.08528189
-0.32858121 6.21900606 -0.02678476
-0.38718748 6.43439627 0.03345485
-0.36777723 6.49717855 0.0489905
-0.39120272 6.2416029 -0.01732336
-0.45057541 6.21858501 -0.0206586
-0.57763988 6.34292459 0.01821509
-0.63014615 6.31308508 0.01274101
-2.26520658 6.9666996 0.12780447
-2.25980139 6.96299887 0.12640652
-1.9952513 6.97810125 0.11848679
-2.03978848 6.87708092 0.09353644
-1.89270258 6.81326771 0.07033578
-2.05762243 6.78042746 0.06900223
-1.87694168 6.73005533 0.04790589
-1.85890841 6.61100626 0.01555867
-1.64875436 6.89497328 0.08060656
-1.81423175 6.85495043 0.07756156
-1.74298215 6.76077366 0.04943269
-1.74181306 6.71162033 0.03644862
-1.78946781 6.56164408 -0.00079924
-1.56493151 6.91281652 0.08153673
-1.59324896 6.54795456 -0.01370676
-1.13221526 6.87954283 0.05223311
-1.09885919 6.81856585 0.03467328
0.51620501 7.18493843 0.05631454
0.34438181 7.24788761 0.08061277
0.14910313 7.32734013 0.11069711
0.10408565 6.96752453 0.01821652
0.09277272 7.10583973 0.05493697
0.17214376 7.27668667 0.09659176
-0.02730138 7.00063658 0.032968
-0.10243259 6.93266869 0.01866726
-0.22620475 6.94546556 0.02745864
-0.51002753 6.9898572 0.05225254
-0.42369008 7.05910349 0.06670862
-0.62769097 6.73759222 -0.00892431
-0.62147248 6.8920064 0.03171159
-0.60960066 6.6531539 -0.03197009
-0.68191952 6.66464043 -0.02559933
-0.80202073 6.78500319 0.01172918
-0.75666553 6.99745703 0.06603599
-0.84134197 6.60294676 -0.03395228
-0.91216737 6.65976143 -0.01576615
-0.8902359 6.79136944 0.01770257
-2.43270707 7.20705366 0.07094682
-2.53253627 7.16187859 0.0636
-2.47000408 7.12680912 0.0515354
-2.46274066 7.07656717 0.03803741
-2.63092422 6.98562622 0.021652
-2.24295497 7.13473177 0.04294047
-2.22335052 7.10585213 0.0344197
-2.30584931 6.98557758 0.00681918
-1.96678293 7.17180347 0.04009041
-1.9603802 7.06391907 0.01142398
-1.86667168 7.30411577 0.07037494
-1.63838792 7.06168652 -0.00426731
-1.53551328 7.37416792 0.07354175
-1.51611638 7.28124046 0.04837452
-1.44914305 7.17457151 0.01710136
-1.33717728 7.21870089 0.02359175
-1.28448141 7.24943209 0.02925172
-1.32316017 7.13485193 0.00050548
0.17561755 7.46322536 0.01720942
0.2668891 7.7371726 0.08564906
0.21117115 7.7596426 0.09426085
-0.04767023 7.31624842 -0.01127915
0.05404976 7.46890593 0.02446662
-0.37817758 7.52278423 0.05901399
-0.53857315 7.2463026 -0.00704829
-0.50767243 7.49206638 0.05689313
-0.57086313 7.1545105 -0.02965811
-0.72836703 7.4427166 0.05393669
-0.89229977 7.35595846 0.03887618
-0.91830558 7.19329262 -0.00303061
-1.01644325 7.14587307 -0.01105784
-2.55583072 7.68154287 0.0782356
-2.75659633 7.61509609 0.07028445
-2.6125145 7.54787016 0.04576086
-2.48079944 7.46616364 0.01813367
-2.3371923 7.75256968 0.0867985
-2.25928998 7.53568316 0.02610339
-2.38503695 7.46762371 0.0141046
-2.18541384 7.63743162 0.04930353
-2.20715189 7.51299953 0.01772731
-2.05818415 7.40727043 -0.01726223
-1.80147767 7.76849985 0.06623459
-1.6607672 7.64468193 0.02686378
-1.78743851 7.63230562 0.0294928
-1.54083347 7.53209829 -0.00821168
-1.3849802 7.72456694 0.03532892
-1.42818677 7.53202343 -0.01351642
-1.26363432 7.77234888 0.04216708
-1.2638129 7.60746241 -0.00126531
-1.25938058 7.55999422 -0.01401583
0.24947757 7.99765015 0.03155804
-0.0735445 7.94402981 0.0321912
0.05539441 8.06259251 0.05737128
-0.01807289 8.1509037 0.08437245
-0.23346353 8.1004715 0.08095893
-0.63212651 7.66481256 -0.01580973
-0.63980579 7.6728282 -0.01337222
-0.62638658 7.57763529 -0.03855141
-0.81420434 7.74466991 0.01412235
-0.73099744 7.91658068 0.055369
-1.0208602 7.86229849 0.05428324
-2.44020176 8.19084835 0.08862023
-2.79091692 8.02812576 0.06166496
-2.583426 7.93372726 0.02712966
-2.46321273 8.04692554 0.05142723
-2.3797195 7.94054461 0.01926176
-2.26728392 7.90930891 0.00587351
-2.09892726 8.22002792 0.08031648
-2.17140412 8.1286087 0.05938704
-2.23225188 8.06614113 0.04580945
-2.11792541 8.05888271 0.03833169
-1.89781749 8.04948902 0.02595706
-1.94888115 7.92889643 -0.00384189
-1.83844185 7.94138813 -0.00554448
-1.67026556 8.25655556 0.06960681
-1.47817957 8.158494 0.03513526
-1.37195706 8.08039188 0.00955686
-1.5085603 7.89933109 -0.0315299
-1.37100422 8.20089245 0.04157392
-1.32385886 8.05805016 0.00161448
0.21254258 8.6177454 0.07817382
0.15108202 8.62577438 0.08298838
0.00908218 8.5212698 0.06213167
0.01435172 8.74822426 0.12093105
-0.21974421 8.34920406 0.02704481
-0.10943744 8.48498344 0.05773093
-0.29634157 8.31589317 0.02155178
-0.28530991 8.39444637 0.04168781
-0.32452205 8.47463036 0.06459613
-0.4348956 8.6372261 0.11312067
-0.44250777 8.20003986 -0.00247573
-0.53286302 8.15412712 -0.01003278
-0.481491 8.30557537 0.02731385
-0.5734418 8.4106493 0.05968604
-0.64478612 8.10477352 -0.01773601
-0.77702194 8.09492207 -0.01434663
-0.86079139 8.3299427 0.05141844
-0.91189694 8.08564281 -0.01055696
-1.10025883 8.03412056 -0.01509511
-2.57592773 8.55342102 0.07522515
-2.26072049 8.57242775 0.06610411
-1.98155999 8.56003952 0.04944705
-2.00153518 8.43524551 0.01801861
-1.95959556 8.29832745 -0.02033076
-1.76980555 8.52755833 0.03116198
-1.90460289 8.48636055 0.02696087
-1.88232934 8.39833069 0.00250563
-1.72094953 8.66383934 0.06496796
-1.72367752 8.55893326 0.0371449
-1.63183057 8.43410492 0.0002645
-1.74840391 8.36820316 -0.01181736
-1.35764015 8.53611755 0.01466027
-1.35680163 8.39880943 -0.02194863
-0.10264818 8.82835865 0.03260567
-0.17134878 9.07045841 0.09982979
-0.21992624 8.74786282 0.01682882
-0.40618816 8.71948338 0.01855515
-0.31193855 8.83701992 0.04505215
-0.3757036 8.86178684 0.0544254
-0.43805933 8.95612717 0.08242716
-0.6209231 8.95477295 0.09035145
-0.57639116 8.60395432 -0.00425965
-0.81215173 8.76084423 0.04810335
-0.78520221 8.82241917 0.06294148
-0.91842234 8.73969173 0.04731214
-1.08171809 8.54323101 0.0034261
-1.24563491 8.57961845 0.02051265
-2.77693319 8.97408009 0.08503723
-2.63419032 8.81670475 0.03706878
-2.5886972 8.96009254 0.07290751
-2.2912972 9.04217911 0.08079967
-2.24389887 8.96356392 0.05762202
-2.20135355 8.80508709 0.01362446
-2.09422159 9.0633173 0.07669556
-2.12932372 8.84542179 0.02093229
-1.91741872 9.02782917 0.05909964
-1.8746326 9.01195335 0.05296972
-1.67890322 9.05019569 0.05429995
-1.67768419 9.01421356 0.04484465
-1.69929302 8.88076973 0.0103376
-1.62129641 8.73564148 -0.0314532
-0.26186872 9.11657715 0.00582728
-0.00455904 9.32725334 0.04955897
-0.19572738 9.35726929 0.06607218
-0.44081402 9.23218918 0.04448096
-0.60496992 9.07484055 0.01091692
-0.75490606 9.05432034 0.01219703
-0.69373709 9.12023449 0.02695507
-0.70928174 9.31748676 0.07976744
-0.84290415 8.99555492 0.00107006
-0.8875103 9.0260973 0.01110046
-0.97390985 8.81972027 -0.03936913
-1.06067944 8.90154552 -0.01412644
-0.99065167 9.20414448 0.0624947
-1.19399905 9.07232952 0.03768221
-2.53268147 9.4082098 0.08157294
-2.41575718 9.17303848 0.0136519
-2.26283503 9.18769264 0.01054781
-2.29087496 9.13125801 -0.00267359
-1.97642624 9.2883625 0.0240608
-1.79435086 9.39862061 0.0450291
-1.8218261 9.34014988 0.03067649
-1.63854015 9.17429066 -0.0215171
-1.55765891 9.31295967 0.01136877
-1.50465167 9.17835903 -0.02663304
-0.15507828 9.74526024 0.06008771
-0.33321205 9.60967445 0.03253086
-0.35207593 9.64461613 0.04291541
-0.33924583 9.69798183 0.05633838
-0.46275479 9.67542458 0.05606861
-0.60953838 9.71712685 0.07377326
-0.78946811 9.30031586 -0.02785203
-0.75540745 9.50305748 0.0240815
-0.77677655 9.5081768 0.02652794
-0.86478209 9.35134125 -0.01093762
-0.88839597 9.41096306 0.00619743
-0.98852992 9.40011787 0.0078289
-0.93338478 9.60592747 0.05947503
-1.15692937 9.45538235 0.03030333
-1.22563791 9.48914528 0.04233984
-1.3585434 9.38352489 0.0202732
-2.74222994 9.67078781 0.05808367
-2.42171955 9.7871666 0.07379328
-2.42575932 9.76898384 0.06934826
-2.52201962 9.63979053 0.03952828
-2.49014521 9.59389687 0.02614442
-2.42498088 9.56386471 0.01536033
-2.13981771 9.75091743 0.05091337
-2.20673871 9.5962677 0.01324456
-1.96244466 9.73606205 0.03859564
-1.86418581 9.7661562 0.04204132
-1.90129948 9.57611942 -0.00602432
-1.85587823 9.50882149 -0.02638907
-1.6705128 9.66178322 0.00567193
-1.62079251 9.55016518 -0.02609368
-1.58554363 9.56002426 -0.02506317
-0.21911438 10.08139515 0.04867329
-0.22773857 10.18792725 0.07702678
-0.44070357 10.05106449 0.05135692
-0.51754451 10.13171577 0.07643323
-0.64822668 9.82404709 0.00082889
-0.75993526 9.78610992 -0.00392386
-0.7760464 9.90279579 0.02750302
-1.0098139 9.9995451 0.06408492
-0.98857147 9.70274258 -0.01511424
-1.06307042 9.77231598 0.00662998
-1.33758843 9.75642776 0.01501577
-1.42932308 9.84654617 0.04327042
-2.7711494 10.03830624 0.0574401
-2.72374153 9.91087723 0.02125388
-2.6611383 9.9992094 0.0420983
-2.48151588 9.847229 -0.00622239
-2.14758611 10.10832024 0.04674113
-2.06466174 10.05449867 0.02903913
-1.93863904 10.04414749 0.02055031
-1.78888237 9.9028616 -0.02364879
-1.74491715 9.90186977 -0.02622215
-1.63847125 9.93787384 -0.02168681
-0.3709802 10.49086857 0.06517962
-0.48848167 10.54300022 0.08442668
-0.56123841 10.4123888 0.0535056
-0.99984014 10.1890192 0.0145691
-1.11312854 10.03197956 -0.02138063
-1.15647507 10.19167709 0.02292994
-1.21212876 9.97527218 -0.03146092
-1.2006855 10.04381943 -0.0143354
-1.20230734 10.13191223 0.00940224
-1.27249992 10.29782963 0.05617179
-1.300156 9.95585728 -0.03283228
-1.37282383 9.96300602 -0.02737383
-1.45724511 10.07062244 0.00457023
-2.81027222 10.41510677 0.0637027
-2.52041888 10.33920002 0.03039706
-2.32304811 10.3991375 0.03702256
-2.40255427 10.37261105 0.03372331
-2.29494429 10.35185623 0.02316116
-2.18220758 10.52473831 0.06320751
-2.1902194 10.4679718 0.04897076
-1.99905491 10.44872761 0.03495073
-2.05845213 10.33152485 0.00667847
-1.97389448 10.4490633 0.03385172
-1.90643668 10.37406445 0.0108658
-1.9375596 10.29682446 -0.00816963
-1.96721351 10.22989273 -0.02459732
-1.83336902 10.52228069 0.04629917
-1.79463732 10.25032711 -0.02667662
-1.76885879 10.24667549 -0.02922018
-0.45190716 10.7795496 0.04967003
-0.51902127 10.86356354 0.07501784
-0.65172809 10.6693058 0.02972279
-0.80253977 10.56878281 0.01067474
-1.02377307 10.5655365 0.0201378
-1.40641856 10.32994556 -0.02425919
-1.61190426 10.38964939 0.00068574
-2.63638663 10.56898785 0.00498785
-2.28742051 10.83219624 0.05852532
-2.40984702 10.64236546 0.01412888
-2.18736434 10.83419514 0.05409096
-2.23785734 10.61350822 -0.00198488
-2.13757706 10.85801506 0.05798106
-1.8448627 10.72864723 0.01034811
-0.76998353 11.06809235 0.04994614
-0.84348381 11.08995438 0.05902921
-1.01596141 10.87493229 0.01061097
-0.99170887 10.91880608 0.02100068
-1.19435322 10.7810154 -0.00569975
-1.26111817 10.72010994 -0.01867865
-1.34793973 10.69420052 -0.02151222
-1.45174217 10.91969776 0.04244023
-1.48033547 10.77831745 0.00648165
-1.48911905 10.8232069 0.01869297
-2.74281526 11.11901379 0.06772225
-2.80127907 11.06402206 0.05582495
-2.63287282 11.03609753 0.04058617
-2.24699545 11.06350803 0.03002788
-2.29344368 10.96214676 0.00572555
-2.00056601 11.10292912 0.02895644
-0.90165693 11.17952061 -0.00197211
-1.11207092 11.0793581 -0.01846701
-1.13077736 11.33398914 0.0498378
-1.26853347 11.26711178 0.03837213
-1.42451727 11.05103207 -0.01136523
-1.58884084 10.96598148 -0.02654855
-1.66966784 11.12155819 0.01852758
-2.2965076 11.28686333 0.00778474
-2.10690498 11.27390194 -0.00424924
-1.97875535 11.30933571 -0.00115175
-1.01647222 11.47726822 -0.00125312
-1.23976958 11.36502934 -0.02051619
-1.25701845 11.58234596 0.0377372
-1.29512477 11.42383289 -0.00241024
-1.37603903 11.5117712 0.02449155
-1.55120265 11.28785419 -0.02638111
-1.65081084 11.34167194 -0.00761993
-1.72524655 11.39634609 0.00983289
-2.52926064 11.58628178 0.0185012
-2.4655242 11.54496479 0.00456819
-2.23716044 11.63085651 0.01643409
-2.33088756 11.56866455 0.00442726
-1.05348265 11.83016872 0.0139907
-1.22645772 11.86783504 0.03240288
-1.25773323 11.72276115 -0.00446379
-1.3021431 11.79805565 0.01740289
-1.48262048 11.88148689 0.04774299
-1.5314337 11.74026871 0.01280355
-1.70644236 11.71771431 0.0147598
-1.75389874 11.56576443 -0.02262027
-2.77230048 11.9496069 0.05176749
-2.56589484 11.95057011 0.04253526
-2.48204136 11.87209511 0.01833141
-2.3912065 11.96398926 0.03808388
-2.48882627 11.96882057 0.04411678
-2.12919283 11.95082283 0.02248812
-2.11181355 11.88431358 0.00431022
-1.99840534 11.92224503 0.00912316
-2.01075196 11.86638737 -0.00547877
-1.57675004 12.01921368 0.01469214
-1.67332554 11.87821579 -0.01793103
-1.63848758 11.93200397 -0.00558983
-1.69107854 11.92409229 -0.00502991
-1.78873873 12.04452229 0.03118585
-2.50177073 12.07771969 0.00834423
-2.41493607 12.19303322 0.03453626
-2.19901204 12.26143932 0.04233607
-2.23307395 12.14369488 0.0131065
-2.06004858 12.18544769 0.01633194
-1.27726984 12.35900402 0.02531474
-1.3595022 12.35795498 0.0288245
-1.44948578 12.27977276 0.01241773
-1.52598786 12.26585102 0.01257561
-1.75072515 12.11865425 -0.01617398
-1.75196636 12.29180908 0.03007636
-2.43194604 12.26150131 -0.00207846
-2.27277279 12.42560005 0.0341582
-2.15938878 12.43286514 0.03084666
-2.00260639 12.34777164 0.00110879
-1.8462497 12.4224062 0.01349038
-1.87374961 12.32675552 -0.01041746
-2.22028375 12.4704237 -0.00157371
-2.04058981 12.48644066 -0.00606277
-1.83575714 12.59453392 0.01301905
-1.90317392 12.67370415 0.00163836
-1.99646628 12.63900566 -0.00302455
0.06127696 0.94804978 0.00556658
-0.00569943 1.32628608 0.00623883
-0.02786359 1.41573822 0.01873021
-0.06332819 1.41795111 -0.01562424
-0.00847191 1.22202992 -0.02427546
-0.11060561 1.67818069 -0.01212643
-0.16272101 1.99328804 -0.01844372
-0.26272503 2.75468826 0.01803713
-0.27928245 2.7096734 0.02231516
-0.36519367 3.12598753 -0.01566084
-0.38475546 3.24521613 -0.01818912
-0.31618434 3.04426646 -0.01896233
-0.31165418 3.03877807 -0.01510836
-0.37018549 3.38747048 -0.00774177
-0.59339118 4.39255238 -0.00359041
-0.53155392 4.17188883 -0.02441291
-0.49481854 4.10665607 -0.00249046
-0.6679489 5.05181074 0.01824982
-0.67800337 5.07663822 0.02045649
-0.69220549 4.95666218 -0.00383324
-0.71883619 5.11521149 -0.00681369
-0.65676469 4.86577654 -0.02340673
-0.67744875 5.15059519 -0.00017478
-0.7332024 5.28407049 0.02237369
-0.71060216 5.30001307 -0.01723847
-0.79283702 5.77387714 0.01400259
-0.87540174 6.00003147 0.00630328
-0.88650316 6.06324005 -0.00641304
-0.82074618 5.79614592 -0.02347922
-0.79150981 5.79513693 -0.0012274
-0.94994837 6.46146536 0.01885202
-0.93713808 6.38913584 -0.01884177
-0.96610636 6.68378067 -0.02218216
-0.98442036 6.76040173 -0.02400352
-1.12305427 7.61881924 -0.01923084
-1.206882 7.87668228 -0.00544651
-1.28237581 8.29371548 -0.0008363
-1.3768574 9.07431126 0.01769679
-1.44105494 9.19912434 0.00318564
-1.43756437 9.45393085 0.00291923
-1.47391367 9.48282719 -0.02213426
-1.5434171 9.79135704 -0.00759636
-1.5329814 9.84228516 -0.02392586
-1.66398752 10.47467899 0.00718213
-1.62773526 10.50395775 -0.01539293
-1.67059743 10.74724102 0.01553969
-1.70962763 10.97024536 0.01441004
-1.76213789 11.02078152 -0.00335488
-1.94035506 12.08875847 0.01950306
-1.95609009 12.11887455 -0.00211315
-1.9181459 12.12104607 -0.01968271
-1.882267 11.95546627 -0.01125262
-1.96026242 12.18061066 -0.0180869
-2.03510666 12.59660912 -0.0149924
0.56813103 2.21750474 0.03150354
0.56158483 2.11481094 0.02292198
0.65027356 1.99761987 0.0377385
0.5970903 2.00085163 0.02423384
0.51940894 1.83272791 -0.00757789
0.75360429 1.77373505 0.04872787
0.63914287 1.82470775 0.0228803
0.55911708 1.6151464 -0.01189201
0.63881993 1.41020107 -0.00553482
0.84002662 1.20738888 0.03189878
0.70147097 1.12891555 -0.00910652
0.80472255 1.07011735 0.01345903
1.2339896 0.42442122 0.07975059
1.1461128 0.47876999 0.06104122
0.93694043 0.56939948 0.01273538
0.83500183 0.57729942 -0.01304668
1.00584733 0.67220241 0.03783868
0.98851812 0.80171877 0.04233846
0.71704412 0.82530147 -0.02612547
0.86713815 0.96083742 0.02223534
1.22661567 2.36396694 0.02581142
1.23956704 2.26826072 0.02262708
1.33218181 2.10525346 0.03517759
1.25429106 2.13790989 0.01753424
1.43922985 2.08981538 0.06156714
1.40248084 2.05072403 0.0492064
1.25891805 2.00682902 0.00957576
1.23944044 1.77488983 -0.0119275
1.58252347 1.68436158 0.07077702
1.48556709 1.57448196 0.03792948
1.42481291 1.57038891 0.02168209
1.26216781 1.68339896 -0.0121806
1.49832916 1.46963596 0.03354512
1.37973785 1.43711889 0.00128958
2.11312771 -0.14659595 0.0806535
2.08072567 0.1012932 0.08961031
1.74395919 0.30489033 0.01684013
1.79757011 0.45866859 0.04144621
1.98048866 0.41406098 0.08593709
1.89737523 0.54313499 0.07302497
1.54892242 0.51881295 -0.01921977
1.67661369 0.59144545 0.01964812
1.90623045 0.61141706 0.07992155
1.55421436 0.69781023 -0.00474524
1.55783033 0.72775048 -0.00183669
1.64771605 0.86220813 0.03053119
1.69172215 0.89999318 0.04450084
1.4893055 1.00932777 -0.00026959
1.40998578 1.07850003 -0.01609949
1.51589751 1.12026143 0.01423899
2.12591338 2.54905486 0.0934042
2.04888749 2.71785617 0.0850184
2.01684809 2.67786598 0.07401226
1.97626436 2.66549516 0.06285936
2.19937086 2.33379626 0.09739891
2.11567998 2.48011684 0.08583818
1.93109787 2.48516273 0.03890556
2.17293215 2.22890449 0.08312259
2.03326344 2.28971696 0.0511549
2.26777458 1.94854045 0.08853789
2.13126087 2.04667711 0.05992227
2.04406881 2.02266407 0.03579828
2.041399 1.98966765 0.03292759
1.96428299 2.08044171 0.01938797
2.00107408 1.80331337 0.00925296
1.90670717 1.78190088 -0.01649475
1.88799596 1.69814932 -0.02702404
2.68341947 0.13270321 0.07005747
2.76675439 0.35211152 0.10700712
2.55921054 0.31946766 0.05073938
2.59872985 0.43582326 0.06896982
2.72707987 0.28669626 0.09218056
2.30643868 0.57720691 0.00342633
2.45649791 0.49526066 0.03640445
2.63878727 0.56702471 0.08854952
2.24523258 0.89110756 0.00932277
2.26679254 1.00354338 0.02240919
2.37158513 1.0234586 0.05109766
2.13755298 1.09160304 -0.00468793
2.38503432 1.15066159 0.06353967
2.05690646 1.15514016 -0.02090302
2.09100294 1.29789627 -0.00222347
2.70398378 2.82995558 0.09297191
2.66512966 2.76045513 0.0781308
2.5215981 2.88681889 0.04935285
2.4899981 2.74274492 0.03088159
2.69149828 2.57940936 0.0723217
2.76719284 2.3928709 0.0786809
2.52255011 2.47027087 0.0211625
2.76523638 2.1842649 0.06394666
2.69175768 2.16549087 0.04394281
2.65765882 2.19864416 0.03742852
2.54785943 2.14743972 0.00502899
2.88241386 1.9254123 0.07601845
2.64996457 1.80105197 0.00766284
2.58904052 1.61532438 -0.02110412
3.39867592 0.30415511 0.09729238
3.46184397 0.3343392 0.11595678
3.1935215 0.47789052 0.05614004
3.36218095 0.3828938 0.09353653
3.22089314 0.55277979 0.06876902
3.32625151 0.53038639 0.09445792
3.0598135 0.62008327 0.03162863
3.16323185 0.58489054 0.05612519
3.29469752 0.79585022 0.10439844
2.8675518 0.75005239 -0.00909492
2.86880541 0.81970525 -0.00394288
3.15661955 0.94067085 0.07846794
2.86533999 0.98186517 0.00622686
2.98830199 1.00759506 0.03986282
2.97102213 1.06406152 0.03927885
2.75102925 1.02223086 -0.02027964
2.9934504 1.32940948 0.06380048
3.27067709 2.94889617 0.08531783
3.02277613 3.1470592 0.03524081
3.36706471 2.6186161 0.08694793
3.18689871 2.80084109 0.0532975
3.120327 2.87827992 0.04139614
3.03730416 2.89104509 0.02063625
2.99493003 2.65246582 -0.00648612
3.31721139 2.53769994 0.06875445
3.09054542 2.6295464 0.01689191
3.33451629 2.45684791 0.06758764
3.37352991 2.28129649 0.06557468
3.2545228 2.13351583 0.02496349
3.16820502 2.27308846 0.01210435
3.13093543 2.18597984 -0.00368751
3.01326203 2.15219545 -0.03613907
3.19687128 2.08166242 0.00626986
3.09045601 1.99670279 -0.02722546
3.37904406 1.94878733 0.04391215
3.36153412 1.78120208 0.0280627
3.20729661 1.67194951 -0.01954674
3.13224101 1.77251482 -0.03209093
3.78180885 0.31734148 0.03527029
3.74363565 0.41020709 0.03206267
3.95826197 0.2781409 0.07843906
3.96270514 0.35268724 0.08452819
3.79092097 0.54699671 0.0535796
3.85786366 0.77874911 0.08727235
3.65476179 0.68268418 0.02785473
3.43288064 0.85383683 -0.0179987
3.47399354 0.90787548 -0.00348337
3.65444922 1.04366803 0.052619
3.7514708 1.08567452 0.08070564
3.38567758 1.06392968 -0.01518206
3.41372228 1.15275848 -0.00197151
3.56073189 1.05403948 0.02911823
3.56842637 1.19546962 0.04118542
3.31521869 1.22852635 -0.02227738
3.35482216 1.22601068 -0.01231423
3.52744508 1.26027775 0.03513966
3.56522083 1.39032364 0.0534125
3.3993938 1.51075375 0.01884468
3.49077845 1.47709763 0.04026012
3.20634913 1.43007493 -0.03660018
3.28787923 1.52101147 -0.00964824
3.57271862 3.15914726 0.02291555
3.59338856 3.04503703 0.02008544
3.69885516 3.14213896 0.05413745
3.70295787 2.9152658 0.03934021
3.94967866 2.73828745 0.09108146
3.89472723 2.67849851 0.07291387
3.71415591 2.68296027 0.0264725
3.92749453 2.54706502 0.07207571
3.84114647 2.60734534 0.05421175
3.67685103 2.52598262 0.00547141
3.59640503 2.47691822 -0.01845853
3.63507462 2.37604833 -0.01542211
3.87020469 2.21153545 0.03359792
3.8228271 2.25148726 0.02417672
3.72665119 2.13770008 -0.0085652
3.7344172 2.04326391 -0.01304859
3.76507974 1.93270898 -0.01261542
4.49119425 0.44384941 0.07215586
4.58009863 0.68356234 0.1116267
4.43028593 0.61497331 0.06835558
4.47538948 0.77682155 0.09156688
4.47762775 0.86283565 0.09810583
4.14205408 0.93941247 0.01601131
4.40280151 1.02888954 0.0896953
4.12290096 1.08752525 0.02144427
4.19456148 1.13658011 0.04351496
4.3735857 1.14624655 0.09004451
4.00483894 1.20048022 -0.00128818
4.06590319 1.25868309 0.01880985
4.11879015 1.32607841 0.03661173
4.23437357 1.42209744 0.07311337
3.95678544 1.49559236 0.00674626
3.78576708 1.56802821 -0.03246112
3.80066109 1.67621136 -0.02141112
3.81333876 1.69111753 -0.01719677
3.89459062 1.66988289 0.00235903
3.93857265 1.75591695 0.02010829
4.00556755 1.73733437 0.03608992
4.45378685 3.34763002 0.11462612
4.43078423 3.3366158 0.10765644
4.32107496 3.28291178 0.07560045
4.27086592 3.2001636 0.05699551
4.54782104 2.76276708 0.0979644
4.44261837 3.00433993 0.08789232
4.52987337 2.6993041 0.08928963
4.39713621 2.65667105 0.05198025
4.16806459 2.61786532 -0.00959269
4.14026213 2.50570416 -0.02465297
4.29379034 2.3939991 0.00668272
4.32148743 2.26203442 0.00522747
4.25299978 2.29048371 -0.01027277
4.53442478 2.13238358 0.0509218
4.3242898 2.2161634 0.00296927
4.57676315 2.12379932 0.06141721
4.25319958 2.04940104 -0.02770777
4.99898624 0.51628107 0.05955668
5.08865547 0.66948467 0.09298803
4.70004654 0.84856927 0.00491312
4.98665762 0.74572337 0.0719972
4.90666056 0.92799968 0.06383979
4.58424425 1.01525462 -0.01334899
4.67353964 1.07287705 0.01341778
4.96481323 1.01816118 0.08554428
4.96866512 1.13666999 0.09463646
4.5628314 1.28418601 0.00019296
4.6461153 1.18580782 0.01451946
4.66238165 1.27624893 0.02520582
4.75676155 1.16241384 0.04138741
4.52676773 1.34794343 -0.00480539
4.53449154 1.37304902 -0.0011172
4.5875783 1.43764544 0.01694568
4.34125805 1.50768971 -0.04243331
4.73228741 1.66556168 0.07002611
4.57191133 1.71595573 0.03214155
4.60076857 1.73628592 0.04111902
4.92928696 3.53061318 0.1068124
4.91120195 3.45560765 0.09656386
4.71126127 3.57641649 0.05333794
4.69372129 3.45839071 0.04081951
5.01058292 3.21152186 0.10560135
4.83892059 3.38585162 0.07297931
4.77833128 3.24670625 0.04760612
4.69456387 3.28268409 0.02845858
4.98541117 3.06061602 0.08846839
4.85771942 3.13347292 0.06025178
5.08724499 2.74665618 0.0930644
4.98316669 2.88583302 0.07579553
4.96511078 2.78600693 0.06448653
5.02073812 2.65999722 0.07012506
4.80040407 2.69603562 0.01526591
5.01028204 2.53517771 0.0583882
4.92793322 2.45020938 0.03115999
4.82044744 2.53979158 0.00978049
5.10816908 2.39489484 0.07456614
5.01719522 2.22834277 0.03947874
4.80778265 2.13949084 -0.02125528
5.49873495 0.62216818 0.05233737
5.46444321 0.75150031 0.0523199
5.59392071 0.70993906 0.08299164
5.65111923 0.7131291 0.0980925
5.36276102 0.98233318 0.04224031
5.24611425 1.15135264 0.02386814
5.24416256 1.21087778 0.02732126
5.36104202 1.07586098 0.04855493
5.42855597 1.21862352 0.07554906
5.4400878 1.29356825 0.08389046
5.01959372 1.33078289 -0.02254677
5.27675247 1.48760545 0.05512308
5.35743093 1.48451245 0.07582262
4.93074083 1.45731568 -0.03692777
5.32458973 1.59010613 0.07434831
5.16877794 1.92993152 0.05739111
5.42097282 3.81953239 0.11592099
5.20484447 3.45740724 0.03467227
5.49084902 3.46740389 0.10943556
5.47325897 3.31672788 0.09404109
5.23158455 3.28724718 0.02986507
5.5031147 3.22291851 0.09548534
5.42435551 3.10941911 0.06767976
5.34931898 3.15875602 0.05158149
5.45919704 2.8824017 0.06098611
5.38952494 3.07874513 0.05657427
5.32253838 3.03199124 0.03604696
5.41276407 2.84934282 0.04691654
5.34554386 2.74268174 0.02163024
5.2491107 2.80209565 0.00059364
5.23274899 2.55296612 -0.02097473
5.78157711 0.85872316 0.00380515
5.98645544 0.84223109 0.05568822
5.50923824 1.31585479 -0.03503057
5.72155666 1.20323682 0.01215497
5.85189772 1.46404421 0.06374702
5.75964212 1.77786624 0.06178464
5.41784859 1.72027469 -0.0306863
5.44286442 1.80588627 -0.01802016
5.71445704 1.84311497 0.05451035
5.44091034 2.05228639 -0.0014501
5.28169107 2.01536083 -0.04555215
5.78035355 3.80899429 0.0749751
5.90441895 3.64152098 0.09541861
5.80693483 3.7268939 0.07604688
5.96811819 3.37830639 0.09408336
5.89579201 3.45204663 0.08031569
5.85081577 3.34116268 0.06061259
5.6443119 3.33830738 0.00677248
5.88836813 3.07368851 0.05212296
5.77750921 3.07516909 0.02329631
5.7439332 2.88594985 0.00166845
5.67750072 2.76777935 -0.0237144
5.7443819 2.46544051 -0.02758617
6.25228119 4.08948708 0.08859681
6.10600615 3.90291023 0.03767778
6.1486907 3.70770144 0.03501547
6.08358288 3.59455061 0.01055053
11.07926369 4.38333988 0.00658319
11.21702385 4.13726282 0.02544268
11.16178894 4.17004919 0.01319021
11.10731316 4.10631514 -0.00487245
11.1881218 4.00522804 0.00857633
11.37746716 4.4121933 0.03099029
11.45976257 3.98805976 0.02275822
11.40678406 3.92778325 0.00473022
11.67963219 3.43165922 0.04098959
11.58876324 4.39028883 0.03877098
11.57866859 4.24469471 0.02589457
11.60902596 3.89809227 0.01000968
11.64971542 4.24317217 0.00874144
11.72266388 3.82967687 -0.00093546
0.66418707 0.95814312 0.01343527
0.35848776 0.88151002 -0.00032762
0.20091 0.81486464 -0.02453805
1.06007719 1.0202868 0.00473563
1.20104861 1.06102586 0.01198556
1.41848218 1.140342 0.0247809
0.8777582 1.01721299 -0.00909087
1.89298296 1.28525436 0.01790995
1.52747595 1.16297066 -0.02267088
2.43747854 1.43195271 0.01636368
2.40876126 1.40856993 -0.02377015
2.59251952 1.45090485 -0.02359334
2.10911345 1.30570316 -0.0155947
3.21674156 1.64677358 -0.0028083
2.91661835 1.52059424 -0.01135513
4.35711002 1.94359863 -0.01875009
4.11194324 1.85242593 -0.02140511
4.36671066 1.92447281 -0.02287718
4.15347624 1.85382402 -0.01609395
4.61886883 1.97861671 0.01626987
4.67759085 2.03356743 -0.01329011
4.42173386 1.95020282 -0.02290794
4.831635 2.06675982 -0.02042675
5.46065617 2.20638895 -0.01867637
11.39635563 3.79069471 -0.00730539
11.52824497 3.86410141 0.01926117
11.53036022 3.87508893 -0.00095278
11.5412674 3.84715581 -0.02301823
11.46597767 3.80937099 -0.0072566
-1.26719308 0.08043141 0.04755399
-1.17701769 0.19580588 0.038746
-1.11774027 0.29713526 0.03609655
-1.02287734 0.25169247 0.00805659
-0.93505198 0.65388536 0.03268188
-0.8028667 0.55603063 -0.01096279
-1.01731431 0.7856698 0.06702466
-0.86790699 0.76266599 0.02814168
-0.89560229 0.6686933 0.02463048
-0.82974255 0.74516332 0.0167669
-0.87989432 0.96064645 0.05334687
-0.8253718 0.81166196 0.02318646
-0.7271893 0.78806311 -0.0034294
-0.64069873 0.89387482 -0.01203094
-0.62542105 0.89156032 -0.01594551
-0.17741372 2.2354219 0.02687432
-0.34047204 2.19627666 0.06203111
-0.34915644 2.21965408 0.0667593
-0.40738988 2.2001524 0.07899571
-0.37464094 2.02877402 0.05145549
-0.30150276 1.82157421 0.01057484
-0.51025504 1.80574441 0.05916949
-0.39381006 1.64322257 0.01258186
-0.39897931 1.74222887 0.02499015
-0.34933555 1.52466071 -0.01146549
-0.3753584 1.50514317 -0.0074177
-0.54189962 1.35901451 0.01672956
-0.6689893 1.42620683 0.05530241
-1.94338095 0.55433941 0.07875232
-1.6728133 0.72545969 0.03253701
-1.69733763 1.01836717 0.0714965
-1.5251025 1.17561162 0.04785174
-1.33706772 0.94747001 -0.02365089
-1.29951441 1.2598666 0.0027576
-0.84204268 2.78538346 0.06412585
-0.98398882 2.58556819 0.07621654
-0.81693852 2.18601012 -0.00947944
-0.94479209 2.32573271 0.03756531
-0.85009313 2.15124345 -0.00538962
-0.89182991 2.15850639 0.00561584
-1.13569808 2.15376163 0.06393515
-1.04203558 2.10428143 0.03539336
-1.16055751 2.06151986 0.05958329
-1.17790842 1.87983537 0.0434451
-1.20693386 1.55499768 0.01349964
-1.16755724 1.46688175 -0.0058854
-2.63037586 0.41274244 0.05184106
-2.4250176 0.47555849 0.00892158
-2.51913738 0.83226341 0.07240071
-2.40722227 0.72217554 0.03242736
-2.38224268 0.68714541 0.02234491
-2.28600168 0.64360237 -0.00580896
-2.39751744 1.09451675 0.07243332
-2.34856296 1.01500893 0.05187836
-2.15560293 0.81330347 -0.01776425
-2.34239244 1.15209854 0.06568712
-2.27060628 1.19073927 0.05260932
-2.07893586 0.97474921 -0.01870539
-2.0384438 1.12507367 -0.01139047
-2.08187604 1.39374578 0.02994841
-2.03169608 1.39396882 0.01793482
-1.94392633 1.38861668 -0.0041895
-1.84679914 1.59224248 -0.00503933
-1.46010172 3.01223564 0.06203165
-1.57290971 2.92818284 0.07957245
-1.6442368 2.87371063 0.09070005
-1.41478682 2.69440103 0.01490772
-1.46530294 2.57986856 0.01440725
-1.57962334 2.61139798 0.0456881
-1.72325206 2.48224449 0.06595504
-1.48862183 2.18349433 -0.02477259
-1.60545957 2.2765727 0.01387589
-1.65291917 2.34056735 0.03296748
-1.70573413 2.26823616 0.03753713
-1.64303672 2.21846294 0.01691639
-1.66045487 2.17062116 0.01573386
-1.86890888 2.24714494 0.07476769
-1.74403024 2.05008698 0.02201268
-1.6560837 1.84732866 -0.02217942
-1.8286258 1.87666333 0.02279611
-1.855093 1.71170223 0.01092277
-3.20196581 0.98256177 0.08516586
-3.3106463 0.63667458 0.07294746
-2.951684 0.88532221 0.01387051
-3.19113708 1.01313567 0.08606766
-3.01743937 1.20371711 0.06585617
-2.88691235 1.3056581 0.04517411
-2.88991427 1.26774418 0.04159864
-2.72874379 1.25927234 0.00201497
-2.64004564 1.63649678 0.02328645
-2.53469348 1.62636411 -0.0038695
-2.49323797 1.80567968 0.00671717
-2.47859716 1.60048532 -0.0203969
-2.58245254 1.95398605 0.04516528
-2.48425364 1.81782556 0.00587629
-2.03299856 3.0726831 0.03845711
-2.05923748 3.0556798 0.04278329
-2.13891625 2.98217726 0.05358746
-2.24187279 3.0156548 0.08223487
-2.11806011 2.87145281 0.03626103
-2.202034 2.79042029 0.04761484
-2.01613855 2.58059859 -0.0214981
-2.09590006 2.54699969 -0.00575109
-2.25895596 2.62318158 0.04238665
-2.39340186 2.60458159 0.07273161
-2.05142713 2.38719177 -0.03497093
-2.12139797 2.48156428 -0.0068929
-2.33802438 2.41538453 0.0379
-2.36705041 2.51447535 0.05612883
-2.11092353 2.22054577 -0.03923082
-2.19145989 2.28358984 -0.01274053
-2.28305268 2.11280799 -0.0097211
-2.35717082 2.1067071 0.00785179
-2.2476542 1.98097539 -0.03333007
-2.38161588 1.99116957 0.00039804
-2.51001477 2.12815285 0.04758426
-3.87848163 0.93919563 0.08270461
-3.85090184 0.92476273 0.07416162
-3.68764448 1.3896054 0.087434
-3.69385195 1.30189252 0.07903253
-3.70199466 1.09673762 0.05732684
-3.5824976 1.24904442 0.04602439
-3.47281575 1.24609995 0.0189899
-3.54969072 1.5529803 0.07258695
-3.51055145 1.46326816 0.05267763
-3.30389929 1.3866843 -0.00624284
-3.49547887 1.81000149 0.08858609
-3.45577526 1.50969899 0.04439349
-3.24022698 1.42458093 -0.01739476
-3.44819474 1.78410172 0.07385459
-3.38778472 1.90956056 0.07363102
-3.1541698 1.72713542 -0.00362072
-3.30320048 1.92432749 0.05461277
-3.23069096 1.87845457 0.03181543
-3.12462091 1.85379457 0.00358715
-3.16010427 2.10705304 0.04102118
-2.43945575 3.47085452 0.01950816
-2.5070467 3.41497111 0.02967862
-2.74887443 3.45385933 0.09289964
-2.47573543 3.25120974 0.00356242
-2.65503526 3.2559123 0.04767953
-2.52403736 3.03790188 -0.00870338
-2.54990697 3.04642558 -0.00143514
-2.6426475 3.00491881 0.01651215
-2.80999517 3.08538675 0.06636421
-2.59053445 2.79829431 -0.01928001
-2.69461107 2.81888723 0.00780027
-2.74776626 2.97941589 0.0388943
-2.91937971 2.8802197 0.06954274
-2.85096884 2.79476213 0.04315561
-2.86340451 2.47180557 0.00949447
-3.01012444 2.68630075 0.06973291
-2.89788461 2.41413307 0.01172387
-2.97409868 2.38981414 0.02741379
-3.01155615 2.40028262 0.03754567
-2.94472647 2.25857854 0.00529893
-4.26871777 1.51314545 0.08709545
-4.28810024 1.30711937 0.06836977
-4.2580514 1.39985609 0.07150978
-4.22019196 1.41774249 0.06413735
-4.08828163 1.36909139 0.02676093
-3.97763443 1.36389375 -0.00035881
-3.9244988 1.44821393 -0.00392136
-4.12762642 1.66343021 0.06944052
-4.09487009 1.63808501 0.05864676
-3.85281515 1.62936175 -0.0009679
-4.03128147 1.86249411 0.06868475
-3.96178293 1.8147589 0.04664631
-3.79727316 1.80535662 0.00571847
-3.79162359 1.75457346 -0.00139182
-3.91699624 2.12633204 0.0707696
-3.89562416 1.98131812 0.04941659
-3.79785705 2.13011932 0.04255422
-3.67307138 2.28056002 0.02908133
-3.57698703 2.2722559 0.00455382
-3.55133057 2.18418431 -0.011682
-3.51110721 2.04763269 -0.036944
-3.44074225 2.27446985 -0.02770332
-3.05944729 3.51974511 0.02069706
-3.20474434 3.36426616 0.03809826
-3.09961748 3.11707211 -0.0152714
-3.14495659 3.04946589 -0.01227447
-3.19887066 3.12764621 0.00961773
-3.38386488 3.19028759 0.06173581
-3.28279066 3.01271963 0.01714973
-3.2810328 2.95094538 0.00986769
-3.46988416 3.06206441 0.06813361
-3.34890461 2.6889565 -0.00310998
-3.58986497 2.76025271 0.06356213
-3.26032233 2.56607389 -0.03881703
-4.94787693 1.51326144 0.10278513
-4.83880568 1.44779932 0.06880466
-4.83005714 1.81879067 0.10836716
-4.80950832 1.60299027 0.07901341
-4.74239588 1.53759348 0.05549541
-4.52569151 1.64366376 0.01483344
-4.59891844 1.81765115 0.05226371
-4.51350117 1.83866477 0.03405182
-4.48148537 2.04466009 0.04956008
-4.46093702 1.95685351 0.03455022
-4.50695848 2.2830894 0.08264717
-4.46939182 2.21175742 0.06522792
-4.26622009 2.25706506 0.02092395
-4.14409399 2.13694763 -0.02186245
-4.20914888 2.32041454 0.01440631
-4.25186396 2.56691933 0.05286001
-4.0803647 2.69701862 0.02606378
-4.04975271 2.57786465 0.00536245
-3.94958353 2.52038908 -0.02617637
-3.70547295 4.06396627 0.08986448
-3.75761104 4.14621019 0.11191748
-3.82871985 4.05314445 0.11855605
-3.65778041 3.87442398 0.05666347
-3.65498424 3.4868021 0.01181441
-3.71578932 3.58663321 0.03800289
-3.78290582 3.64183998 0.06052875
-3.8194356 3.53791308 0.05757438
-3.8108294 3.51817679 0.0532863
-4.03019905 3.52580237 0.10808235
-3.99716973 3.38909221 0.08413357
-3.67324138 3.21738243 -0.01386928
-3.73505712 3.2222724 0.00178482
-3.78079796 3.16431522 0.00604964
-3.90570426 3.12494278 0.0323303
-4.02588081 3.13067079 0.06203355
-4.10905075 2.98776841 0.06586299
-3.86688089 2.73401499 -0.02187219
-3.92815089 2.67583394 -0.01369239
-4.04937792 2.82603931 0.0333909
-5.48490715 1.59792256 0.09903256
-5.28883982 1.67596507 0.0601155
-5.21366644 1.71320713 0.04627661
-5.17892504 1.72151065 0.03880666
-5.2713294 2.15154719 0.11026817
-5.33154058 1.827492 0.08800211
-5.26168871 1.82682812 0.07058246
-5.21478796 1.81098366 0.05745871
-5.12610865 1.94146407 0.0504244
-5.18042183 2.23470402 0.09696196
-5.1471076 2.20902061 0.08574563
-4.90985012 2.09051466 0.01538994
-5.06449366 2.4287374 0.09070909
-5.03883457 2.51595759 0.09440678
-4.91813278 2.22873974 0.03285943
-4.83251333 2.1769371 0.00636197
-4.74900818 2.23154449 -0.00798925
-4.79022074 2.53166914 0.03631307
-4.61975241 2.32595897 -0.02878745
-4.70569038 2.63676143 0.02740251
-4.74658632 2.49630117 0.02160525
-4.74203205 2.78581095 0.05293577
-4.56215525 2.66958046 -0.00381735
-4.53687859 2.57600212 -0.02065322
-4.00295782 4.36791277 0.05302841
-4.0340023 4.3888545 0.06303431
-4.08256769 4.47236967 0.08408459
-4.0393796 3.91889906 0.01065683
-4.09034061 3.97419119 0.02915664
-4.16523409 4.21268845 0.07452895
-4.27077532 4.14345169 0.09258232
-4.32156134 3.97543812 0.08612314
-4.18672323 3.83725262 0.03747477
-4.17399597 3.6131351 0.00882461
-4.1934247 3.5764122 0.00937098
-4.40011978 3.73600054 0.07789942
-4.2483592 3.32167315 -0.00576107
-4.3102479 3.2273438 -0.00184321
-4.51168299 3.33408523 0.0593439
-4.38334084 3.07531285 -0.00130058
-4.37905502 3.16226673 0.00743506
-4.43299627 3.09329367 0.01281506
-4.381917 2.91450429 -0.0198407
-4.51277542 3.06409287 0.02905315
-5.75429487 2.10883427 0.0840232
-5.65719032 2.06784081 0.05571138
-5.52030611 2.06283951 0.02225926
-5.43695021 2.29600191 0.02849941
-5.45920992 2.47331285 0.05381593
-5.42118597 2.42795491 0.03959536
-5.28064299 2.30134821 -0.00886931
-5.46245623 2.69458032 0.07976974
-5.40389585 2.82442737 0.08014215
-5.28171015 2.70359302 0.0364803
-5.22686291 2.49453354 -0.00020921
-5.27721786 2.9229753 0.06019262
-5.16677809 2.76750851 0.01617129
-5.2262845 2.99233747 0.05592439
-5.18666935 2.95428872 0.04195901
-5.06900692 2.99076653 0.01768588
-5.10328293 2.85248494 0.0105549
-4.96827173 3.11657786 0.00743646
-4.94227505 2.99541354 -0.01248121
-4.54512835 4.55283213 0.06723761
-4.6341691 4.73318911 0.10913379
-4.72816086 4.54267979 0.11062548
-4.74403667 4.61581326 0.12259279
-4.53855562 3.91763544 -0.00628852
-4.72515821 4.14082813 0.0643651
-4.81090117 4.16723776 0.08811869
-4.67457914 3.81507206 0.01510458
-4.78785515 3.9868927 0.06242511
-4.63770676 3.63276577 -0.01456673
-4.71415567 3.634022 0.00429666
-4.94110775 3.68905163 0.06556232
-4.98584366 3.73189402 0.08121704
-4.64094543 3.49607968 -0.02912052
-4.73629379 3.43141747 -0.01307888
-4.77083302 3.48173356 0.00095918
-4.83847284 3.44808936 0.01340664
-4.86702108 3.46792436 0.02257715
-4.93463802 3.4543128 0.03742909
-5.06233597 3.57428813 0.08217223
-4.88461924 3.31500387 0.00964062
-4.99720716 3.46802759 0.05419095
-5.06493282 3.42807126 0.06630178
-4.84424543 3.18114781 -0.01527314
-5.01320124 3.18851113 0.02662523
-6.31209183 2.18668604 0.09513976
-6.2309227 2.19309354 0.07649285
-6.14491034 2.05147505 0.03949082
-6.05913401 2.05616212 0.01900597
-6.02002048 2.15608764 0.02100953
-6.159832 2.24844408 0.06552148
-6.07025576 2.25776649 0.04496288
-6.02865124 2.20028973 0.0282179
-6.04977894 2.70720768 0.0902906
-5.9641943 2.56975627 0.05462131
-5.83590555 2.44486022 0.00870726
-5.97012854 2.84399867 0.0867886
-5.70149231 2.70518589 0.00616281
-5.90451956 2.92334461 0.07982729
-5.8087368 2.92811871 0.05707787
-5.72440672 2.96387911 0.04055975
-5.58688736 2.75269866 -0.01659497
-5.72932243 3.0788219 0.05464175
-5.75055838 2.99971437 0.05092993
-5.60782862 2.99331856 0.0157344
-5.59032583 3.08757067 0.02214983
-5.48922968 3.19215918 0.00980749
-5.50636196 3.23736691 0.01898728
-5.40306187 3.14676213 -0.01675154
-5.36550379 3.0440371 -0.03754631
-4.95802832 4.77335978 0.05944823
-5.11701393 4.78505564 0.09918989
-5.11144352 4.87644196 0.10832225
-5.27724886 4.58475876 0.11521043
-5.09837961 4.45859957 0.05775423
-5.12060404 4.19123363 0.0333214
-5.27396202 4.21558475 0.0728918
-5.14188337 3.98449755 0.01495994
-5.20522499 4.10235929 0.0435159
-5.41635847 4.06179953 0.08981453
-5.05131483 3.75263095 -0.03369221
-5.19873571 3.94620848 0.02410734
-5.289361 3.76604486 0.02557869
-5.21545267 3.59903693 -0.01114115
-5.24782991 3.39661646 -0.02608025
-6.70691299 2.5591557 0.10529138
-6.77165699 2.21308541 0.08150873
-6.56109953 2.57970166 0.07188869
-6.45924759 2.52840757 0.04154988
-6.27339411 2.56769156 0.00096664
-6.33549929 2.72320151 0.03351836
-6.26481867 2.57146692 -0.00066735
-6.39677477 3.00360823 0.07993318
-6.30466461 3.1259253 0.07211109
-6.24072981 3.1389823 0.0579309
-6.11591005 3.05360985 0.01760701
-6.05319405 3.02578139 -0.00043809
-6.19333696 3.23550725 0.05711478
-6.07553768 3.31270075 0.03692678
-6.04631424 3.42073727 0.04227093
-5.90547466 3.33770037 -0.00144592
-5.87686872 3.50732541 0.01102459
-5.3415966 4.9455719 0.04413258
-5.57986927 4.98722029 0.10631151
-5.36317348 4.58490896 0.00866549
-5.6015892 4.49852514 0.05656702
-5.44835711 4.11365223 -0.02408792
-5.5625329 4.33233118 0.02840071
-5.75024223 4.22495651 0.0612602
-5.64344263 3.9892056 0.00927907
-5.87337685 4.07085419 0.07360097
-5.56293583 3.8443532 -0.02692308
-5.76699114 3.96542287 0.03619171
-5.61094046 3.76282549 -0.02413432
-5.77484989 3.81898928 0.02179902
-5.89980936 3.66798568 0.03445233
-7.02157307 2.37286901 0.03726886
-7.01000166 2.75019693 0.0770456
-6.97839737 2.72517896 0.06648209
-6.95983648 2.64776587 0.0534352
-6.77157068 3.26482844 0.07716471
-6.51390219 3.06053352 -0.00823411
-6.62455606 3.24695826 0.03966113
-6.45430994 3.15201592 -0.01247872
-6.60409307 3.40814567 0.05299742
-6.41889191 3.37930107 0.00434874
-6.51334 3.58866215 0.0513854
-6.4635849 3.55775595 0.03551914
-6.38681316 3.60546374 0.02238041
-6.34769011 3.56965899 0.00887682
-6.23110676 3.39858508 -0.03870159
-6.46392202 3.66490531 0.04796759
-6.27788687 3.73877716 0.01113928
-6.23769712 3.5676868 -0.01784802
-5.77209091 5.34155226 0.06936767
-5.80923748 5.30793524 0.07457927
-5.93888092 5.14777517 0.08826035
-5.90860033 4.83452988 0.04526342
-6.08208656 4.8420825 0.08897614
-5.91974401 4.58355618 0.01975938
-6.07526827 4.69464302 0.07025585
-6.13945007 4.63616323 0.07905058
-6.00488663 4.39333487 0.01902205
-6.13413 4.49227905 0.06126646
-6.23341131 4.49583864 0.08614615
-6.0190506 4.24560642 0.00585432
-6.10636091 4.35868311 0.03956812
-6.14379644 4.31498909 0.04367502
-6.25538063 4.24297714 0.06300869
-5.99463081 4.08336687 -0.01861685
-6.30611467 4.25648499 0.07693106
-6.16700172 3.87541819 -7.722e-05
-6.11438274 3.78579402 -0.02297223
-6.21936703 3.87367654 0.01252924
-6.34752464 3.97538376 0.05514796
-6.36439419 3.89022326 0.04979448
-7.45413351 2.82683563 0.07403585
-7.44592428 2.61487699 0.04811547
-7.36550665 3.16775417 0.09110037
-7.4035778 2.83543968 0.0628868
-7.3301692 3.14717436 0.08025531
-7.15658951 3.13852191 0.03762515
-7.02325487 3.12947488 0.0040379
-6.99138165 3.3059392 0.01652027
-7.01683092 3.15073657 0.00488521
-7.02526331 3.49541235 0.04588347
-6.99794722 3.6349771 0.05504688
-6.85286331 3.56387234 0.01183251
-6.74041605 3.40255141 -0.03369714
-6.909338 3.81141114 0.05371113
-6.70556116 3.61915946 -0.01794047
-6.69881344 3.77458906 -0.00170671
-6.33249092 5.31656742 0.08379301
-6.36907625 5.23074722 0.08275393
-6.45157433 5.28085613 0.10867387
-6.36176205 5.0158987 0.05703465
-6.4242568 5.05279303 0.0762936
-6.5873251 5.09198141 0.12002643
-6.40899134 4.79851055 0.04383241
-6.42170238 4.72119617 0.03820106
-6.37792778 4.59631157 0.01334485
-6.71561241 4.68616104 0.10539957
-6.4691906 4.40936661 0.01457337
-6.66799021 4.48813772 0.07131746
-6.37602949 4.33000994 -0.01686063
-6.49921703 4.2397275 0.0023428
-6.65651321 4.07586813 0.02213356
-6.70175838 4.06407642 0.03195472
-6.77798986 4.14692163 0.06001309
-7.93015289 2.87994289 0.08143844
-7.79388428 2.927706 0.05377063
-7.64845753 3.05238628 0.0326394
-7.78556395 3.40842795 0.10574228
-7.80402231 3.13725615 0.07985339
-7.6975069 3.24188852 0.06598469
-7.50076723 3.20054674 0.01303709
-7.72222137 3.42176294 0.0917551
-7.65155029 3.41560316 0.07398833
-7.63628817 3.43270683 0.07221526
-7.58074093 3.33628607 0.04808984
-7.50732708 3.35820532 0.03261004
-7.55049372 3.65623808 0.07657407
-7.57605886 3.55439639 0.07112928
-7.38222265 3.4188838 0.00909281
-7.37552452 3.61936879 0.03014749
-7.33689499 3.894243 0.05195934
-7.22591829 3.83839202 0.0187596
-7.35739136 3.97194624 0.06573934
-7.21537924 3.94472098 0.02814642
-7.14597654 3.84470296 -0.00029004
-6.54704332 5.24493074 0.01287119
-6.7129097 5.28273869 0.05764283
-6.64523745 4.93819046 0.00205631
-6.65733862 5.02357578 0.01453125
-6.7324152 4.91809177 0.02080821
-6.79040337 5.06857634 0.05221341
-6.90040588 5.07290649 0.07952221
-6.9666748 4.77497578 0.06140099
-6.82575369 4.6446352 0.01254181
-6.91449833 4.6633935 0.03624218
-6.7724762 4.4712882 -0.01992608
-7.01165581 4.26158905 0.01427319
-7.05161285 4.21691895 0.01897606
-7.0539279 4.16417027 0.01367229
-7.12460375 4.26955318 0.04320555
-7.13910723 4.32729721 0.0532371
-8.18374825 3.31173921 0.08116954
-8.04373455 3.43150091 0.06043106
-7.90419674 3.36445141 0.01924441
-7.97901773 3.72172236 0.07777415
-8.03270531 3.54126096 0.07036571
-7.83819723 3.55163336 0.02421873
-7.80292273 3.45574379 0.00483484
-7.73139381 3.72892499 0.01789884
-7.73473692 3.56126714 -0.00028881
-7.66590548 3.77520108 0.00711695
-7.61513281 4.06168175 0.02783956
-7.60386896 3.92076278 0.00876935
-7.5257082 3.97702551 -0.00333438
-7.45650625 4.28496599 0.01439688
-7.4040761 4.20001745 -0.00799116
-7.00146914 5.56268883 0.04889653
-7.10255337 5.6827693 0.08716053
-7.27813673 5.3820405 0.09551258
-7.07598543 5.43628073 0.05228003
-7.2921257 5.21341658 0.07978524
-7.14768505 4.82032394 0.00012936
-7.27246666 5.01948881 0.05272329
-7.08279848 4.73969126 -0.02483472
-7.17995358 4.79952765 0.00538739
-7.15818214 4.58296394 -0.0244073
-7.32703543 4.39313745 -0.00438276
-7.42082882 4.51884079 0.03234017
-8.48554993 3.40218353 0.05807928
-8.44245815 3.31407189 0.03719906
-8.37255859 3.49722147 0.04111138
-8.34442997 3.43131018 0.02627981
-8.36638641 3.73990726 0.06692988
-8.32196522 3.7060802 0.05257523
-8.15874004 3.63765073 0.00503346
-7.84257555 4.07567453 -0.02183639
-8.01461792 4.30203724 0.04546019
-7.90243864 4.24511862 0.01142097
-7.87842703 4.39913702 0.02330834
-7.80059481 4.30915117 -0.00591028
-7.36839962 5.71671677 0.04814332
-7.37419128 5.58186913 0.03438888
-7.66777897 5.47707796 0.09406106
-7.4253788 5.13949203 -0.00286887
-7.47157192 5.27496576 0.02328855
-7.66796637 5.31745195 0.07599911
-7.5946908 5.0512557 0.02843178
-7.68728781 5.02967691 0.0483309
-7.71505642 5.18217325 0.07226183
-7.62745857 4.90627718 0.01966258
-7.64165258 5.00349426 0.03442115
-7.7753768 4.97832108 0.06387343
-7.61410952 4.78685141 0.00268996
-7.72604275 4.82803679 0.03458331
-7.6800518 4.60301971 -0.00179324
-7.74295425 4.62674475 0.01598435
-7.72826958 4.55760288 0.0045342
-8.82568169 3.45432377 0.04324188
-8.77481651 3.85378456 0.07618108
-8.7448349 3.75342202 0.05787595
-8.70485687 3.64599204 0.03578549
-8.63547611 3.67097759 0.02173311
-8.54252911 3.76173234 0.00928135
-8.54911232 3.79216242 0.01419
-8.48931122 4.16447353 0.04244733
-8.4596529 3.97067642 0.01288997
-8.28174019 4.21599436 -0.00263253
-8.27162266 4.46511602 0.02338146
-7.74955559 5.53801775 0.01832647
-7.81600428 5.7279191 0.05569011
-7.82241678 5.66372633 0.04995609
-7.92593002 5.68479586 0.07730179
-7.95023203 5.65323114 0.07969778
-8.00370026 5.6125617 0.08833372
-7.86476135 5.38155842 0.0285785
-8.1067009 5.43464851 0.09319572
-7.84814548 5.22758198 0.00708877
-7.89071989 5.18367434 0.01229403
-7.98228931 5.26924467 0.04428353
-8.05635929 5.309659 0.06637415
-8.09805202 5.20576 0.06469901
-8.09155083 5.13506126 0.05515519
-8.18233871 5.05018234 0.06765036
-8.07569218 4.76606894 0.0100807
-7.98439407 4.63650465 -0.02704066
-9.25979233 3.72266507 0.08037432
-8.9785738 3.91082931 0.03355124
-8.9989233 4.18087482 0.06864575
-8.92887306 4.02582788 0.03481621
-8.78395557 4.09362984 0.00684672
-8.8455677 4.19255972 0.03323761
-8.84325218 4.54014111 0.07168691
-8.77314186 4.49250078 0.0493021
-8.77207565 4.33268547 0.03121787
-8.61299896 4.30958557 -0.01045984
-8.76412106 4.64078283 0.0643
-8.46986008 4.49126625 -0.02451909
-8.50371075 4.77332687 0.01590828
-8.22052288 5.79753923 0.06318834
-8.07022572 5.60532808 0.00452109
-8.21642399 5.61838293 0.04165865
-8.25382423 5.72376251 0.06280916
-8.06995201 5.47697353 -0.01005865
-8.38472843 5.33406973 0.05055662
-8.29804707 5.23620653 0.01838797
-8.50615311 5.10356569 0.05382524
-8.35302162 4.96374989 0.00108422
-8.3429203 4.89125919 -0.00963559
-9.46042824 4.08411074 0.07497939
-9.33908749 4.06722641 0.04343078
-9.27461338 4.0835247 0.02971153