# .PCD v0.7 - Point Cloud Data file format
VERSION 0.7
FIELDS x y z
SIZE 4 4 4
TYPE F F F
COUNT 1 1 1
WIDTH 2286
HEIGHT 1
VIEWPOINT 0 0 0 1 0 0 0
POINTS 2286
DATA ascii
-2.92291665 2.19975567 3.31082606
-2.70672774 1.61861467 3.56169653
-2.78714228 2.1381855 3.28995132
-2.74418974 1.82015991 3.45872307
-2.66023374 1.48273599 3.62314415
-2.57645679 1.37760949 3.66452312
-2.61082077 1.61284113 3.53618574
-2.56741428 1.38404298 3.65961266
-2.57755947 1.61441743 3.53062725
-2.50866127 1.52962446 3.56896091
-2.60428214 1.45982528 3.62188649
-2.51088762 1.37274432 3.6726377
-2.53670359 1.2685467 3.74399495
-2.41563201 1.5980525 3.52984834
-2.36764836 1.60745215 3.53345609
-2.33299994 1.66719675 3.49322486
-2.18094587 1.63226056 3.54431963
-2.32004976 1.42819238 3.6784153
-1.86613131 1.72349405 3.5464704
-2.12525582 1.54889524 3.62563229
-1.76965034 1.68185592 3.61415792
-1.96538901 1.70299983 3.53453302
-2.07127523 1.51922917 3.66930628
-1.94330645 1.73847651 3.50920987
-1.59636402 1.74664259 3.60928512
-1.31860328 1.93464184 3.52991796
-2.60462976 2.13847947 3.18583512
-2.55741596 1.87852478 3.37341285
-2.35629845 2.11722159 3.13845062
-2.49396372 2.14414763 3.14996123
-2.35671043 1.92323744 3.2823379
-2.29724503 2.05498147 3.17108727
-2.2325542 1.79160535 3.40099359
-2.16761065 1.91615498 3.29562449
-2.30010843 1.72173846 3.45469379
-2.18172383 1.85997748 3.345788
-2.18100262 1.78894913 3.4124372
-2.06390119 1.86362994 3.36109018
-1.85295308 1.99654055 3.24435163
-2.07935476 1.93678093 3.28698349
-2.03421974 1.96758282 3.25964832
-1.98940325 1.83593166 3.39429355
-1.83736384 2.02365494 3.21848011
-1.52750897 1.94188809 3.43168044
-1.76811719 1.8166101 3.49157715
-1.58092988 1.92934012 3.42361784
-1.30581987 1.9699986 3.49866414
-1.65854752 1.95128834 3.35568595
-1.78061604 1.95380759 3.29362082
-1.57055771 2.02565694 3.2906065
-1.35192168 2.02542686 3.38688564
-1.20567119 2.03337526 3.43696451
-1.24918127 2.06141925 3.36830473
-1.37449396 1.99884295 3.42398643
-2.12625265 2.0770154 3.14268613
-1.97804809 2.25525522 2.93649936
-1.92860842 2.06114578 3.17267156
-2.01790953 2.19234657 3.00995851
-1.85470665 2.06729198 3.16935539
-1.67747688 2.225811 2.96263504
-1.74014485 2.22875333 2.96238303
-1.54565167 2.233289 2.94513297
-1.68160462 2.22570848 2.9630096
-1.73383582 2.28618336 2.88624501
-1.86920714 2.32863474 2.83807659
-1.28447628 2.16071749 3.17515063
-1.54973185 2.0713098 3.2185719
-1.21594381 2.12478113 3.27063751
-1.25966096 2.14860606 3.20809746
-1.31836736 2.20219874 3.08507538
-1.32038617 2.20621228 3.07692146
-1.53485262 2.12908292 3.12077856
-1.07943261 2.21319056 3.15052867
-0.95154738 2.25885463 3.07184958
-1.19239128 2.231709 3.068681
-1.0105598 2.18300629 3.24901652
-1.21878803 2.24320292 3.03112507
-0.98804951 2.24116826 3.10627127
-1.78508127 2.32976961 2.82865024
-1.7256397 2.33655024 2.81113982
-1.70217907 2.34225821 2.79937625
-1.61568809 2.40545964 2.68012428
-1.46900177 2.39749479 2.65803981
-1.51786554 2.29509354 2.85261679
-1.13505828 2.30733013 2.90139675
-1.13983047 2.31257558 2.88827252
-1.3421793 2.3351016 2.77968812
-1.32633376 2.40485048 2.62795138
-1.17702043 2.37063575 2.74749637
-1.14817202 2.38600135 2.72135139
-1.33546829 2.42146444 2.58810186
-0.83363903 2.40405107 2.66574144
-0.9509086 2.35425401 2.83321238
-0.95123005 2.38249803 2.73811889
-1.07243681 2.3976264 2.68698716
-0.84859568 2.36384869 2.80107379
-0.78017467 2.38684821 2.72374797
-1.415519 2.47496295 2.50011396
-1.34602773 2.48200989 2.45102859
-1.36203933 2.48673868 2.44782448
-1.17594731 2.48046041 2.43960738
-1.07965863 2.42265415 2.60292196
-1.23313141 2.45764565 2.50058222
-1.15812337 2.48958707 2.41503119
-1.2160219 2.5008285 2.38183856
-0.99030161 2.49114585 2.41686058
-0.99547118 2.42700243 2.59398174
-0.90948033 2.50692344 2.32425189
-0.71604341 2.4332509 2.55456972
-1.14515293 2.54987168 2.24056411
-0.78572965 2.50572419 2.27836919
-0.85309851 2.51159453 2.28139901
-0.88139325 2.48386908 2.40967631
-0.80290914 2.52769661 2.20350051
-0.96185511 2.54197216 2.20256615
-1.00011623 2.58780789 2.05786705
-0.91779518 2.60195732 1.95832157
-0.8981877 2.6020689 1.94215071
-0.86500442 2.56560183 2.09007645
-0.92932451 2.62859583 1.84012675
-0.82031757 2.62036872 1.79352343
-0.87955391 2.65281057 1.69949865
-1.77938843 1.6766715 -3.29410291
-1.91540051 1.6884135 -3.24555016
-2.08977509 1.57521236 -3.30658984
-1.76857162 1.74777615 -3.22711444
-1.57747769 1.80263662 -3.22365355
-1.58290625 1.78825939 -3.23550296
-2.35729599 1.41647065 -3.38654971
-2.44417953 1.36584795 -3.41190457
-2.28680205 1.62027037 -3.24493289
-2.42593145 1.46116686 -3.34276342
-2.4789319 1.48191988 -3.32620525
-2.58952832 1.32183301 -3.42620945
-2.33172822 1.64327121 -3.22731853
-2.24653769 1.620399 -3.24699688
-2.50265145 1.54810619 -3.28702188
-2.62033248 1.40448821 -3.39092278
-2.52025008 1.51541936 -3.30762577
-2.61632848 1.71024668 -3.23655462
-2.4969461 1.78900814 -3.1615417
-2.66414356 1.93896139 -3.12328887
-2.53951192 1.73264933 -3.2038579
-2.70756388 1.92887223 -3.14455223
-2.76614308 1.59647202 -3.34652019
-2.85470462 1.91867352 -3.21162462
-2.89286375 2.14918876 -3.1045599
-2.91336441 2.14587331 -3.11491609
-2.83591866 2.18977165 -3.06050324
-2.93305707 2.36002445 -3.0121305
-2.98309231 2.42162585 -3.00062871
-1.29429412 1.97580791 -3.06418943
-1.27282929 1.97114813 -3.09132671
-1.12977087 2.03505254 -3.03400159
-1.6221509 1.90113533 -3.06674314
-1.31020784 2.01597333 -3.00337815
-1.29489851 2.00853133 -3.01638317
-1.62791634 1.88087237 -3.09026718
-1.59049642 1.88504112 -3.0945034
-1.83900285 1.80516708 -3.13067603
-1.28526056 1.9859283 -3.04664922
-1.99910331 1.76549017 -3.14729738
-2.02929091 1.78324509 -3.12713766
-1.94719326 1.78745294 -3.12835217
-1.96108258 2.01734018 -2.91375875
-1.80548251 1.99484074 -2.93295884
-2.32421756 1.77636766 -3.12094355
-2.20615673 1.96390641 -2.95982623
-2.16994405 1.89884555 -3.01566195
-1.71132231 2.00613999 -2.92318487
-2.07197452 1.93414354 -2.98527908
-2.30625772 2.04299879 -2.92864347
-2.35304809 1.89212668 -3.0433681
-2.53290653 1.9643724 -3.062397
-2.53457093 1.94176507 -3.07763243
-2.31448269 2.04677653 -2.92920709
-2.51129436 2.0567522 -2.98960328
-2.32398891 2.09297299 -2.89730573
-2.41124892 2.17638516 -2.86316347
-2.43049622 2.08080149 -2.94330859
-2.57849789 2.11469221 -2.96815443
-2.4990468 2.23282027 -2.84995699
-2.65808606 2.1225462 -2.99274039
-2.8221724 2.43625808 -2.89357424
-2.85485959 2.32561731 -2.99501038
-3.0186646 2.62404466 -2.90633655
-2.99703431 2.58123517 -2.9204278
-2.91113544 2.43346715 -2.96081948
-2.92065048 2.53042698 -2.89993262
-3.00769591 2.77872992 -2.75644612
-3.02851915 2.88092232 -2.68031287
-2.97524524 2.69660974 -2.8038106
-3.03575754 2.87399936 -2.6930728
-0.97143543 2.17757845 -2.77156019
-1.0269165 2.11592603 -2.92201734
-1.55969977 2.02259898 -2.93105602
-1.40513515 2.05764723 -2.90547872
-1.48878491 2.03450251 -2.9313457
-1.2927742 2.07085299 -2.92221785
-1.27560329 2.10893202 -2.82668185
-1.43920946 2.19146085 -2.67343569
-1.35486221 2.18769264 -2.69251084
-1.40571642 2.08680987 -2.84042883
-1.05106747 2.18946624 -2.73749781
-1.26202774 2.16133022 -2.74783683
-1.34041572 2.11811781 -2.80230331
-1.72975802 2.07378101 -2.83659768
-1.97356462 2.10039496 -2.81667137
-1.57145739 2.14712381 -2.7309382
-1.86466849 2.0374527 -2.89238667
-1.78422999 2.042907 -2.88033175
-2.00244784 2.15637422 -2.7531569
-2.01446843 2.22081232 -2.68128276
-1.748191 2.22689366 -2.64841461
-2.03239393 2.28784943 -2.6070385
-1.57085085 2.25217891 -2.60245252
-1.84918571 2.19043994 -2.69958997
-1.88643897 2.19483328 -2.69824338
-2.20220256 2.25270057 -2.70810866
-2.15752602 2.19318342 -2.74247169
-2.33820224 2.20964146 -2.8079772
-2.4017868 2.35439587 -2.70431542
-2.21651912 2.11519337 -2.83987665
-2.08494282 2.31242776 -2.60139227
-2.09203959 2.39289308 -2.52522349
-2.4982748 2.48139405 -2.61328387
-2.39482141 2.41286135 -2.64006972
-2.23354602 2.42984366 -2.5493474
-2.38709211 2.42733741 -2.62110424
-2.38606024 2.56374645 -2.47469091
-2.75315833 2.63200998 -2.66788673
-2.97218513 2.83428979 -2.67386079
-2.64094734 2.5430038 -2.65123367
-2.6399641 2.61547637 -2.58300877
-2.66537976 2.67282534 -2.55221748
-2.6010921 2.64729595 -2.51901102
-2.76645923 2.77912521 -2.54294014
-3.03703499 3.02796412 -2.50791574
-2.69472623 2.800565 -2.43426251
-3.03681946 3.09262967 -2.41747451
-2.98382068 3.04029346 -2.42996192
-2.98734736 3.02106261 -2.46081161
-2.78541946 2.88231039 -2.42379284
-0.81657004 2.24543548 -2.67597175
-0.80277479 2.26602125 -2.61139154
-0.87377363 2.24691534 -2.66049838
-1.13664353 2.26180768 -2.56299758
-1.37153745 2.22945404 -2.62481284
-0.91540682 2.29043198 -2.51080465
-0.6730454 2.34975266 -2.37309027
-1.24185681 2.32122993 -2.43455863
-1.25393558 2.25719833 -2.55849123
-1.32183886 2.35582256 -2.36856651
-1.12361121 2.34020638 -2.39655519
-1.27437353 2.27372265 -2.52677011
-1.27151656 2.28286743 -2.50905824
-1.82549775 2.3263607 -2.53493023
-1.39706874 2.29759169 -2.48664641
-1.62737989 2.29227352 -2.54866219
-1.69056439 2.33794141 -2.48391032
-1.5353384 2.24974847 -2.60134745
-1.85021138 2.34799433 -2.5030601
-1.31938982 2.41441512 -2.26892424
-1.88345051 2.5205636 -2.24685359
-1.77046442 2.41081214 -2.38494682
-1.95172405 2.41819596 -2.41822791
-1.68862414 2.37700295 -2.41595578
-1.98009181 2.3727777 -2.49379158
-1.89738476 2.49306417 -2.29181051
-2.31009483 2.55260015 -2.44731951
-2.05348444 2.54018283 -2.31664705
-2.05451107 2.40918517 -2.48462415
-2.21051192 2.60141635 -2.32807374
-2.26014066 2.58358407 -2.37920117
-2.38714933 2.61655521 -2.4095993
-2.03295135 2.38535285 -2.50276542
-2.09308243 2.59346414 -2.27111387
-2.23552704 2.62081981 -2.31538057
-2.33416438 2.73007989 -2.20908976
-2.11651587 2.67851138 -2.15626621
-2.09953165 2.67408109 -2.15275979
-2.47693443 2.75821877 -2.26438355
-2.94147086 3.0613699 -2.35312009
-2.5506258 2.81439328 -2.26826429
-2.69902349 2.83158875 -2.39705873
-2.62468743 2.76615262 -2.40420437
-2.59122157 2.75688028 -2.38196254
-0.7165432 2.37243629 -2.30340624
-0.93607122 2.42259479 -2.15567708
-1.02592325 2.38593316 -2.30279136
-0.8647235 2.43648005 -2.09412432
-0.94168162 2.42365885 -2.15269279
-0.85715884 2.36957669 -2.33577132
-1.02981889 2.44034195 -2.12268114
-1.24674523 2.45927095 -2.13045025
-1.1706562 2.42048216 -2.2074976
-0.9901554 2.4560864 -2.07360578
-1.17958999 2.44760895 -2.14244127
-1.19701576 2.47212148 -2.08601594
-1.73001206 2.54863548 -2.14916706
-1.5334723 2.49466348 -2.18303657
-1.56979799 2.51362228 -2.15562129
-1.39124405 2.44296527 -2.23731351
-1.26669204 2.45556092 -2.14857101
-1.41354692 2.46926975 -2.18594909
-1.73641253 2.63349962 -1.97250223
-1.71518779 2.70014834 -1.82397199
-1.48383749 2.60369015 -1.91614425
-1.70682561 2.64108491 -1.94286644
-1.63704801 2.59412098 -2.00782681
-1.46927536 2.59614182 -1.92501676
-2.07581091 2.70921183 -2.07357574
-1.96312392 2.6486721 -2.09857512
-1.98726749 2.70298147 -2.01735926
-1.77812278 2.68015718 -1.89945173
-2.19573665 2.73532701 -2.11727834
-1.77143252 2.72211456 -1.81654763
-0.88331383 2.57483506 -1.6432035
-0.90948218 2.53206325 -1.82337832
-0.72965807 2.53367972 -1.73044789
-1.07962525 2.54349279 -1.86053431
-1.09080648 2.55126905 -1.83545244
-0.94589329 2.54395366 -1.79432797
-1.13930094 2.65601063 -1.52502358
-1.15070117 2.66163349 -1.51351416
-1.03282154 2.57650065 -1.71795702
-1.04552197 2.60686374 -1.62885773
-1.44147646 2.68454933 -1.66274083
-1.42611074 2.65127802 -1.75540388
-1.39872682 2.65498638 -1.72196531
-1.21090722 2.64367342 -1.60844135
-1.25052941 2.63570905 -1.66501558
-1.22283638 2.63578415 -1.64278233
-1.63594532 2.72519088 -1.69386065
-1.30565965 2.68953943 -1.54036844
-1.48216414 2.70794201 -1.62427795
-1.51644659 2.70361066 -1.66349041
-1.02169037 2.65922475 -1.43761492
-0.96225607 2.66082859 -1.38915157
-0.90362298 2.66687965 -1.32369173
-0.9631294 2.73501229 -1.09676278
-0.9913379 2.75140405 -1.05201399
-1.1099807 2.74230528 -1.17475772
-1.07790267 2.75018001 -1.1204021
-1.0582267 2.73825073 -1.15180504
-1.24106658 2.75502515 -1.22846127
-0.47752044 2.20599604 0.00225944
-0.55210692 2.2698338 0.0097248
-0.39663279 2.09806538 0.03393743
0.09619451 1.60203886 0.03183914
-0.58055729 2.21060991 0.02867368
-0.45457834 2.08786392 0.01808869
-0.26811227 1.91014767 -0.00483717
-0.67187655 2.29344916 -0.02847178
-0.46138492 2.12610054 -0.03631682
-0.02343458 1.75347376 -0.03500404
-0.35359308 2.04547596 -0.03807887
-0.13446033 1.88358319 -0.01733563
-0.72652388 2.42904186 -0.01014666
1.48990333 5.00254917 -0.08177665
1.32241309 4.88259459 -0.07494298
1.11428785 4.72143888 -0.09009586
1.32066727 4.8875823 -0.11850579
1.2403723 4.80347157 -0.12465121
1.34843671 4.87875462 -0.13946502
1.14192498 4.69767952 -0.12217735
1.43468177 4.92962694 -0.1466869
1.19520354 4.69279194 -0.09454483
1.4056679 4.87586737 -0.08116776
4.23621225 5.84553862 0.2201903
4.58043957 5.66063786 -0.17185086
4.24595261 5.8193965 0.14411117
4.24017191 5.7934103 0.05768031
4.09264755 5.90821648 0.34028208
4.31727552 5.74513721 -0.05250213
4.57484531 5.63897991 -0.24432428
4.4327817 5.68358755 -0.20228666
4.44476318 5.65677547 -0.3786279
4.36345243 5.68258572 -0.36579964
4.51662922 5.63714218 -0.36586082
4.33241177 5.70249224 -0.28467765
4.64216805 5.60018682 -0.47628731
4.70617533 5.60936308 -0.59191364
4.65841532 5.62548351 -0.59501582
4.37960815 5.67804766 -0.43226203
4.25623322 5.75708246 -0.68789697
4.23563385 5.79585123 -0.81150186
4.60576773 5.65437317 -0.65934938
4.2724719 5.76082563 -0.72735572
4.39630556 5.73038197 -0.73209679
4.25365734 5.77117968 -0.74550867
4.11910009 5.84302425 -0.864649
4.14034367 5.85397148 -0.92059529
4.12546968 5.85047436 -0.89531302
4.03773069 5.90034962 0.31036353
3.77494836 5.98034143 0.5791412
4.02257013 5.92727232 0.36556542
4.02826881 5.83359385 0.16650715
3.91349792 5.83340454 0.1561462
4.17650986 5.77578449 0.00246256
3.80064082 5.87201214 0.26452237
3.90074182 5.85109854 0.20913535
3.88205194 5.89943552 0.35527492
4.03172874 5.79127359 0.03429908
4.07502747 5.77269936 -0.04293074
3.89808321 5.80902863 0.06656694
4.09847021 5.72787285 -0.33463246
3.97703147 5.76735544 -0.16726616
4.16197968 5.7228961 -0.2950193
3.96756482 5.75379896 -0.28917184
3.86276793 5.80388594 -0.01480858
3.8572526 5.8186059 0.09766673
4.23427773 5.72366476 -0.4974418
4.18781233 5.75578165 -0.60522723
4.21180534 5.74730158 -0.58758652
4.30506182 5.69468689 -0.42681855
4.17106724 5.7122674 -0.38565296
3.9705472 5.78526306 -0.57499808
3.82730341 5.82650805 -0.72138625
3.89749312 5.76363468 -0.37477225
4.01145458 5.7887044 -0.6312564
4.07847977 5.79028273 -0.69727373
3.75467992 5.89295006 -0.90100366
3.79132628 6.00712347 -1.15860844
3.85190129 5.99302578 -1.13831222
3.81071258 5.98631191 -1.11626089
3.80829763 5.90748215 -0.9424482
3.82547045 5.94354725 -1.02480936
3.6714406 6.03659725 -1.23094952
3.69275141 5.99375391 -1.13270402
3.76222873 6.02320623 -1.19128263
3.69720745 6.04342985 -1.24351084
3.59653306 5.93884325 0.55054384
3.56302476 5.97082663 0.64697617
3.3958478 5.99470234 0.82665706
3.36975145 5.9969101 0.85133088
3.7177701 5.92767477 0.43389165
3.52521443 5.8547554 0.3339783
3.50732517 5.91612291 0.55361831
3.51781321 5.89739561 0.48475629
3.35494447 5.93353701 0.66971564
3.56361103 5.85789633 0.33086956
3.53434277 5.90913296 0.51948398
3.71384978 5.82067919 0.12731647
3.82782483 5.79741144 -0.08048862
3.83786178 5.79112434 -0.12800667
3.79716086 5.80557108 -0.01148191
3.75393343 5.81061935 0.04129405
3.82580972 5.7637229 -0.32744363
3.45130038 5.80934381 0.12871718
3.54723978 5.80110693 0.04783813
3.57279086 5.77472115 -0.22595403
3.59961176 5.79785967 0.01670783
3.58201122 5.77744293 -0.19709457
3.81287694 5.78613329 -0.46475449
3.67765903 5.77719784 -0.38805032
3.52288437 5.78617144 -0.40659386
3.57168126 5.76795101 -0.31550771
3.72635436 5.8403244 -0.74746048
3.44220901 5.77466106 -0.33140635
3.64647365 5.8315773 -0.69531548
3.50537229 5.82686901 -0.69534039
3.49260449 5.83751202 -0.77575457
3.48686767 5.82699776 -0.70076531
3.40238643 5.94630623 -1.06081724
3.58472943 5.95645952 -1.061077
3.4925642 5.90010166 -0.94720984
3.59327197 5.90174532 -0.93855268
3.37475944 5.95665503 -1.08716977
3.49145555 5.91586542 -0.98234552
3.27921629 5.8870573 -0.97431022
3.23255205 5.97450161 -1.2110163
3.19745207 5.96198034 -1.20094872
3.29150724 6.04266834 -1.34117472
3.28136277 5.98725796 -1.21383083
3.25870299 5.91744614 0.72485417
3.23394442 5.94604015 0.83689296
3.24348783 5.93327141 0.7886529
3.05927372 5.89609861 0.89902908
3.38263392 5.86948538 0.43943894
3.34201932 5.84973049 0.4303256
3.29681945 5.80390215 0.30116418
3.18195248 5.77842379 0.30302152
3.20673227 5.82504702 0.48620981
3.05207705 5.79571295 0.51089394
3.04862118 5.85492277 0.77868104
3.11495805 5.79965067 0.46519384
3.41485786 5.80641174 0.11232445
3.29423285 5.78418398 0.13759962
3.40999627 5.81353188 0.19311905
3.41113925 5.78297234 -0.11335711
3.06039977 5.752707 0.30216667
3.04558873 5.7363348 0.0945939
3.11513495 5.73353291 -0.10831317
3.10312772 5.74783897 0.13806692
3.15344238 5.73746347 -0.13638492
3.21818638 5.74309206 -0.19933623
3.04541564 5.74850273 0.2810376
3.25107169 5.75175953 -0.32904169
3.34523988 5.80464554 -0.59198004
3.19547105 5.77261591 -0.50839949
3.32301712 5.83136845 -0.78179342
3.2625947 5.80915928 -0.68840957
3.2953279 5.79634523 -0.57937741
2.96574068 5.76096153 -0.77237898
3.16134071 5.80258465 -0.79588866
3.18721461 5.80589533 -0.78054273
3.12482572 5.77475834 -0.62285209
3.22216558 5.80061769 -0.67782021
3.15361142 5.86539602 -0.97860461
3.27220225 5.83418751 -0.84478909
2.97934031 5.82274723 -0.95196247
3.1221261 5.96047401 -1.23308671
3.05330515 5.8596158 -1.01061547
3.15015078 5.83435392 -0.90190136
3.11590981 5.88071775 -1.03477049
2.94121981 5.81803274 -0.97776377
2.95420194 5.85784054 -1.07824588
2.96884656 5.93488741 -1.28401899
2.84928894 5.90535641 -1.32792926
2.82992387 5.88220596 -1.28222489
2.95809937 5.78842449 0.62604713
2.95219707 5.80498171 0.70355397
2.94214845 5.76241398 0.55197442
3.00001431 5.78786612 0.54455948
2.73295617 5.71194506 0.74525839
2.92736006 5.79431677 0.70777804
2.68457651 5.6416564 0.41262868
2.68833995 5.64392471 0.41878232
2.97422242 5.73460627 0.36412784
2.98776102 5.73855352 0.35932004
2.87664866 5.69686365 0.33933458
2.82388568 5.66694069 0.18089305
2.93364382 5.6941061 0.00253517
2.78306031 5.65933514 0.28779209
2.7144382 5.63516378 0.2826243
2.76846147 5.65369368 0.27858567
2.70317531 5.61984491 -0.04655772
2.77673554 5.64204836 -0.04825081
2.66219974 5.60267639 -0.18844938
2.76598001 5.63937998 -0.03080143
2.74314499 5.6349721 0.0436455
2.94119644 5.75477934 -0.76659828
2.78001213 5.63973045 -0.24723512
2.82786417 5.68848419 -0.5116607
2.95339894 5.71738291 -0.45775056
2.91917753 5.72238493 -0.5697059
2.62972498 5.63778543 -0.67144907
2.74314117 5.68621778 -0.75782323
2.80678391 5.69956017 -0.67164546
2.66275954 5.62125349 -0.39843953
2.77657461 5.70021439 -0.78054708
2.63639212 5.65456724 -0.77341306
2.85699868 5.77278852 -0.92807698
2.81779909 5.81179762 -1.08334219
2.71408653 5.77695608 -1.07377553
2.72165632 5.82004976 -1.19795144
2.87296772 5.74413681 -0.82596904
2.58078766 5.6599741 -0.85933137
2.48879099 5.70910597 -1.19704723
2.55525208 5.76125431 -1.27021456
2.55812311 5.67751074 -0.96218944
2.60106206 5.72956896 -1.07592201
2.56182599 5.62807703 0.68902171
2.29995966 5.49045324 0.66277772
2.52421427 5.60741949 0.67990559
2.6262989 5.67722559 0.78710705
2.57147622 5.64146662 0.73991501
2.47831488 5.55871916 0.52778625
2.39754272 5.50379276 0.37539673
2.53228211 5.56622124 0.38705286
2.45822883 5.53495455 0.40965694
2.43769479 5.53726196 0.5205279
2.52324152 5.54494905 0.03106009
2.54938269 5.55947638 0.1142808
2.45364809 5.51534843 0.14068541
2.43581343 5.50774813 0.16826367
2.59921241 5.58688784 0.26269805
2.36440969 5.47395802 0.04724407
2.31263041 5.45101118 0.00166844
2.39399004 5.48625565 -0.0736039
2.56768227 5.5619483 -0.15281658
2.54170203 5.60247612 -0.66489393
2.36357379 5.47980165 -0.2574732
2.41088343 5.49956417 -0.25297773
2.56215858 5.60288858 -0.59144294
2.38121939 5.48366165 -0.22492906
2.4828763 5.57369804 -0.65436095
2.35596013 5.50720263 -0.58517289
2.3373642 5.47530746 -0.33058637
2.33444238 5.47284603 -0.3187241
2.32670546 5.53033113 -0.77191085
2.30801105 5.53078175 -0.80333388
2.4090507 5.56988335 -0.79314387
2.40203595 5.57554054 -0.82603014
2.48365903 5.68192863 -1.10530746
2.24550748 5.48158979 -0.72706419
2.14788175 5.48281479 -0.97765982
2.32921576 5.58882809 -1.01227081
2.22300076 5.54353952 -1.06961608
2.01160073 5.31268883 0.40881974
2.27471232 5.43885708 0.31025112
2.26632237 5.4508028 0.45802981
2.03018403 5.31963444 0.38406086
2.09624147 5.3660531 0.49283609
1.93993986 5.25359774 0.19216897
2.06196165 5.32069445 0.23324203
2.20380354 5.39175367 0.00940847
2.18411303 5.38085699 -0.00527545
2.30102563 5.44562006 0.12074442
2.14809895 5.36098957 0.00621446
2.24918437 5.41657972 -0.153432
2.24183536 5.41252899 -0.14438154
2.2344234 5.42913294 -0.38709447
2.18328333 5.3848033 -0.22186668
2.23518062 5.41849661 -0.27699164
2.16888404 5.40471745 -0.49822536
2.03060889 5.3222661 -0.44107983
2.04671431 5.33819389 -0.51807404
2.00460052 5.30609035 -0.42314678
2.04880047 5.39701223 -0.80058056
2.19818997 5.44740438 -0.68322837
2.1313293 5.41764212 -0.70052552
2.07938528 5.3652091 -0.57074904
1.89306343 5.30325031 -0.73640072
2.10195994 5.45577383 -0.95848358
1.90122354 5.30110264 -0.70356631
1.91365778 5.23939848 0.17543784
1.88048625 5.23676825 0.32856128
1.84337199 5.21274567 0.25625765
1.78792298 5.16702557 0.05147737
1.87801945 5.20912075 0.06938428
1.93175352 5.24092388 0.02545069
1.65820456 5.07925415 -0.04554819
1.86639237 5.20771551 -0.23609596
1.85742474 5.21149492 -0.32915106
1.67383289 5.08429098 -0.18514892
1.68275928 5.09318018 -0.21409817
1.77081668 5.17361403 -0.3943598
1.63567305 5.07882404 -0.263946
1.73922706 5.15476894 -0.38110727
1.58809197 5.09048557 -0.36247012
1.53057933 5.04274511 -0.25760108
1.14578879 4.72154331 -0.16761577
1.13489842 4.75853348 -0.68887943
1.11755335 4.7440753 -0.44684362
1.10042512 4.72449064 -0.22642931
1.09610176 4.72009325 -0.27157688
1.08518541 4.74315786 -0.85534924
1.0920471 4.6769104 -0.20106512
1.11213183 4.66365528 -0.29908592
1.16143739 4.68039703 -0.20401639
1.15214217 4.71100044 -0.84577459
1.15774322 4.73622417 -0.71652561
2.16090226 4.35243273 -3.53355885
2.11733341 4.54996157 -3.40160441
2.11235666 4.55521202 -3.39499593
2.05558538 3.94991994 -3.61854911
2.11416483 4.22024012 -3.54708052
2.10065317 4.07876587 -3.59912395
2.08023047 3.77326179 -3.71959352
2.01082325 3.82865191 -3.6489172
2.01558638 3.64703298 -3.7416625
2.00502682 3.71343541 -3.70279908
1.9473964 4.01757574 -3.51958895
1.93008399 3.85709667 -3.58944726
1.92797732 3.5979948 -3.74580383
1.89961255 3.50479102 -3.81340384
1.79631412 3.63698506 -3.68367052
1.8242867 3.65989399 -3.6749289
1.69831765 3.65178299 -3.64153838
1.84831798 3.65781164 -3.68407702
1.45494175 3.57843328 -3.64879227
1.73165345 3.57887244 -3.70805764
1.57660043 3.6125145 -3.64310169
1.41297197 3.69712996 -3.52854252
0.98448044 3.65645027 -3.47752523
1.09063947 3.61050248 -3.54086614
0.98870599 3.64409447 -3.48958492
2.14938092 4.73532629 -3.3365829
2.0848074 4.45381689 -3.41579008
2.0430603 4.29643726 -3.44599795
2.16645765 4.94766283 -3.19801521
2.08547997 4.7213068 -3.22282219
2.12349129 4.81954479 -3.20624566
1.952021 4.4453578 -3.23829389
2.17320204 5.09229565 -3.09518266
2.04121518 4.68382788 -3.19447041
1.99372053 4.33058214 -3.35798454
1.92305636 4.06441641 -3.46750903
1.84823024 3.90589499 -3.50798535
1.90888882 4.39062643 -3.23084736
1.75044119 4.1654911 -3.26467252
1.73413801 4.25483799 -3.19364238
1.85015857 4.27152586 -3.26664567
1.78682971 4.1826396 -3.27967215
1.82128894 4.02783966 -3.4072392
1.66086495 3.91696024 -3.4029789
1.63010395 3.78705955 -3.51351166
1.79834735 3.84204865 -3.52255988
1.77778661 3.85696125 -3.50120401
1.51626384 3.8932097 -3.37045336
1.45281875 3.90742469 -3.32563424
1.408319 3.9944942 -3.2183187
1.4607867 3.86005497 -3.37612677
1.39312077 3.9727478 -3.23233604
1.36713719 3.78301668 -3.41102338
1.20479953 3.86164331 -3.26352715
1.10794652 3.79321265 -3.34080076
0.98064101 3.72335672 -3.41358209
1.12125897 3.80202007 -3.33103657
1.16148567 3.89696002 -3.20362854
1.14695442 3.89595985 -3.2007339
0.78345013 3.82184172 -3.19554949
0.60434729 3.79566073 -3.17420459
0.74451393 3.71568894 -3.37351251
0.99816781 3.87386346 -3.1836319
2.13973188 5.10824108 -2.99173212
2.05765867 4.91954994 -3.0061841
2.16382909 5.15446472 -2.99935317
2.0383358 4.88892126 -2.99175143
2.06352901 4.88552618 -3.06658363
2.08822989 5.12087488 -2.85544872
1.85752451 4.76523638 -2.84013391
1.95130134 4.83332634 -2.91419291
1.90677536 4.76546144 -2.91055155
2.04961658 4.97236776 -2.93182039
2.0099678 4.80901814 -3.01987362
1.68447566 4.19432926 -3.19700432
1.90501392 4.51405907 -3.13240838
1.71608329 4.3235898 -3.10526538
1.69141114 4.24249983 -3.15729403
1.85387766 4.57318258 -3.01565337
1.69185328 4.47979021 -2.93363833
1.59427297 4.24326944 -3.05929852
1.60433936 4.1576767 -3.14799261
1.72742593 4.51368523 -2.93619204
1.67086303 4.49788904 -2.89691949
1.5916996 4.25613689 -3.04495502
1.47922111 4.18763685 -3.03195047
1.461689 4.29823685 -2.88890505
1.4034878 4.1751132 -3.0026238
1.28520167 3.96967006 -3.17997265
1.40475035 4.19853163 -2.97524953
1.29953969 4.116786 -3.00836849
1.30381954 4.22571468 -2.86828899
1.07534814 4.06745291 -2.90329099
1.18193591 4.0777297 -2.97058678
1.29012799 4.12209749 -2.99424362
1.16012669 3.96202374 -3.10629177
0.80978864 3.86613822 -3.12470031
1.00715792 3.93915725 -3.06698036
1.04930007 3.91833949 -3.12169647
0.922288 3.89705157 -3.11151552
0.53273284 3.81376767 -3.11341977
1.13089609 3.91018486 -3.16843438
0.84108907 4.00634432 -2.8561182
0.59878415 3.85530829 -3.06106806
0.66296947 3.90077496 -2.99226522
0.66339612 3.94078326 -2.88623261
0.49456677 3.86129999 -2.96055746
1.98829067 5.09373522 -2.64566827
2.05417395 5.16588163 -2.72158861
2.11543608 5.29396009 -2.67542338
2.05175495 5.12481213 -2.79235172
2.11047316 5.38311005 -2.4886353
1.88049591 5.06341314 -2.4837966
1.87768805 4.95880985 -2.61645484
1.95851636 5.09211445 -2.58665133
1.85483062 4.89463282 -2.65974617
1.90985894 4.92557526 -2.71820283
1.88777328 4.90864277 -2.70068383
1.69980252 4.70148611 -2.67422056
1.69479454 4.77696276 -2.55567431
1.5705409 4.50455332 -2.7639327
1.62364614 4.5750227 -2.74240112
1.7622776 4.84282923 -2.56308413
1.69508362 4.80761766 -2.51439238
1.46235621 4.43637228 -2.7103126
1.41996646 4.39204836 -2.71475101
1.43958926 4.52796984 -2.55790496
1.51606333 4.53088284 -2.65324569
1.56840289 4.67434502 -2.52874565
1.33309984 4.37986612 -2.64898801
1.27804065 4.25440311 -2.80106878
1.32214403 4.43435287 -2.55036449
1.18390989 4.25860691 -2.70630026
1.39926624 4.38614035 -2.7006309
1.22122478 4.27784157 -2.70996284
1.16475177 4.33281469 -2.55539989
0.97367787 4.20705891 -2.55991459
1.13271129 4.2928524 -2.59068823
0.9777354 4.09094477 -2.7771318
1.01825535 4.18991566 -2.64389849
1.21190643 4.38307142 -2.51912069
0.66545284 3.97360754 -2.80658937
0.78023297 4.04621983 -2.72055078
0.44374916 3.89964962 -2.82027411
0.88501978 4.05225515 -2.78060722
0.77187866 4.1069088 -2.57505322
0.48944539 3.92816973 -2.78691459
0.31164932 3.9386754 -2.50294733
0.65388823 4.0762701 -2.52051735
0.84901166 4.16382885 -2.49607682
0.66853702 4.05800867 -2.61261678
0.49927494 4.01659346 -2.50318313
0.55053705 3.99358034 -2.67080903
1.96299899 5.29651499 -2.17299509
1.93594909 5.2528224 -2.18928719
2.01173568 5.25991726 -2.45803809
1.89324439 5.10068655 -2.44172287
1.99244499 5.32615042 -2.20413589
1.99777305 5.36107826 -2.12916493
1.68871212 4.96158695 -2.1852777
1.7679975 5.0375104 -2.22057605
1.76386046 4.99747992 -2.29086256
1.71767843 4.94107485 -2.29466128
1.8492583 5.13587332 -2.21566272
1.69856215 4.90070724 -2.33358479
1.42361963 4.56656218 -2.48180842
1.55108202 4.7123394 -2.43363595
1.47279906 4.6391058 -2.42655611
1.60051513 4.8292613 -2.27909803
1.43273032 4.60495567 -2.41543055
1.35824156 4.60550404 -2.27146959
1.52918041 4.80982256 -2.17505598
1.32790065 4.61115074 -2.20320463
1.31994474 4.58052015 -2.25071716
1.37165618 4.60475683 -2.2980876
1.21508241 4.44361544 -2.38969016
1.21010804 4.52285957 -2.1974349
1.10207951 4.35256481 -2.43178439
1.05177641 4.35499573 -2.350353
1.14607608 4.41219425 -2.35901833
1.14335847 4.49741697 -2.14363122
0.92020941 4.31964922 -2.19957209
1.00730932 4.39310694 -2.16661572
0.84617907 4.20300722 -2.37567449
0.88108045 4.30554628 -2.16275287
0.6735574 4.17131233 -2.25533485
0.72704589 4.19401598 -2.2539978
0.7680527 4.17030668 -2.37592936
0.7363053 4.14317036 -2.41757751
0.40193355 3.97887945 -2.49281645
0.48452762 4.04390478 -2.40113091
0.46377283 4.08267212 -2.1778276
0.34362411 3.99413276 -2.31837916
0.50506473 4.11543369 -2.11717105
0.29480988 3.94134688 -2.46452236
0.39157134 4.0284915 -2.26745081
1.7952404 5.17114496 -1.94690108
1.75324249 5.1356101 -1.89335501
1.72140384 5.07770348 -1.9656136
1.76648235 5.1556406 -1.87806475
1.78107369 5.20475864 -1.76266384
1.64903033 4.96810532 -2.05842161
1.75852573 5.1790061 -1.76574516
1.6654923 5.00439167 -2.00024128
1.7828002 5.21718073 -1.72743261
1.5913111 4.94456816 -1.9416604
1.34166574 4.68868589 -2.03230667
1.3994664 4.76974678 -1.93301558
1.44124877 4.78381348 -2.02106953
1.48549414 4.80081415 -2.10676098
1.34624505 4.7194519 -1.94153285
1.33140635 4.68920803 -1.99782813
1.24262381 4.62671089 -1.9439615
1.46715808 4.86734009 -1.80785465
1.09915018 4.48039865 -2.09898829
1.00235331 4.42347574 -2.05809903
1.21992254 4.57300949 -2.07165027
1.08145547 4.47922707 -2.0579977
1.12104607 4.54624033 -1.91601014
0.88318485 4.36416197 -1.9532876
0.84179217 4.32039356 -2.00841522
0.90845591 4.37330198 -1.99448538
0.91570044 4.38414383 -1.97129059
0.74549574 4.26573324 -2.01328015
0.39406177 4.06017494 -2.10771585
0.70877516 4.23090649 -2.07639003
0.76136792 4.31975508 -1.8305738
0.78136033 4.31397867 -1.89488339
0.74353403 4.25966549 -2.03343153
0.49608564 4.15578938 -1.90034366
0.58446592 4.22543812 -1.78406274
0.62298024 4.23920441 -1.84472656
0.66895103 4.2737031 -1.7958473
1.54751813 4.98633862 -1.6474719
1.63595533 5.07730055 -1.66466403
1.60626209 5.10010433 -1.43745852
1.55888343 5.06065798 -1.38970375
1.50677705 5.02242851 -1.3175528
1.49950147 4.94028282 -1.62710476
1.50703967 4.97936535 -1.49758101
1.36694443 4.85514784 -1.42815912
1.46288502 4.90722275 -1.6155746
1.34789336 4.78439856 -1.72733939
1.36386549 4.81326675 -1.64605975
1.25187194 4.73870373 -1.50559115
1.20972252 4.66437101 -1.70835471
1.28647184 4.78176689 -1.43772316
1.02340662 4.54814386 -1.5634495
1.11214459 4.6229248 -1.5102489
0.96217638 4.48377752 -1.67652452
1.06552923 4.55739021 -1.69521487
0.93309867 4.49750805 -1.44955111
0.91269904 4.48423576 -1.43493378
0.94262248 4.5177021 -1.36464036
0.60872966 4.26174784 -1.65226698
0.83443105 4.40747404 -1.59283137
0.7866438 4.36205006 -1.68277955
0.62747401 4.2669425 -1.68401384
0.70552868 4.36509609 -1.39449787
0.77904558 4.4261508 -1.29835284
0.76659632 4.40969801 -1.35172391
1.38291514 4.94578028 -1.13242877
1.21119809 4.81559038 -0.97035158
1.26501715 4.86461878 -0.99229467
1.40036106 4.92700243 -1.26116943
1.22871494 4.79375887 -1.04406214
1.23121333 4.77406645 -1.16901016
1.19366598 4.72608995 -1.27226663
1.19237924 4.76342535 -0.99769342
1.14815068 4.69424629 -1.17768407
1.06343198 4.6199069 -1.26882708
1.07033229 4.6300168 -1.2198478
1.08925807 4.64732647 -1.18960214
1.03689861 4.62584448 -1.06608808
0.80701792 4.4593792 -1.20627213
0.96210068 4.56692362 -1.13969505
0.95047545 4.60448456 -0.97199941
1.13457799 4.70628119 0.19667108
1.17527843 4.72654152 0.43240643
1.1854881 4.70369959 0.04816559
1.23217642 4.6927681 0.35757238
1.12126529 4.65768862 -0.00361121
1.82988107 3.65205789 3.01738358
2.33704972 3.63373351 3.0837419
2.16734219 3.62497425 3.0748229
2.48885012 3.57522488 3.15181184
1.82734156 3.71372318 2.96067286
1.6016978 3.70365 2.94738984
2.61573648 3.55901194 3.17948151
2.760149 3.53253722 3.21942472
2.28587151 3.73104644 3.00476336
2.32366204 3.75416851 2.99766564
2.36846805 3.68479872 3.04940462
2.7122457 3.59485459 3.17362404
2.46467996 3.84303379 2.97694588
2.58867574 3.99148345 2.97279
2.52075028 4.07759094 2.90547299
2.66637492 3.8832531 3.0538609
2.51481867 4.00085735 2.93481064
2.73553681 4.30480576 2.93999481
2.69465232 4.21827602 2.94566417
2.74360251 4.28892183 2.95047021
2.7315464 4.10578489 3.0075953
2.64712262 4.52415371 2.8119514
2.67025661 4.40223312 2.86683822
2.70740891 4.83119202 2.74313307
1.07512641 3.76659393 2.74125028
1.28317821 3.76401258 2.78377175
1.29265201 3.74864554 2.82359791
1.75178814 3.8054285 2.82298517
1.78874183 3.81663251 2.81667185
1.50208008 3.77046275 2.81629467
1.48168898 3.8261354 2.7448566
1.6957835 3.82189894 2.79203558
1.51862729 3.8650682 2.70495415
2.1355989 3.7771728 2.94561028
2.03867102 3.7738595 2.91984653
2.28385639 3.86033225 2.90966845
1.87467325 3.96235752 2.70043921
2.27875543 3.8916471 2.88164759
2.30481982 3.90365529 2.880198
2.13588166 3.92763948 2.80886173
1.88419676 3.97198248 2.69575667
1.97479725 3.9138906 2.7698772
2.47770262 4.03939962 2.89830041
2.53266096 4.12411499 2.89031482
2.34186959 4.08233786 2.79752684
2.40963721 3.96000743 2.89599848
2.36460996 4.11365891 2.79600501
2.36916161 4.26863813 2.71233773
2.4630549 4.27716923 2.76448345
2.3832233 4.353724 2.67028332
2.3201797 4.18925905 2.72971559
2.3950963 4.26187134 2.73216915
2.62840438 4.61070585 2.76333427
2.66850758 4.73969269 2.74932289
2.61561513 4.60723257 2.75245357
2.48205256 4.47006369 2.67994642
2.6333952 4.77798223 2.69996023
2.55559683 4.55490255 2.7160778
2.597188 4.77311468 2.66669011
2.58104587 4.8537364 2.60162139
2.46251917 4.64207745 2.58349752
2.63974714 4.96930504 2.60445285
1.51014698 3.87660694 2.67930532
1.04846978 3.82448411 2.59065318
1.24169743 3.86118293 2.58664632
0.97038287 3.80183864 2.61385775
0.81871849 3.81566668 2.49924517
1.4013536 3.93583179 2.53316116
1.36874092 3.91566849 2.55028558
0.98613328 3.88269639 2.45155311
1.32098818 4.00220966 2.40453672
1.49374723 3.95639324 2.53846025
1.08754385 3.87891769 2.49614596
1.82676852 3.98450446 2.66361237
1.47912514 4.01755142 2.44569492
1.52381051 3.99978328 2.48984551
1.88629484 4.01968718 2.65217233
1.56702816 3.97152996 2.54575872
1.93019724 4.22554255 2.45178914
1.87861776 4.18506098 2.46746373
1.76183248 4.11851883 2.47754455
1.59823489 4.1326232 2.38308382
1.63882542 4.14275742 2.39272642
2.3764143 4.48424435 2.58817959
2.18206549 4.27061367 2.59055543
2.20869207 4.3850913 2.53086424
2.25094366 4.38201427 2.5648489
2.03262854 4.26899958 2.47906423
2.19982529 4.48209333 2.45032048
2.3633678 4.51605558 2.55428934
2.15369129 4.46781111 2.4250083
2.31744885 4.60959053 2.4370544
2.22092438 4.48606348 2.46408558
2.49788952 4.86028433 2.49952459
2.47903132 4.93503094 2.4333787
2.47738743 4.73760843 2.54624295
2.28652048 4.7512846 2.30888295
2.52799296 4.92422438 2.49851251
2.47090888 4.88774061 2.45112538
2.29306149 4.77424097 2.30339098
2.33184385 4.86218023 2.29059768
2.58849788 5.21749401 2.36808586
2.31624937 4.86425114 2.26347995
2.53012729 5.16667795 2.3220551
2.49878716 5.16338396 2.27461839
2.40015125 5.03486395 2.2372303
0.73448914 3.86035824 2.30403662
0.73300683 3.89121699 2.20976424
0.80068594 3.85811949 2.37034416
1.07947743 3.96843052 2.28897953
0.98798704 3.92075729 2.35023332
1.1715641 4.03027391 2.23725748
1.30548215 4.07129526 2.25357318
1.24755311 4.01627493 2.31291652
1.13477778 4.03892946 2.19728494
1.32081854 4.02631569 2.3439343
1.53576434 4.12075901 2.35731053
1.46998596 4.14977837 2.25921345
1.83456159 4.30608034 2.31584764
1.67044568 4.22271729 2.31032324
1.29372132 4.13669014 2.13587475
1.65745807 4.18762398 2.35365033
1.84325719 4.350492 2.26261187
1.62830794 4.31351662 2.14881158
1.76719749 4.40519333 2.13221407
1.77017522 4.35335541 2.20339727
1.31756306 4.20028162 2.06378222
1.39089608 4.25530148 2.04622364
1.76458931 4.45360613 2.07717371
2.03550959 4.62940168 2.16975737
1.88434267 4.44342852 2.20722485
2.05893207 4.5515275 2.27215123
1.76636124 4.43855238 2.09421158
1.81745052 4.39023447 2.19429231
2.04241085 4.82260418 1.94330442
1.9504199 4.62865114 2.07840228
1.98850667 4.64408827 2.10158873
2.01438522 4.68021917 2.08606625
1.83555877 4.60505533 1.98047137
2.21931529 4.98456049 2.02075481
2.23518491 4.81101799 2.19150782
2.18280602 4.96605682 1.98436105
2.19556999 4.96962547 1.99955916
2.28689098 4.89330769 2.19519806
2.24533224 4.7457509 2.26169825
2.32870817 5.04854918 2.12251091
2.25931716 5.12201309 1.91659725
2.2642355 5.09668446 1.96336007
2.38429761 5.30291986 1.9078896
2.4248302 5.25246906 2.06347895
2.38244152 5.2202692 2.02410412
0.85384828 3.97773886 2.11787534
0.7120356 3.93272018 2.07491732
0.92654896 4.01695824 2.08674431
1.02601886 4.06346607 2.06770611
0.90995383 4.01173306 2.08157611
0.85464299 3.97769403 2.11909485
0.78962857 4.05801487 1.79206026
0.96459061 4.13707829 1.8045814
1.17728209 4.16392612 1.97364616
0.91988754 4.11256981 1.81095004
1.08368087 4.16070271 1.88016176
1.14572549 4.26100874 1.72910655
1.41889966 4.29374456 2.00353241
1.21059132 4.26745319 1.79698873
1.6618669 4.44774294 1.99204493
1.28942311 4.20183563 2.02979875
1.49353576 4.50450897 1.69558835
1.55463958 4.49946499 1.7748841
1.36167419 4.41827154 1.69724083
1.55589509 4.56122112 1.66647112
1.26706505 4.31802464 1.76668692
1.65859759 4.55352926 1.8163842
1.77596986 4.68895197 1.77761114
1.77583921 4.67777681 1.79383588
1.87996006 4.70666456 1.89337075
1.70244157 4.49951267 1.95543659
1.85325634 4.7516017 1.78829825
1.96182978 4.90768576 1.67848492
1.72185504 4.68824673 1.6984297
1.77462804 4.77387857 1.62772608
1.87095857 4.85607243 1.63017666
2.09979987 5.02557707 1.75876832
2.0682826 5.02474689 1.70525753
2.13310003 5.0661149 1.76552224
1.93763542 4.9393425 1.58632421
1.99083257 4.95828295 1.65462804
2.10859656 4.92418432 1.90126503
2.2208569 5.25470161 1.63970697
2.17785549 5.19919538 1.64820576
2.03547287 5.03923321 1.62640905
2.02107906 5.03749275 1.5939585
2.05480313 5.06657362 1.61758101
0.82129824 4.1075573 1.69606078
0.982342 4.19911814 1.66030169
0.91549218 4.2010603 1.53595424
0.73936063 4.13885403 1.44289875
0.80833018 4.11099672 1.661268
0.79854327 4.15157223 1.50268245
1.08240747 4.30887365 1.49845672
0.86454457 4.2087388 1.43082929
1.01038814 4.29721737 1.41639245
0.9985913 4.28444719 1.43318903
1.20148635 4.32954884 1.65492499
1.20091367 4.40282631 1.45534098
1.11016726 4.34302807 1.45097196
1.47132456 4.53008413 1.60635102
1.20841515 4.40294838 1.46876383
1.30100358 4.50259781 1.37836719
1.30025554 4.52771616 1.3152318
1.37234163 4.51450014 1.47237098
1.46398747 4.53406763 1.58260345
1.63519561 4.718225 1.48641133
1.57546139 4.64159775 1.53743577
1.63933218 4.71310377 1.50530934
1.49396431 4.63413286 1.39821374
1.61249709 4.69829082 1.48604441
1.88197887 4.92347336 1.50980008
1.71636152 4.84755945 1.34862673
1.69755256 4.81998396 1.37775493
1.61359358 4.7507 1.37312376
2.13332057 5.20340872 1.52848661
1.97455657 5.05459738 1.46069884
1.91361511 5.06640911 1.31224144
1.98342907 5.04366636 1.49867415
1.8781414 5.00307274 1.35053408
2.19323659 5.32963324 1.4112885
1.96189129 5.11212873 1.33090603
2.1046176 5.26000118 1.34404564
2.15384221 5.27927876 1.43307304
0.85061163 4.30026007 1.1099534
0.94228417 4.32820463 1.19486523
0.89894003 4.33726835 1.0783639
0.8467645 4.26158476 1.23493326
0.96945351 4.40122938 0.99918908
1.01021838 4.44693708 0.92638278
0.92699784 4.39958811 0.92066973
1.15852058 4.51845741 1.00079489
1.2463212 4.52513027 1.19570792
1.19052708 4.49901676 1.14753509
1.12673008 4.47040558 1.08813381
1.10870397 4.45930481 1.08178914
1.39145374 4.61848021 1.23308039
1.32016289 4.63036013 1.0180105
1.41586185 4.67643881 1.10812593
1.4736923 4.73531437 1.08081603
1.39669895 4.67186356 1.07184899
1.6623565 4.86464834 1.18214226
1.64246321 4.82936716 1.23715067
1.51566792 4.83421087 0.87885058
1.64550877 4.87316418 1.11041856
1.5946182 4.84382677 1.06576145
1.58685899 4.88881779 0.90341771
1.99631262 5.22602367 1.12687385
1.93841219 5.15856361 1.14192879
1.8777746 5.13079786 1.05653048
1.89508927 5.16588593 1.01273584
2.01671124 5.24716806 1.127707
1.66860604 4.98546982 0.87446839
1.08138418 4.55679274 0.72582281
1.05284369 4.51699686 0.792642
0.94783038 4.43930531 0.83678579
1.26345003 4.64862585 0.80142546
1.17964458 4.60097885 0.74885213
1.13700128 4.52799559 0.9141801
1.30256665 4.72227621 0.60044575
1.41525435 4.78805399 0.72420228
1.44082785 4.80059481 0.76176655
1.38070524 4.78284597 0.63686556
1.51522529 4.91638374 0.64750546
1.45348418 4.86884403 0.60753703
1.52678251 4.88030767 0.76962888
1.63079703 5.01557827 0.70240372
1.33282256 4.80199385 0.4844197
0.89240712 4.39223576 -0.0659174
0.63898975 3.98604131 -0.06476648
0.57093835 3.87704778 -0.06154843
0.97197008 4.46282625 -0.10490973
0.26439601 3.33755207 -0.04224908
0.60387295 3.87379217 -0.07428477
0.75969231 4.08560514 -0.08135884
0.91728455 4.31676817 -0.09262444
0.80809969 4.13901854 -0.07800876
0.78190732 4.09411192 -0.07100815
0.81473994 4.13062572 -0.05715808
0.32735732 3.37808132 -0.00201043
0.68778324 3.94314313 -0.02344978
1.05458605 4.51451778 -0.04989642
0.4601475 3.62715149 0.01325938
0.2734673 3.34538341 0.0313913
0.77675301 4.10684013 -0.0170752
0.94458646 4.40104198 -0.02656355
0.41535735 3.63017726 0.00953136
0.17149305 3.27094889 0.01006632
0.92928874 4.43150425 -0.04006513
1.08279335 4.68991184 -0.07778186
-0.32004988 7.03975773 1.42600727
-0.24701956 7.0027256 1.32259572
-0.32532987 7.17549229 1.59987259
-0.26907539 6.99417877 1.44383276
-0.26507691 6.97628021 1.41893554
-0.33312702 7.04732704 1.45704579
-1.62781298 7.16702127 4.47955084
-1.71987772 7.18675423 4.44518948
-1.48107505 6.98852539 4.83501482
-1.82128024 7.29165459 4.23727322
-1.74728274 7.27256584 4.27149391
-1.80060554 7.31769991 4.18266773
-1.44800246 6.95899534 4.89337587
-1.39689481 7.04630232 4.73732138
-1.45685279 7.14171648 4.54472685
-1.32891047 7.14446545 4.58427477
-1.42877114 7.10117388 4.62746859
-1.33462608 7.05997992 4.73435736
-1.2463764 6.98551989 4.95701122
-1.20877063 6.99901056 4.98115253
-1.25702441 7.10053205 4.69636011
-1.03962648 7.22010565 4.68728447
-1.04152226 7.16719294 4.80646992
-1.14696813 7.1540947 4.71328354
-1.16193056 7.06453657 4.9012742
-0.88078368 7.30224419 4.71281195
-1.10670567 7.07143068 4.95769644
-1.07652259 7.0924058 4.95336676
-1.01927149 7.1403985 4.92153072
-0.73295307 7.40410328 4.69411993
-0.47374085 7.63501453 4.52273846
-0.52658552 7.59344625 4.54212856
-0.5526796 7.5713315 4.55601168
-1.96087217 7.43954611 3.87834811
-1.97843111 7.46125269 3.77426887
-1.83078218 7.36040211 4.08581114
-2.0583756 7.48892307 3.79146934
-1.83643961 7.44502783 3.77632785
-1.57607031 7.23026228 4.3380084
-1.82391059 7.38704014 3.94561577
-1.58330202 7.25331783 4.27138567
-1.75674927 7.38558912 3.92944908
-1.89850187 7.4611764 3.7470603
-1.70540595 7.33594656 4.06197882
-1.36835134 7.20745182 4.42699957
-1.58103013 7.32006407 4.07313538
-1.56056201 7.31103325 4.10198212
-1.39792669 7.31701136 4.1294179
-1.21398771 7.34798908 4.11676931
-1.25521958 7.32191229 4.16814375
-1.29159284 7.2520895 4.33224154
-1.50692236 7.37398243 3.94581246
-1.25447404 7.27160645 4.29603386
-1.09886992 7.30921936 4.34405613
-1.08653712 7.29162836 4.41998386
-1.08338571 7.3098073 4.3672328
-1.00621319 7.31836176 4.46485233
-1.19504523 7.21496439 4.48841047
-0.94101036 7.43174505 4.15486336
-0.75727594 7.49859428 4.19035959
-1.12860763 7.36246061 4.12250042
-0.85731018 7.42080593 4.3269515
-0.97515666 7.39083433 4.2555728
-0.63776177 7.5244422 4.51860571
-0.58407217 7.58528709 4.28301239
-0.70786649 7.47514009 4.51236534
-0.55141497 7.58841133 4.49250889
-0.62812895 7.53258944 4.50516701
-0.40296024 7.70163155 4.41391134
-0.18907616 7.83712292 4.2696743
-0.10844064 7.88567209 4.19622374
-0.36190301 7.72862625 4.28255081
-0.44311446 7.67715263 4.27261114
-0.23928979 7.80345631 4.20363951
-2.16705871 7.58397913 3.27174258
-1.89494693 7.48867369 3.52388692
-2.01296353 7.53186512 3.36979222
-1.88866031 7.48182344 3.64172816
-2.00225282 7.52100992 3.55088973
-1.78676784 7.49312019 3.42433357
-1.59864283 7.4501915 3.54252219
-2.01823306 7.54074574 3.30535817
-1.91918099 7.501688 3.45136833
-1.60251558 7.43395996 3.62723398
-1.65457976 7.46611738 3.49128294
-1.8850795 7.52986479 3.28970671
-1.26705587 7.37192249 4.01344824
-1.53548682 7.40291309 3.7915225
-1.36126816 7.37718868 3.96548271
-1.58141875 7.39219189 3.83901668
-1.47821712 7.4148078 3.74016094
-1.34409821 7.4441576 3.65018487
-1.4932816 7.4516325 3.54811001
-1.32325721 7.43227053 3.7111032
-1.24002337 7.39709187 3.90148425
-1.18391228 7.45544291 3.67669201
-1.41623509 7.42566681 3.6959455
-1.07887673 7.3944273 4.04673433
-0.9790535 7.4601512 3.88382721
-0.97679865 7.46926498 3.83253241
-0.98953789 7.42307472 4.08925486
-1.08920431 7.39730406 4.00319767
-0.50702554 7.62343693 3.82247353
-0.74536282 7.52629042 4.02711153
-0.61012149 7.59083271 3.82114196
-0.55861026 7.60088444 3.88132834
-0.70601928 7.55413628 3.88066459
-0.67202073 7.54685926 4.05311298
-0.5149321 7.62722492 4.14092064
-0.56773978 7.59383535 4.13844728
-0.52684027 7.61113977 3.93628407
-0.30946308 7.75440168 4.085186
-0.45817095 7.65738773 4.0069809
-0.47984874 7.64113379 3.94520187
-0.22867714 7.80382156 4.04936457
-0.04119211 7.91079044 4.09506083
-0.14506744 7.84983826 4.05079556
-0.16218245 7.83405685 4.01383638
0.05158108 7.94490051 4.02951574
-0.24696721 7.77865314 3.94847846
-0.22668202 7.79910564 4.00131702
-2.05829906 7.5531373 2.88601685
-2.00758219 7.55456972 3.16092849
-1.82247591 7.51130104 3.19126844
-1.96115303 7.53215933 2.93665743
-1.97395492 7.5349021 2.92954755
-1.8498584 7.52186918 3.27039051
-1.84668326 7.5138793 3.04315567
-1.59176779 7.47242737 3.34835434
-1.52932489 7.47417307 3.2268343
-1.89524722 7.52387142 2.95045543
-1.88058329 7.52529955 2.90512419
-1.50371873 7.48098326 3.07648563
-1.18431842 7.4691081 3.61607623
-1.34339023 7.46973944 3.47000527
-1.39186502 7.46962833 3.43454647
-1.22329783 7.47044325 3.54513812
-1.35516357 7.47259235 3.37563848
-1.47138405 7.47064638 3.34060407
-1.37217379 7.48115015 3.15951991
-1.17226553 7.48897648 3.27394485
-0.98825592 7.50455046 3.2622757
-1.06058335 7.50199986 3.21695042
-1.00412083 7.48203135 3.55927229
-1.17160702 7.48336363 3.35313368
-0.92155218 7.50802708 3.30000925
-0.94217491 7.50099039 3.39391804
-0.76273602 7.55052328 3.72752762
-0.89709646 7.5112257 3.69500303
-0.86346155 7.52152348 3.65788102
-0.65963304 7.58150101 3.67155695
-0.51337826 7.61566687 3.57377267
-0.71928126 7.56046772 3.38692069
-0.37608454 7.64337111 3.46337843
-0.61669433 7.59201193 3.58437014
-0.58004379 7.60347033 3.65979433
-0.55910051 7.60066891 3.46152902
-0.26512313 7.70752144 3.54236579
-0.37856898 7.67295551 3.71308947
-0.33774894 7.68649197 3.65970111
-0.17889409 7.7772727 3.73081756
-0.27529633 7.71690607 3.64905024
-0.37997496 7.65670776 3.59942698
0.10168536 7.92774963 3.81288886
-0.09696215 7.80535173 3.64290857
0.12384482 7.92995453 3.79153299
-0.26378542 7.69156885 3.46144772
-0.03173473 7.79368448 3.51610947
0.0254174 7.87171412 3.71578431
-1.8733393 7.52033997 2.81938672
-1.70815074 7.47419834 2.6982429
-1.77769744 7.49847126 2.78575039
-1.82911551 7.50123167 2.73607492
-1.65733767 7.48317671 2.83551025
-1.85887837 7.52420282 2.86830068
-1.55562615 7.47021532 2.82537723
-1.42545378 7.45132875 2.66973782
-1.65214443 7.46676111 2.67164111
-1.67502677 7.46536541 2.6263051
-1.68004334 7.46714735 2.64854574
-1.46458602 7.46888685 2.89968109
-1.36610675 7.46982241 2.93722939
-1.16292489 7.4835186 3.04191756
-0.99344593 7.49759722 3.15564919
-1.30332518 7.45531082 2.78312969
-1.13252807 7.49414063 3.14286256
-1.47658515 7.47957706 3.05142069
-1.11559319 7.46872663 2.8541038
-0.97131729 7.47720194 2.86169767
-1.12093949 7.46117353 2.75524139
-0.86561954 7.49483919 3.02289963
-0.92488569 7.50260258 3.17290306
-0.63452196 7.54918861 3.10429239
-0.6092037 7.56827879 3.21635938
-0.63443416 7.55771685 3.17356586
-0.75175369 7.51711321 3.04382014
-0.63687158 7.565557 3.24155521
-0.73357618 7.52670145 3.09075952
-0.40983248 7.62532377 3.34087062
-0.40158311 7.58877707 3.11067343
-0.50160229 7.55335951 2.99191618
-0.73443472 7.50510693 2.92339039
-0.5204159 7.57582664 3.14670372
-0.43841237 7.58643484 3.13200426
-0.09452434 7.70150185 3.21414185
-0.12310039 7.68684864 3.19726968
-0.04166889 7.75117445 3.34973884
0.00267095 7.78456211 3.42518163
-0.31005371 7.63284636 3.28053141
-0.10972688 7.72175598 3.33490634
-0.19266492 7.67321253 3.25812292
0.25599772 7.86726713 3.41960359
-0.00926797 7.70942163 3.16020536
-0.09108493 7.68056393 3.13871455
0.00923047 7.72519827 3.19237113
0.23498437 7.79493237 3.22247648
-1.63770986 7.41064072 2.30166245
-1.68918657 7.45029259 2.47156715
-1.37964153 7.42852688 2.55955863
-1.53420556 7.37908411 2.20674038
-1.49625206 7.43605089 2.5229497
-1.41072631 7.43380547 2.56656098
-1.44913089 7.36491919 2.18097425
-1.34506249 7.42408943 2.55440187
-1.37749338 7.39589548 2.38186193
-1.17958689 7.38642454 2.38956761
-1.32418084 7.38408375 2.33061743
-1.22175968 7.44899654 2.69973469
-1.00763381 7.46808434 2.78494811
-1.13501644 7.39368582 2.43790889
-1.03695714 7.44480228 2.67612433
-1.12968588 7.43853569 2.6486218
-1.00845194 7.42682552 2.59102058
-0.98348325 7.39680576 2.44375706
-0.83726704 7.40179443 2.44617128
-0.84254318 7.44314575 2.65567064
-0.83622706 7.43442678 2.61068463
-1.06001198 7.37910318 2.36633205
-0.61939257 7.51581764 2.89083147
-0.65273798 7.41986561 2.50404119
-0.67246711 7.50060081 2.8576138
-0.46946988 7.50460434 2.75510287
-0.30714637 7.58130312 2.98443723
-0.28309411 7.5126152 2.71195889
-0.41962522 7.48874044 2.67442584
-0.46998447 7.46742344 2.61317444
-0.32782841 7.55164766 2.8772161
-0.32009774 7.56179476 2.91266894
0.18697286 7.72860432 3.05464005
-0.20897399 7.59279919 2.95908666
-0.2345475 7.5546279 2.84835243
-0.09365268 7.62834167 2.97265005
0.03607082 7.63746405 2.87815738
0.033088 7.65277338 2.93552446
0.19274344 7.63880539 2.79915261
0.06091624 7.59468555 2.74664116
0.15035316 7.59677839 2.70543504
0.0814752 7.5796833 2.69443846
-1.09373844 7.35243511 2.2465899
-1.07322216 7.30762815 2.0552454
-1.23241603 7.3182869 2.04600668
-1.05703199 7.29821873 2.0192802
-1.05929124 7.30759096 2.06002331
-0.94980878 7.28251648 1.98478353
-0.89040959 7.29930115 2.07716465
-0.95247 7.32556629 2.17334127
-0.72688091 7.39064598 2.40315342
-0.76642942 7.35258627 2.27112174
-0.79829299 7.35876513 2.29216743
-0.78096092 7.30326605 2.10039377
-0.86102134 7.3608942 2.29889822
-0.71316028 7.30672979 2.11168861
-0.75342053 7.28121948 2.0235188
-0.59581417 7.36331177 2.30673647
-0.44882888 7.39343691 2.36294055
-0.5070737 7.33750582 2.20309353
-0.51947212 7.32076359 2.15385032
-0.3896749 7.43763065 2.48560667
-0.39835304 7.38887691 2.33461571
-0.29692119 7.36972809 2.2533133
-0.37291765 7.36255836 2.2481823
-0.27551383 7.4025507 2.34879041
-0.37610117 7.39338684 2.34299397
0.03604761 7.51447773 2.52514434
-0.00995933 7.49855947 2.5039022
-0.17138517 7.43177938 2.39568663
-0.12049301 7.47085714 2.48536611
-0.00549304 7.42740583 2.28898096
-0.06278909 7.4072361 2.25973415
-0.13126707 7.38237143 2.22255087
0.15194362 7.53654385 2.52725482
-0.81643736 7.24419165 1.83844912
-0.65912437 7.222332 1.76624417
-0.59758711 7.21961784 1.76755774
-0.7888394 7.24503946 1.84949577
-0.56204033 7.24395037 1.91081715
-0.71629184 7.26466131 1.97215104
-0.49116567 7.20013952 1.77465999
-0.43334547 7.21344852 1.82718098
-0.26055786 7.31860113 2.10007024
-0.34766698 7.27246141 1.99117959
-0.50427735 7.30937147 2.11617708
-0.24984606 7.30136585 2.04445696
-0.09233683 7.3496666 2.10486412
-0.11129756 7.35493183 2.13067031
-0.19508654 7.26218081 1.89833272
-0.23651223 7.21848917 1.765149
-0.13498482 6.95532417 1.30228114
0.23566024 7.06656122 1.47077918
0.23025151 7.06443167 1.46663654
0.18306516 7.03143883 1.42436695
-0.04648531 6.92279625 1.28693616
0.43599325 7.06208611 1.57911336
-0.08969197 6.89657879 1.30242872
-0.04171905 6.91559601 1.34978545
0.22682551 7.00217819 1.51300704
0.43691584 7.0818305 1.64871812
0.34899032 7.07209492 1.60180795
2.25976062 6.73417234 4.05431461
2.31168604 6.65294075 4.05943203
2.26217389 6.73105335 4.06092453
2.39142561 6.5254817 4.04093027
2.17045116 6.87477398 4.05412245
2.70727658 6.04373264 4.1824193
2.53896856 6.326756 3.95277381
2.51945257 6.38263035 3.82581854
2.50586343 6.37440491 3.94252205
2.55433893 6.30738783 3.94554591
2.34336686 6.60956144 3.88666439
2.73213005 6.08311844 4.06167126
2.54703355 6.358881 3.81651306
2.72522736 6.22230864 3.78560495
2.75031257 6.22594166 3.72596097
2.74397159 6.20989275 3.77730155
2.6786797 6.22791958 3.86667371
2.6891489 6.26580286 3.75461793
2.74898362 6.2755599 3.61607385
2.75109744 6.26234055 3.64257765
2.80406094 6.25022697 3.59216547
2.78826785 6.32089853 3.45704865
2.84618044 6.30299997 3.41234398
2.95144057 6.42486525 2.99284101
2.90832782 6.39142418 3.12744212
2.94110179 6.36986637 3.12647462
1.87429559 7.30932331 3.99457717
2.01534963 7.0528574 3.9254961
1.99143279 7.09862185 3.93965292
1.77549088 7.42282724 3.972049
1.66039383 7.51266766 3.88998294
1.99864781 7.02770615 3.7943871
1.72412395 7.41070175 3.83785939
1.95510435 7.09794188 3.83182979
2.17318678 6.83016634 3.91474032
1.81094086 7.29263973 3.83395934
2.22263551 6.74437857 3.80559087
2.0935123 6.88590765 3.70431018
2.26647353 6.69916582 3.86993909
2.23511505 6.72578382 3.76345611
2.1444056 6.82925081 3.66475391
2.37827778 6.56625986 3.59423828
2.25076842 6.71764708 3.48442674
2.15107775 6.82737589 3.55846429
2.09140444 6.89339018 3.5966301
2.35489368 6.58912134 3.66490531
2.47815084 6.50436258 3.55442023
2.44929862 6.48948431 3.66022754
2.62856913 6.40280581 3.54159403
2.60590124 6.45028448 3.4467504
2.47052479 6.61050606 3.16909957
2.49413276 6.60066128 3.13845181
2.57823062 6.49955559 3.32104754
2.39085054 6.64140511 3.28280973
2.49717522 6.56234932 3.29817367
2.57310843 6.5566783 3.08474541
2.66064143 6.54478836 3.00218248
2.74285269 6.43751431 3.22963095
2.90933371 6.455091 2.98815894
2.67069364 6.53006744 3.03478885
2.65551043 6.4895792 3.17307663
2.81203341 6.52518511 2.8889966
2.8244791 6.54781294 2.78029585
2.94521213 6.5923481 2.3994472
2.96494889 6.54449368 2.594769
2.90778255 6.52135897 2.78466296
2.93553638 6.56047726 2.56219053
1.65932953 7.4682107 3.81930113
1.66348219 7.42709541 3.77369285
1.68401217 7.43246508 3.8071785
1.58541143 7.48011208 3.73750496
1.95632195 7.04859066 3.6864543
1.55287838 7.47652054 3.67073941
1.52892995 7.4652319 3.57591057
1.52826023 7.49002504 3.63719082
1.67743206 7.25287199 3.44498277
1.49361575 7.55061054 3.69585443
1.6156652 7.35241175 3.52798891
1.72327244 7.22483015 3.50007892
2.03321242 6.95264816 3.60305905
1.99864852 6.95059776 3.43327188
1.94574857 7.01716232 3.52531028
2.23358488 6.73547506 3.43091726
2.00395823 6.95040274 3.45677948
2.08072281 6.86133003 3.29696345
1.85332811 7.06618881 3.26132059
2.00666809 6.92363405 3.2368145
2.08360267 6.86255646 3.33945608
1.99926198 6.92671156 3.19609857
2.08375382 6.85763025 3.28677416
2.46993852 6.63243151 3.03547144
2.45529604 6.63801575 3.05749059
2.03187394 6.88791656 3.09120631
2.10212541 6.83425617 3.16879892
2.11698008 6.83981609 3.06991291
2.28402901 6.74582291 2.985147
2.39054894 6.6873765 2.89633465
2.07521987 6.86568451 3.05247927
2.35936046 6.70081234 2.9965601
2.05160713 6.87936354 3.05758333
2.3825829 6.69254732 2.88682413
2.72833419 6.61434746 2.60436034
2.6509974 6.63219166 2.62964416
2.70804596 6.59722042 2.71490479
2.76666307 6.60200167 2.60851645
2.73516798 6.62682152 2.53517675
2.73448563 6.63017273 2.52018237
2.63072419 6.64023829 2.62021923
2.62080383 6.66630173 2.46860504
2.83655381 6.62671995 2.2916429
2.45302892 6.70062876 2.53517723
2.56690621 6.6773324 2.4899385
2.68481398 6.65613508 2.38453031
2.55967927 6.67720556 2.52495503
1.46235919 7.50145435 3.54012012
1.30336452 7.7260704 3.67286348
1.26900756 7.64395428 3.51803637
1.39685512 7.59570456 3.59721231
1.16061175 7.71627188 3.49502349
1.1368767 7.72116423 3.47461414
1.55802321 7.34191704 3.42140603
1.18629861 7.66836548 3.45049334
1.42665255 7.4505825 3.41620207
1.1312629 7.71080065 3.44117975
1.66123521 7.25466871 3.4211638
1.19439411 7.62443495 3.36482286
1.51296198 7.28440237 3.17720127
1.69965518 7.19941568 3.33777332
1.73599052 7.16756201 3.31667542
1.56831825 7.25924015 3.22493839
1.53972816 7.29131842 3.26551652
1.8047086 7.00936031 2.87863207
1.80508041 7.03918266 3.02236915
1.52134836 7.25144386 3.06622696
1.74573576 7.09402418 3.08144164
1.86730015 6.99082994 3.00412536
1.76194715 7.02640772 2.81385994
1.95167172 6.92951345 2.99346232
2.12657022 6.8407402 2.94167852
1.93630016 6.93427134 2.85086584
1.95175362 6.92445564 2.75097394
2.03249431 6.88927794 3.00761938
1.99323905 6.90691662 2.90870237
2.22683239 6.78241634 2.64783263
2.03471613 6.85508156 2.45352125
1.94040382 6.91338539 2.57401609
1.8547647 6.96955061 2.71417856
2.0718298 6.83554935 2.43864608
1.95736587 6.89898491 2.51500821
2.48071766 6.70450354 2.38726449
2.59727478 6.6847229 2.24565482
2.29012227 6.75827932 2.34888768
2.27244043 6.76048374 2.38040185
2.41548467 6.72856808 2.30284619
2.39822912 6.71469545 2.53543377
2.45316124 6.7268157 2.19860721
2.56998372 6.69621468 2.10356712
2.4075501 6.73476887 2.1754775
2.18996596 6.7862196 2.26965594
2.42062569 6.71333694 1.9669342
2.57054591 6.68819427 2.0160675
2.31670451 6.75401688 2.19008946
1.20580113 7.51811838 3.20418572
1.17218852 7.64396191 3.36690497
1.08141291 7.72773123 3.40622616
1.25665522 7.51226282 3.24633217
1.32415295 7.43824863 3.19877219
1.21469331 7.52537489 3.22449303
1.06223416 7.49313211 2.96836925
1.24515367 7.40459156 3.03431129
0.97484517 7.60670185 3.09290481
1.09215975 7.52988911 3.09134769
1.29455137 7.41985321 3.13788295
1.25166643 7.37713051 2.98343658
1.5612762 7.16677856 2.87297988
1.26082385 7.33593893 2.88771296
1.55524528 7.20110416 2.95791769
1.3905462 7.26069164 2.87530112
1.48199081 7.22082186 2.90260196
1.24283838 7.29776239 2.74329448
1.48485553 7.1406517 2.66686249
1.50059891 7.13489056 2.67633581
1.65798521 7.07247257 2.75543118
1.45747292 7.12080097 2.55359745
1.38061762 7.20210123 2.67963266
1.79311013 6.95075607 2.42135668
1.69878805 7.038939 2.71965265
2.0057106 6.86910391 2.45359159
1.9509691 6.89147758 2.45340919
1.89240408 6.91499949 2.45072412
1.80089486 6.98732996 2.66057229
1.85964644 6.90828562 2.34730124
1.89724374 6.89897633 2.37062359
1.70946693 6.96276999 2.32768631
1.8280431 6.8695631 2.1298008
1.67147684 6.9813323 2.34304667
1.74839163 6.93723202 2.28423405
1.96141958 6.8376956 2.20947719
2.11553764 6.79299402 2.08367562
2.17389727 6.77365494 1.99014091
2.26455212 6.75202322 2.00486946
2.00400448 6.81681108 2.01234555
1.99068046 6.82428551 2.09190917
2.07261801 6.80996656 2.20479441
2.21986747 6.72054482 1.73446846
1.86209321 6.84422255 2.00466871
2.3083632 6.70663977 1.74898589
2.19003654 6.75461388 1.87281585
2.12065601 6.75941896 1.83171499
1.98600602 6.80629635 1.9350183
0.85847861 7.54372978 2.85942507
0.97582173 7.54237461 2.96307802
0.76965135 7.66500616 2.98755074
0.86133367 7.64810133 3.04131436
1.03994513 7.43503571 2.83658481
0.69865739 7.63509941 2.87205172
0.87558115 7.40501451 2.60449648
1.03519797 7.38524055 2.73130774
0.95863664 7.36145735 2.60128474
0.8117224 7.4901948 2.71448326
0.86704731 7.48120832 2.75400138
1.25769436 7.25016689 2.63985944
1.36297679 7.17670536 2.57199669
1.08764076 7.29329348 2.57045722
1.27452326 7.21620703 2.57635355
1.40236664 7.14080858 2.52666783
1.22309208 7.21160269 2.51353455
1.15295768 7.17327213 2.33801532
1.34022081 7.1207757 2.40963697
1.16593087 7.15968943 2.3170526
1.30531847 7.1204133 2.36984158
1.50294328 7.04963398 2.36442494
1.65592706 6.9405303 2.15994239
1.59371126 7.00391054 2.31029892
1.41408014 7.02370977 2.16754293
1.36891055 7.05724812 2.23260164
1.60723901 6.90645695 2.00161505
1.66171896 6.89961338 2.03439569
1.51079714 6.93195248 1.98393273
1.3938756 7.00757885 2.09732866
1.42708051 6.95194483 1.96213317
1.79339981 6.8384037 1.88083613
1.55097115 6.89221573 1.86095965
1.86767459 6.81161213 1.82671893
1.87187183 6.80273962 1.78066599
1.7857784 6.84203386 1.891541
1.75832629 6.83115196 1.79010308
1.666152 6.81765175 1.66488898
1.79214263 6.78723288 1.64582801
1.60928595 6.85978508 1.77469075
1.9068687 6.77261448 1.67507565
1.95668149 6.76651049 1.68864107
0.79379958 7.39995384 2.51487398
0.76005995 7.43888569 2.55888009
0.78345859 7.42638206 2.55569029
0.55965728 7.5146842 2.52721214
0.83887416 7.36594868 2.490031
0.58556497 7.32133532 2.18265939
0.69206697 7.3097868 2.25366235
0.81627786 7.25526094 2.24038744
0.79016328 7.27437258 2.26229119
1.11182117 7.14215851 2.21869349
0.87842149 7.23652315 2.24688292
1.02356923 7.204988 2.28886271
0.959405 7.13497686 2.08511782
0.84748721 7.18072653 2.10020614
0.99336016 7.12336493 2.08558011
1.2793138 7.01974106 2.02484465
1.19091463 7.07936096 2.11999917
1.04698038 7.06599045 1.9750942
1.02360284 7.09753323 2.04308701
1.17363524 7.00686407 1.91014445
0.87548178 7.08819151 1.90758002
1.04653227 7.00651264 1.81887662
1.17192745 6.99634218 1.88149881
1.20976162 6.93433857 1.72646236
1.58621967 6.81457663 1.59573746
1.29623199 6.92003489 1.74679649
1.40982401 6.9124589 1.81627643
1.27185833 6.93947268 1.79982078
1.215976 6.88328934 1.54521585
1.31562543 6.85661888 1.5288198
1.44124162 6.83430624 1.54826367
1.19399428 6.91237116 1.63112569
0.40756512 7.22108746 1.80171895
0.53719187 7.22667694 1.94065952
0.56142169 7.2699542 2.05426455
0.3984482 7.15153027 1.64842963
0.55674076 7.18676805 1.90148127
0.67407775 7.20813704 2.0313046
0.5768829 7.13137054 1.80439425
0.82612294 7.10837412 1.92496693
0.50479615 7.13237524 1.75767434
0.61336017 7.08709383 1.75048745
0.6201846 7.06288433 1.69966626
0.87289464 7.04905558 1.81128657
0.76908886 7.06904173 1.79989719
0.62758702 7.0515542 1.67375219
1.01558661 6.92536163 1.5361197
0.81649673 6.97848892 1.56452799
0.72258651 7.00211811 1.57281387
0.88937509 6.98989153 1.66439152
0.65684927 7.01666498 1.50010943
-0.28789726 6.89223623 1.19303226
-0.74756634 6.94937897 1.19669068
-0.26718444 6.93922758 1.23686445
-0.47782981 6.93599939 1.26125586
-0.44571763 6.92969847 1.26349652
-0.50226402 6.91460323 1.26660204
-0.40513027 6.87261915 1.23622692
-3.45559573 5.821733 2.23341084
-3.45655894 5.80743694 2.22309256
-3.45615602 5.91693544 2.31579089
-3.40813875 6.15072012 2.3899262
-3.53701973 5.85965347 2.41002917
-3.4433856 6.25615501 2.50378561
-3.59528208 5.73489618 2.42311335
-3.4241271 6.22392511 2.45643592
-3.41248584 6.29600763 2.48073173
-3.37626767 6.29223585 2.42354798
-3.36869264 6.27337217 2.40111732
-3.13804245 6.01140881 1.84581709
-3.14077449 6.00459003 1.83731246
-3.17828441 5.97448969 1.88682437
-3.13692307 6.0625701 1.91394806
-3.36358142 5.86715508 2.11125064
-3.40306091 5.87591934 2.18040037
-3.31925917 5.91980553 2.08440185
-3.18127418 6.30843019 2.2309339
-3.2049334 6.09640265 2.05488181
-3.17800856 6.07967186 1.99571598
-3.20384431 6.22205305 2.17954707
-3.26682901 6.14486599 2.20095372
-3.25051951 6.29906225 2.29755783
-3.21600842 6.57465506 2.39973974
-3.30159235 6.49534702 2.44131446
-3.26885629 6.22065544 2.27647853
-3.25489354 6.59119129 2.4442966
-3.14741039 6.47985268 2.28909063
-3.2874639 6.60968542 2.48388529
-3.16741562 6.76984072 2.46525478
-3.19446635 6.78583097 2.49544549
-3.09308696 6.51667023 2.26207709
-3.21936893 6.71735287 2.47543597
-3.08147049 6.81697512 2.42560363
-2.9964745 6.10161448 1.70775449
-2.88921547 6.09232521 1.44348025
-2.80241466 6.14531136 1.36774731
-2.8470912 6.18056631 1.54947937
-2.79092169 6.1418767 1.33386064
-2.83663607 6.09056473 1.32030892
-2.81203175 6.33507586 1.75500309
-2.95569301 6.38709879 1.99254382
-2.84754038 6.31339931 1.77939403
-2.86978173 6.34800625 1.84255838
-2.98890305 6.31439447 1.96324825
-2.88640213 6.30315828 1.81948709
-2.89589453 6.38037491 1.91036928
-3.02636981 6.45501518 2.15785074
-2.78114605 6.45502329 1.85430741
-2.81773686 6.50327253 1.95517528
-2.76242614 6.34519386 1.70463181
-2.88883209 6.52317142 2.06610107
-2.97734928 6.7196641 2.28984308
-2.87414455 6.69046545 2.19409227
-2.77383971 6.69632673 2.12067914
-2.84732938 6.74415541 2.20437551
-3.01298428 7.04490042 2.50374699
-3.05460405 6.50917912 2.22819519
-2.94391298 6.56070614 2.17303634
-2.90619063 6.95714951 2.37725401
-2.89605379 6.91796923 2.3435626
-2.93724751 7.10439682 2.49977064
-2.86441898 6.98844719 2.37510037
-2.91877174 7.01996422 2.4291296
-2.95789409 7.12306356 2.52504134
-2.55197835 6.14252615 0.91885436
-2.46891332 6.19684792 0.94100511
-2.64872384 6.12624979 1.05563557
-2.54903793 6.1434474 0.91617298
-2.46564794 6.13637161 0.72525775
-2.59693551 6.15930748 1.06664169
-2.70472479 6.24954081 1.43072307
-2.62161922 6.2724638 1.36191845
-2.69842863 6.12799978 1.14533329
-2.73625207 6.16350794 1.2810595
-2.61639094 6.17158556 1.12504399
-2.74267149 6.31252861 1.62908196
-2.52024698 6.40715885 1.48838854
-2.42155576 6.36399412 1.25172305
-2.4627459 6.35290289 1.29109859
-2.68426633 6.35341263 1.62562823
-2.52380133 6.2896986 1.25402701
-2.49668908 6.40201855 1.44243264
-2.50120521 6.43053722 1.5074321
-2.66293192 6.61168623 1.9085927
-2.64688134 6.65035725 1.93660736
-2.68652964 6.49853516 1.80281615
-2.54601669 6.58935785 1.76386511
-2.66343451 6.52434063 1.80889368
-2.70326304 6.49621916 1.81720722
-2.53677416 6.60657024 1.77640772
-2.51695466 6.77620411 1.97459078
-2.41395044 6.82065582 1.93397164
-2.6165669 6.74231672 2.02551007
-2.4128952 6.79474592 1.89983881
-2.5758059 6.75350428 2.00124717
-2.63828444 7.0882082 2.30598712
-2.69028401 6.96409607 2.25199628
-2.43866086 6.92045021 2.05561614
-2.70144582 6.97815561 2.26931953
-2.69747353 7.19763184 2.4226203
-2.70777273 6.89506435 2.21445155
-2.64109492 6.80742741 2.10837317
-2.40305042 7.20689297 2.28566217
-2.43789506 7.02810335 2.14583755
-2.50392699 7.12789679 2.26392889
-2.40314364 7.19963264 2.27936506
-2.4118166 7.05255985 2.15497994
-2.40771246 7.35251665 2.41502929
-2.14850783 6.15625381 0.40320283
-2.19936466 6.13634872 0.39088738
-2.33165431 6.23195028 0.86234808
-2.31818128 6.10032415 0.3979153
-2.38481808 6.09482813 0.45210493
-2.17616987 6.18688011 0.53812099
-2.34939718 6.26324463 0.96788043
-2.26814723 6.24599266 0.82416308
-2.24647999 6.24371815 0.79202002
-2.07579184 6.35593367 0.88466489
-2.2140913 6.2700963 0.82311392
-2.38516378 6.48318672 1.45067465
-2.28259325 6.3610568 1.10599089
-2.25998521 6.33962679 1.04110825
-2.20795918 6.41587496 1.14549601
-2.14295816 6.38828659 1.02769876
-2.34668684 6.48296261 1.4134872
-2.1700058 6.56314945 1.38870227
-2.11055374 6.56006384 1.32325375
-2.07774329 6.56482363 1.29926443
-2.34147954 6.49779558 1.43809855
-2.16573906 6.5389986 1.33909047
-2.20598125 6.5806632 1.45767438
-2.11600804 6.66094065 1.49751973
-2.3418777 6.5554862 1.53721893
-2.13998437 6.65159464 1.50409019
-2.33110094 6.83350229 1.883412
-2.3204546 6.81404305 1.8503902
-2.35485649 6.78417778 1.83883548
-2.02830195 6.87752485 1.73086572
-2.29406524 6.8568244 1.88796353
-2.23898196 6.90597582 1.917696
-2.03157425 6.82411003 1.65898347
-2.30097795 6.83428001 1.86149204
-2.37945604 7.13592052 2.21130085
-2.38556051 7.22400904 2.29168081
-2.20819354 7.12094879 2.10242343
-2.32044601 7.19946957 2.23381805
-2.280478 7.11425638 2.13700867
-2.29670572 7.12226248 2.15308022
-2.01172328 7.12671328 2.01975799
-2.04393625 7.31709528 2.22945809
-2.15002608 7.15809536 2.10617256
-2.2259264 7.31264257 2.29579663
-2.19657159 7.18931341 2.15664506
-2.02445889 6.23154926 0.49860984
-1.93933868 6.31632042 0.65892035
-2.03793359 6.33991671 0.79664093
-1.92979228 6.31026745 0.63557762
-1.89193273 6.27407265 0.51063991
-1.94355392 6.35451651 0.76356
-1.785272 6.43870735 0.84173226
-1.92923939 6.43077564 0.93684173
-1.81899571 6.40289021 0.78767437
-1.6291523 6.43192148 0.70400584
-1.73817492 6.52188635 0.98456109
-1.76632667 6.56726074 1.08734548
-2.02901053 6.52690268 1.18097484
-1.89600134 6.61191273 1.25407624
-1.71175134 6.54436636 1.0095185
-1.92065632 6.63012981 1.30357659
-1.80719864 6.69268656 1.33898354
-1.68510306 6.728333 1.3206861
-1.86599505 6.68790388 1.36984599
-1.65649486 6.62225628 1.11263251
-1.67892051 6.75607491 1.36525822
-1.95383632 6.90355968 1.72394419
-2.01338863 6.98904181 1.87567341
-2.01136231 6.67331886 1.4379288
-1.97628903 6.91987228 1.75914025
-1.77512383 6.85355759 1.55483615
-1.753021 7.01572704 1.78023398
-1.77514958 6.85249996 1.55330527
-1.72615695 6.97257185 1.70338118
-1.7091521 6.84504986 1.50842381
-2.00125742 7.01012659 1.8937391
-1.92104578 7.13356447 1.98381412
-2.00797796 7.10932207 1.99999475
-1.7710613 7.13001633 1.90875578
-1.91169035 7.17522144 2.02264094
-1.84523249 7.23746824 2.05568624
-1.69101322 7.25453854 2.02007771
-1.64447296 7.14434767 1.87499344
-1.7763052 7.31093693 2.11599803
-1.72660935 7.22219229 1.99484754
-1.628757 7.26463556 2.00992918
-1.48770952 6.48773718 0.73912501
-1.56910884 6.53930902 0.9084667
-1.57840264 6.40786219 0.6162495
-1.59398782 6.50901651 0.85574722
-1.38060701 6.50746012 0.71498954
-1.37650597 6.51455975 0.72845733
-1.25728512 6.65358686 0.96362698
-1.3705864 6.62886143 0.98088431
-1.44150138 6.57574034 0.90862149
-1.35754144 6.67185068 1.05747831
-1.47614861 6.68124199 1.13000476
-1.4998982 6.690341 1.15739512
-1.62408304 6.71603775 1.26161075
-1.62722707 6.59389114 1.04536498
-1.28966737 6.78153706 1.21957207
-1.33478165 6.80577278 1.28363633
-1.56633949 6.89094496 1.5085752
-1.56399405 6.80472469 1.38247442
-1.35687041 6.83741045 1.34436834
-1.44340837 6.91629982 1.49460149
-1.42882812 6.86242962 1.41039801
-1.32278311 6.97915983 1.53865421
-1.35365367 6.90398312 1.43983364
-1.26917255 6.97345304 1.50880575
-1.57346761 7.09688616 1.79238701
-1.30992723 7.03732204 1.61394107
-1.27521801 7.02621078 1.58659613
-1.56094372 7.18660879 1.89280379
-1.31638408 7.1934042 1.80343974
-1.37429357 7.17965889 1.80880022
-1.39900601 7.22815228 1.87700891
-0.88813609 6.83290672 1.09267318
-0.97734493 6.77280092 1.02659607
-1.03171229 6.72919035 0.97131491
-1.18096626 6.69261885 0.99837971
-0.8136276 6.8793993 1.1574409
-1.14695871 6.80448866 1.19786847
-1.22382176 6.83687973 1.28699911
-1.1901741 6.72500229 1.07515883
-0.8590349 6.8955574 1.25340307
-0.93338931 6.92762566 1.33134568
-1.09431183 6.94573116 1.40873897
-1.0392803 6.88677025 1.30506444
-0.84393632 6.96017885 1.33753085
-1.1014446 7.02788401 1.52004409
-1.12971056 7.14278698 1.67083967
-1.12703633 7.0760479 1.58860183
-0.89390659 7.0338769 1.44431448
0.16132194 5.43569088 0.11873507
-0.10898556 6.59299421 0.97474372
0.13392994 5.57490349 0.25363934
-0.10583913 6.59087801 0.99439669
0.17899714 5.37165165 0.11706962
-0.07756537 6.40726948 0.90237522
0.13431947 5.40371132 0.17349279
0.15203291 5.3828907 0.15456963
-0.16293427 6.70384645 1.13049889
-0.02166313 6.00331211 0.61524534
0.03393916 5.78566122 0.45777363
-0.23664251 6.84446383 1.22298372
0.06307438 5.54977608 0.23697299
-0.16873568 6.52989435 0.95491862
-0.2461676 6.86762571 1.23030448
0.08368038 5.4915123 0.17195091
-0.17363697 6.56125927 0.9696542
-0.11324822 6.36280584 0.80127907
-0.08233243 6.24896574 0.71142608
-0.04815124 6.1427803 0.63039893
-0.01083641 6.02209616 0.53870636
0.10718644 5.56331921 0.19714788
0.08347957 7.30797911 -0.01221438
-0.02136743 7.61104488 -0.15634191
0.03992116 7.47862673 -0.10389471
-0.15518931 8.36669731 -0.90904713
-0.24399853 8.35364819 -0.94140685
-0.30167359 8.35010529 -0.91419739
-0.41482466 8.35251331 -0.84967732
-0.03631559 8.31325817 -0.70990652
-0.16160525 8.3224287 -0.79891616
-0.24922326 8.30015182 -0.75937778
-0.38354298 8.28886223 -0.68195635
-0.46301895 8.27327061 -0.58429271
0.17280915 8.33834171 -0.61233085
-0.00453424 8.29057693 -0.66317737
-0.10801854 8.29290295 -0.70475787
-0.08346529 8.25492668 -0.63763899
-0.27652997 8.2518816 -0.64127064
-0.27887034 8.22492409 -0.59267402
-0.47266683 8.24443722 -0.52649039
0.22452793 8.22893715 -0.49696052
0.20291254 8.20661545 -0.48497117
-0.01413101 8.21595001 -0.56309158
-0.06519681 8.17175388 -0.52136588
-0.18422385 8.17332935 -0.53193676
-0.31154048 8.15769672 -0.49039894
-0.40281191 8.15208149 -0.44613999
0.1074914 8.10461044 -0.42997399
-0.07193084 8.09369373 -0.4399097
-0.1280368 8.04633617 -0.39453083
-0.40156022 8.06643772 -0.35566771
0.16973476 8.00240326 -0.34514722
0.13926895 8.00498199 -0.35103396
0.03080631 7.9936595 -0.35117823
-0.13606919 7.9489522 -0.31358197
-0.24218729 7.97409201 -0.32025516
-0.30208388 7.99252367 -0.32393065
0.1212524 7.85290289 -0.25186878
0.06562901 7.82042456 -0.23651993
0.05350143 7.84273624 -0.25165296
-0.2920092 7.8200388 -0.19771107
0.0215598 7.76511717 -0.20505391
-0.16700932 7.74916506 -0.1763127
-0.16120255 7.31832457 0.04314233
-0.1872389 7.304111 0.05454391
-0.30676955 7.28916311 0.06313714
-0.24663657 7.27259016 0.04899453
-0.36696827 7.2672677 0.03224629
-0.07332781 7.26803303 -0.02168569
0.02104932 7.29809999 -0.03422728
-0.14277808 7.32652473 -0.00353649
-1.46290612 7.46363783 -0.29480499
-1.59011042 7.16313028 -0.41768098
-1.57206273 7.1467762 -0.37904119
-1.55126452 7.09542465 -0.3028073
-1.48504174 6.99796438 -0.09504823
-1.44125736 7.45761251 -0.28093287
-1.36718893 7.51866436 -0.23120055
-1.46026933 7.28622341 -0.2936379
-1.42028081 7.31657505 -0.26185688
-1.47304046 7.19203615 -0.27689239
-1.48778808 7.05691195 -0.16841894
-1.34408653 7.5869236 -0.21421751
-1.35180056 7.42854214 -0.22596058
-1.34558368 7.41549921 -0.22148541
-1.28125811 7.41196918 -0.1784502
-1.35840619 7.167943 -0.13603184
-1.36608768 6.96132898 0.05607511
-1.26793134 7.04050255 0.02897373
-1.22123551 7.61465549 -0.1657005
-1.14935291 7.56770563 -0.13867328
-1.2040242 7.3769536 -0.12555987
-1.24198484 7.15993929 -0.04722361
-1.24781239 7.11778164 -0.0260745
-1.24339902 7.0140729 0.06725838
-1.10610199 7.69979239 -0.13731815
-1.05002952 7.54239178 -0.10517089
-1.06808734 7.48396635 -0.0991101
-1.03938222 7.40890217 -0.06710861
-1.03201795 7.27499962 -0.01500276
-1.03319514 7.23853827 0.00277742
-1.12992394 7.0325222 0.09525167
-0.96127009 7.62213659 -0.09603951
-0.96162111 7.40531445 -0.0439773
-0.86964059 7.31012869 0.00814885
-0.81461674 7.570086 -0.06073831
-0.75634021 7.42321825 -0.01677129
-0.74711508 7.24379301 0.05241209
-0.83533657 7.06349277 0.13619755
-0.58102113 7.35770559 0.03219363
-0.70676821 7.34820318 0.01463239
0.3848162 7.41714001 -0.05374977
0.24675916 7.37039804 -0.06490443
0.07810974 7.28514385 -0.04389081
0.05949436 7.24794865 -0.00926859
1.3066572 7.32650948 -0.5303551
1.18666339 7.72816896 -0.68529427
1.29082882 7.27358961 -0.41589564
1.2506367 7.36731005 -0.53053021
1.13909018 7.68217897 -0.60815001
1.08189034 7.86123323 -0.55701905
1.20192766 7.27087831 -0.33988321
1.1664623 7.28657436 -0.32723451
1.12986088 7.51871681 -0.52806073
1.02236724 7.70159864 -0.48820928
0.97356373 7.8625164 -0.46657625
1.14575505 7.18903255 -0.20183504
1.10660088 7.32838154 -0.32966268
1.07052279 7.45268011 -0.40298122
0.97431338 7.47964191 -0.34717256
0.95190561 7.6330986 -0.4038046
0.91588944 7.76205873 -0.41154653
0.89134133 7.85733843 -0.41174206
0.9965446 7.21740246 -0.1625462
1.00179696 7.34221792 -0.26417226
0.8587563 7.47165918 -0.26975459
0.87038291 7.67309856 -0.36535203
0.83319247 7.79867935 -0.36937606
0.77959114 7.80519009 -0.34298632
0.92384946 7.20696926 -0.12211181
0.8481434 7.27066803 -0.14317
0.79790479 7.35622406 -0.17616455
0.7050963 7.68779993 -0.28123039
0.64634013 7.69760227 -0.26010507
0.6527456 7.26950359 -0.07560622
0.73245466 7.38033676 -0.16333067
0.6558398 7.39173079 -0.14588958
0.69137764 7.49215508 -0.20366025
0.6410979 7.62430334 -0.23708583
0.50411612 7.32718277 -0.05938479
0.12987909 1.0690341 0.00903091
0.13653535 1.16499174 0.01305638
0.15181307 1.35052609 0.01526196
0.08432537 0.76129717 0.03244868
0.03734069 0.39181435 0.03869408
0.07429516 0.8939054 0.03833875
0.00025155 0.10759419 0.03609849
0.08185263 1.13849688 0.03245761
-0.0036159 0.38493073 0.00693819
0.08600459 1.38795686 0.01141954
0.0039794 0.46715969 0.00788039
-0.0294622 0.08063358 -0.00868896
0.09961716 1.47251832 -0.02582813
0.05108001 0.84303933 -0.03036602
0.11387537 1.58145523 -0.02961251
0.09528252 1.07376611 -0.0394236
0.15045542 1.48156941 -0.03111847
0.13742793 1.44248033 -0.03521067
0.07244279 0.49801388 -0.02637067
0.11656998 0.9348439 -0.01266917
0.12499929 2.16420221 -0.011772
0.1186303 1.87987113 -0.02496296
0.1394442 2.1930778 -0.03028613
0.15924935 2.59562325 -0.03259429
0.17787914 2.5684998 -0.03834506
0.20801464 2.75138426 -0.03112719
0.22462784 3.22935343 -0.03150729
0.1903988 2.19157243 -0.02526139
0.19098552 1.96669292 -0.00729984
0.17657474 1.67442298 0.01520934
0.20322946 2.40757847 0.01750262