0.19841190 1.62513745 0.01086126
0.14143948 1.57293534 -0.01636799
0.13723242 1.49572885 0.00794159
0.15920162 1.50733709 -0.00155996
0.15369998 1.51750195 -0.00517610
0.15666699 1.57367945 -0.00020062
0.11469711 1.43815506 0.01355171
0.14966145 1.51475298 -0.01868076
0.18023656 1.63388264 -0.01469421
-1.34084034 2.91970491 -0.04439509
0.13951439 1.52173603 -0.00471454
0.15677746 1.51374888 -0.00232247
0.16162486 1.55536735 -0.00938073
0.15259802 1.40819931 -0.00782856
0.11656661 1.35602450 -0.00650154
0.15838960 1.58996773 -0.00293282
0.13485421 1.67554975 -0.01834779
0.15047878 1.52271652 -0.02216535
0.10838786 1.54631674 -0.02320559
0.15024364 1.78289783 -0.00896402
0.13094115 1.46690154 0.01705579
0.16649933 1.50736606 -0.01270148
0.13916373 1.67804325 -0.02763677
0.16141544 1.48998868 -0.00804075
0.16215011 1.53368402 -0.00525908
0.13986129 1.49634206 -0.02140664
0.16259408 1.59059596 -0.00621518
0.17385162 1.72306085 -0.02491227
0.15153950 1.72810543 -0.01925798
0.10673963 1.29102123 0.00805688
2.36972332 5.70861721 -0.68035275
0.16287918 1.58932853 0.01473100
0.14475131 1.75014508 -0.02667873
0.16373086 1.48889673 -0.00468965
0.17680827 1.74828029 -0.02986291
0.13515879 1.38643193 -0.01322265
0.10490142 0.94507289 -0.02231280
1.46661139 5.09537840 -1.47919357
0.16887598 1.61831605 -0.00149358
1.64186645 6.53466845 0.78415346
0.16368201 1.51267278 0.00081652
0.11482166 1.44375062 -0.00282257
0.24200282 3.29376531 0.02475808
0.17011113 1.56551790 -0.02284043
0.13059691 1.42265928 -0.00049732
0.11252567 1.32388639 -0.01257257
0.17477970 2.30720973 0.00739967
0.16002299 1.54249549 -0.01806249
1.69262838 5.10950327 1.11381602
0.13336034 1.53505647 -0.00485124
0.13701063 1.41836274 0.00909364
0.11637402 1.34633756 -0.00397565
0.15215150 1.52930808 -0.00708347
0.14222851 1.66032326 -0.00373516
0.12657104 1.50194001 -0.00215405
4.01526833 6.05594349 -0.09871592
0.13607869 1.36280417 -0.00150589
0.15491420 1.61771119 -0.01122988
0.16992593 1.56183958 -0.00383470
2.09830475 4.91975546 1.97125936
0.15087256 1.56053424 0.00082060
0.16514061 1.56597531 -0.02010438
0.12130900 1.12097275 -0.00325664
0.16941606 1.56921053 -0.00921221
0.16269994 1.51118088 0.01142543
0.16404758 1.50139868 0.00890479
2.55406117 5.77583885 0.57093936
0.12525691 1.41935813 -0.01215711
0.78826481 6.61953926 0.81149542
0.10525770 1.26133907 -0.01582699
0.15390286 1.58721447 0.01008582
0.17099258 1.50107002 0.00067606
0.17674114 1.49737310 -0.01755169
0.15880196 1.61978340 -0.00758135
0.15444429 1.56656826 -0.02316731
0.15304933 1.50325322 -0.00439594
0.16068791 1.45665717 -0.02576450
0.16258353 1.54508674 -0.00305120
0.18152708 1.83727741 -0.02844174
0.15852250 1.60180867 -0.01275543
0.20161782 1.77226472 -0.01264116
0.58163351 4.02921772 -0.01304725
0.18028693 1.56949067 -0.00690870
1.18801403 4.92382860 -0.04344815
0.16627309 1.54001641 -0.00433556
0.17043415 1.64666688 0.00056436
-0.97054088 2.76585293 0.47620851
0.15190206 1.58426452 -0.00311467
0.17977007 1.49172962 -0.02573225
0.17833497 1.64735913 -0.01130182
0.13392404 1.63930929 -0.01757866
0.16122390 1.50970232 -0.00968747
2.03171325 5.17460251 -2.43168759
0.14858724 1.72353196 0.01027464
0.15940835 1.56102860 -0.01957176
0.15483811 1.53716636 -0.02142655
0.14983597 1.48252702 -0.00349520
0.15882707 1.48823941 0.01761480
0.12955633 1.48761845 -0.01611339
0.14602439 1.52579832 -0.01074850
0.15531640 1.50436711 -0.01056418
0.09211002 0.75775534 0.01266821
0.14954470 1.54954422 -0.00771903
0.16575952 1.51994109 -0.00045572
0.15423343 1.64223850 -0.00413070
0.10340633 1.30034184 -0.02534008
0.14321303 1.67398787 -0.01654454
0.17074411 1.50667071 -0.01534802
0.15841496 1.49085951 0.00779735
-2.30166841 3.00722313 -1.00410223
0.14874713 1.52271283 0.01738253
0.11990970 1.45236290 -0.00992108
0.13866901 1.52641809 -0.00439730
0.16421667 1.53172398 -0.00506364
0.15930019 1.59478176 -0.01685391
0.13286136 1.40563464 0.00475956
0.14907962 1.51093340 0.01983381
0.17598744 1.70010412 -0.01261875
0.16538489 1.50111413 -0.00075974
0.13424237 1.32956982 -0.02105127
0.11839167 1.69558418 -0.03307069
0.12034637 1.40144718 -0.00247946
0.16781646 1.49812365 0.01565530
-2.56769323 3.18278456 0.55805588
0.16549762 1.48263764 -0.00384340
0.17254490 1.53213990 -0.01814033
0.14365792 1.65945673 -0.02691926
0.11772698 1.45896232 -0.01070666
0.16896474 1.47968268 -0.01527994
0.16195299 1.56440473 -0.00600479
0.13799398 1.43184638 -0.01338127
0.16672455 1.55881464 0.00188550
0.16996890 1.66195595 -0.02414341
2.89373755 5.96860838 0.70568275
0.14312874 1.55609930 -0.00651297
0.13130796 1.38429499 0.00684975
2.37496185 6.48296738 1.57332385
0.12687548 1.41835451 -0.01159218
0.17276652 1.51138616 -0.00143086
0.16102023 1.52065921 -0.01367362
1.82767761 5.33133125 -0.05392449
0.14493446 1.58103919 -0.00736091
0.14566506 1.86279511 -0.02413082
0.16937152 1.48150456 -0.01654872
0.13035832 1.41029263 -0.00046433
0.10959136 1.45238352 -0.00966265
0.15155181 1.64967835 -0.03154800
0.02725361 0.43825901 0.01408068
0.13958973 1.74913120 -0.00401737
0.16081321 1.63394940 0.00252148
0.12306744 1.70220649 -0.02997441
0.13117902 1.41534185 0.02143668
0.08770989 0.74479157 -0.02161431
0.13687460 1.44895709 0.00013892
0.17383581 1.57370746 -0.02136833
0.10267748 0.71099961 0.00779027
0.13627423 1.39973021 -0.00261500
0.15178151 1.49374223 0.00159742
0.15235382 1.51126015 -0.01979232
0.12003497 1.31725037 -0.00716250
0.16814646 1.63262486 0.00882690
0.13125873 1.38217163 0.00148539
0.14838399 1.56078434 -0.00126756
0.17127374 1.60308146 -0.01335404
0.15933634 1.92444539 -0.01298982
0.01032684 0.31373069 0.02900543
0.12263206 1.72493064 -0.01154757
0.14337003 1.56550169 -0.00579333
-1.89700627 2.59070182 2.22442460
0.15993845 1.53399479 0.00384762
0.14475445 1.97563946 -0.01520446
0.15567744 1.77373874 -0.02097762
0.16303721 1.64683616 -0.02152902
3.18541288 5.91586018 -0.71390688
0.17560880 1.49891937 -0.01766353
0.16070554 1.49167049 0.01332182
0.14129402 1.46834826 -0.00239982
0.14629658 1.68770409 -0.00690720
0.13721021 1.49621952 -0.01261645
0.14782222 1.58720219 0.00199660
0.12836312 1.40170979 -0.00442717
0.12930048 1.51030803 -0.00451576
0.15196092 1.58256316 -0.01906859
0.12070162 1.19959128 -0.01630294
0.15406610 1.61803758 -0.02226027
0.16099580 1.66765404 -0.00665830
0.14943816 1.67152560 -0.02427426
0.14138609 1.55431819 -0.00318012
0.16220768 1.53475523 -0.01053051
0.13974224 1.86790466 0.03169995
0.15527098 1.47791636 -0.00477346
0.14258656 1.52349508 0.00513912
0.13621810 1.41038954 -0.00879643
0.13358991 1.38074946 -0.00261653
0.11608844 1.75078285 0.01748130
0.16040868 1.50029433 -0.01315253
0.15778621 1.47008646 -0.00409868
0.14987956 1.56162703 -0.01315221
0.15186353 1.48522854 -0.01770755
0.10869119 1.13947701 -0.01837127
0.19949749 1.84101582 -0.03240628
0.16342074 1.51849687 -0.00233836
0.13805036 1.49335349 -0.00609053
0.08751288 0.96081746 -0.01379335
0.10055153 1.15722191 -0.00276766
0.16708612 1.67942619 -0.02446111
0.13491124 1.33261800 -0.00140052
0.15655759 1.58405077 -0.01423824
0.14907099 1.51343668 -0.04275200
0.13905422 1.50034225 0.00406764
-3.16058731 3.02236319 -0.24144822
0.15539040 1.47090578 0.01614746
0.15785588 1.50590384 -0.02428843
0.16506873 1.52561104 -0.01724477
0.15155171 1.52751184 0.00784021
0.11821812 1.43207085 0.00179770
0.16982086 1.91067839 -0.01051568
0.14910157 1.55015635 -0.01092643
0.17246130 1.52089989 -0.01594278
0.13003968 1.52496588 -0.01767926
0.12458096 1.29273868 -0.00696581
3.21032977 5.64148760 1.71095002
0.13491903 1.71684432 -0.00664806
0.15837434 1.49096322 0.02194480
-3.59834814 5.60699177 2.33213568
1.89961255 3.50479102 -3.81340384
2.76014900 3.53253722 3.21942472
0.89134133 7.85733843 -0.41174206
-0.02946220 0.08063358 -0.00868896
-3.03575754 2.87399936 -2.69307280
-2.53670359 1.26854670 3.74399495
-0.04119211 7.91079044 4.09506083
0.63898975 3.98604131 -0.06476648
-5.16438723 2.54096389 0.32230514
-1.96918070 3.04837203 1.31484628
2.50586343 6.37440491 3.94252205
-1.10144460 7.02788401 1.52004409
-0.72965807 2.53367972 -1.73044789
1.99777305 5.36107826 -2.12916493
0.73300683 3.89121699 2.20976424
-3.05824828 3.28125381 -0.55293441
-2.16705871 7.58397913 3.27174258
-2.62531638 6.00313520 0.46072432
0.81627786 7.25526094 2.24038744
0.48452762 4.04390478 -2.40113091
-0.84859568 2.36384869 2.80107379
0.19098552 1.96669292 -0.00729984
-1.58290625 1.78825939 -3.23550296
-1.44125736 7.45761251 -0.28093287
-1.44800246 6.95899534 4.89337587
-2.97009993 2.80782771 2.83646631
-3.70778275 3.46570802 1.21140110
-0.04815124 6.14278030 0.63039893
-1.37115455 2.92898083 -0.28121784
-2.57580590 6.75350428 2.00124717
1.49361575 7.55061054 3.69585443
-0.41482466 8.35251331 -0.84967732
-0.67246711 7.50060081 2.85761380
-4.43401670 3.13737822 -0.86876380
-2.08617449 2.96124721 -1.50155246
2.14938092 4.73532629 -3.33658290
-0.18723890 7.30411100 0.05454391
0.80701792 4.45937920 -1.20627213
-2.76614308 1.59647202 -3.34652019
1.60169780 3.70365000 2.94738984
-1.92860842 2.06114578 3.17267156
-0.87955391 2.65281057 1.69949865
-1.57840264 6.40786219 0.61624950
-4.00064564 3.14450121 0.17199175
-2.70891261 3.27286673 0.51777077
-1.24002337 7.39709187 3.90148425
-2.05451107 2.40918517 -2.48462415
1.43958926 4.52796984 -2.55790496
0.74451393 3.71568894 -3.37351251
0.18306516 7.03143883 1.42436695
-1.86654949 2.63713026 2.30376911
-2.79521918 3.25750804 1.88602090
-1.63770986 7.41064072 2.30166245
-3.18482733 5.80119991 1.29175615
-0.81657004 2.24543548 -2.67597175
-0.67187655 2.29344916 -0.02847178
0.23498437 7.79493237 3.22247648
-4.59930706 3.15168214 0.86362404
0.12987909 1.06903410 0.00903091
-3.30159235 6.49534702 2.44131446
-1.39545262 2.96338344 0.65169287
-2.20694566 3.20238543 -0.31283310
-0.73295307 7.40410328 4.69411993
-2.07774329 6.56482363 1.29926443
-1.30993772 2.79355478 -1.15095782
1.48199081 7.22082186 2.90260196
-0.06278909 7.40723610 2.25973415
0.17149305 3.27094889 0.01006632
-2.78714228 2.13818550 3.28995132
1.34789336 4.78439856 -1.72733939
2.03321242 6.95264816 3.60305905
-1.48383749 2.60369015 -1.91614425
-3.55777407 3.39200974 -1.13736749
-4.94827890 2.70220590 -0.40565783
-1.20567119 2.03337526 3.43696451
-2.75713968 3.22949386 -1.76334417
0.03080631 7.99365950 -0.35117823
-1.37217379 7.48115015 3.15951991
-2.40771246 7.35251665 2.41502929
-0.51337826 7.61566687 3.57377267
1.40831900 3.99449420 -3.21831870
-0.78096092 7.30326605 2.10039377
-3.43173242 3.28826833 0.56534684
-0.83533657 7.06349277 0.13619755
-2.61639094 6.17158556 1.12504399
0.85847861 7.54372978 2.85942507
-0.47782981 6.93599939 1.26125586
-1.82128024 7.29165459 4.23727322
-2.43049622 2.08080149 -2.94330859
-3.13692307 6.06257010 1.91394806
2.05175495 5.12481213 -2.79235172
-3.83414364 3.19944763 -0.47340137
0.88318485 4.36416197 -1.95328760
-1.75302100 7.01572704 1.78023398
-2.04290080 3.19072676 0.32844678
2.28385639 3.86033225 2.90966845
-4.59745407 2.90108967 0.25235862
-2.55062580 2.81439328 -2.26826429
2.10065317 4.07876587 -3.59912395
-1.36345017 2.84082985 1.29524827
-3.04552913 3.39601898 1.06174743
-2.25727773 2.44198632 2.78769827
0.15924935 2.59562325 -0.03259429
-1.03171229 6.72919035 0.97131491
-1.43920946 2.19146085 -2.67343569
-3.01298428 7.04490042 2.50374699
0.97773540 4.09094477 -2.77713180
-1.14515293 2.54987168 2.24056411
-2.10914516 3.16331100 -0.92909706
-3.40790653 3.23735857 -0.04714780
-1.76965034 1.68185592 3.61415792
-2.56696296 2.91570067 2.31940365
0.38481620 7.41714001 -0.05374977
-2.93305707 2.36002445 -3.01213050
-0.10583913 6.59087801 0.99439669
1.07512641 3.76659393 2.74125028
-0.56773978 7.59383535 4.13844728
-0.23651223 7.21848917 1.76514900
-2.30010843 1.72173846 3.45469379
-2.08977509 1.57521236 -3.30658984
-4.03446102 3.25474143 0.71225333
-3.44848776 5.59521532 1.73104835
-1.46900177 2.39749479 2.65803981
-1.36608768 6.96132898 0.05607511
-0.81461674 7.57008600 -0.06073831
-1.56648159 2.75003767 1.86458671
-1.87333930 7.52033997 2.81938672
-2.31118059 3.02169847 1.82671154
1.87429559 7.30932331 3.99457717
-1.19504523 7.21496439 4.48841047
-2.05837560 7.48892307 3.79146934
-2.74267149 6.31252861 1.62908196
0.06091624 7.59468555 2.74664116
1.08141291 7.72773123 3.40622616
-2.69430017 3.23755622 -0.01273732
1.71767843 4.94107485 -2.29466128
-2.60926318 3.29956150 -0.84147841
-1.98726749 2.70298147 -2.01735926
-2.21409130 6.27009630 0.82311392
-4.48960876 2.93733764 -0.24431749
-1.12968588 7.43853569 2.64862180
-1.49989820 6.69034100 1.15739512
0.49456677 3.86129999 -2.96055746
-1.86466849 2.03745270 -2.89238667
-1.02981889 2.44034195 -2.12268114
-1.12977087 2.03505254 -3.03400159
-2.98968458 5.89273214 0.85053611
1.69965518 7.19941568 3.33777332
-4.24080992 3.39244509 1.13079703
-3.06211782 3.36345959 -1.03023005
-3.00152683 3.18807316 2.31690240
-1.06925690 2.72253370 0.03095094
1.45494175 3.57843328 -3.64879227
-0.94217491 7.50099039 3.39391804
-4.02349234 3.31377172 -1.05992007
0.40756512 7.22108746 1.80171895
2.17045116 6.87477398 4.05412245
-1.58020020 2.97480965 -0.70806307
1.72742593 4.51368523 -2.93619204
-2.49827480 2.48139405 -2.61328387
-2.98235416 3.12742400 -2.30437493
-2.44109726 3.22168326 -1.26810277
-0.09696215 7.80535173 3.64290857
-0.26811227 1.91014767 -0.00483717
-1.72713542 3.05865788 0.01845891
-0.90362298 2.66687965 -1.32369173
-1.60251558 7.43395996 3.62723398
2.70727658 6.04373264 4.18241930
0.17280915 8.33834171 -0.61233085
-1.23241603 7.31828690 2.04600668
-1.66089427 2.80200171 -1.49433804
-1.21878803 2.24320292 3.03112507
-2.19936466 6.13634872 0.39088738
-1.01927149 7.14039850 4.92153072
-0.40281191 8.15208149 -0.44613999
-4.94488573 2.80936575 0.60878080
-2.94391298 6.56070614 2.17303634
0.55965728 7.51468420 2.52721214
-2.15002608 7.15809536 2.10617256
-5.29274654 2.35511303 -0.06276306
-2.67296648 2.46503162 2.94166541
0.49608564 4.15578938 -1.90034366
-2.35629845 2.11722159 3.13845062
1.05177641 4.35499573 -2.35035300
0.07244279 0.49801388 -0.02637067
-2.70672774 1.61861467 3.56169653
1.85015857 4.27152586 -3.26664567
1.02340662 4.54814386 -1.56344950
0.41535735 3.63017726 0.00953136
1.40135360 3.93583179 2.53316116
-0.19266492 7.67321253 3.25812292
2.37827778 6.56625986 3.59423828
0.15045542 1.48156941 -0.03111847
-1.91206539 2.91046953 1.70273948
-3.51109648 3.28858256 -0.71589881
-1.21090722 2.64367342 -1.60844135
-0.02136743 7.61104488 -0.15634191
-1.86920714 2.32863474 2.83807659
1.77778661 3.85696125 -3.50120401
-2.44417953 1.36584795 -3.41190457
-0.44882888 7.39343691 2.36294055
2.66637492 3.88325310 3.05386090
-0.94101036 7.43174505 4.15486336
1.21992254 4.57300949 -2.07165027
-1.79228592 2.97790217 -1.05262887
-0.47374085 7.63501453 4.52273846
-2.38799930 3.02821755 -1.72769523
-1.54973185 2.07130980 3.21857190
1.09063947 3.61050248 -3.54086614
1.04930007 3.91833949 -3.12169647
-2.25155306 2.72230244 2.40234566
-1.55126452 7.09542465 -0.30280730
2.11047316 5.38311005 -2.48863530
0.64109790 7.62430334 -0.23708583
-4.70228767 2.92616582 -0.58197308
-2.70756388 1.92887223 -3.14455223
-2.90366960 6.04210281 1.34727013
-1.67663717 3.07395148 0.87193304
-1.68862414 2.37700295 -2.41595578
-3.66330218 3.35849118 0.84936327
-2.70144582 6.97815561 2.26931953
-0.60920370 7.56827879 3.21635938
-0.85903490 6.89555740 1.25340307
